#timestamp_kf,x,y,z,qw,qx,qy,qz
1578862329679394100,0.0002080403145166939867,5.3348985714105389485e-05,-0.00026237180600503009218,0.090254553541814136475,-0.18234791649200063346,0.97908257465232961803,0.00081543127205812074819
1578862329910856399,0.0069137977603970805426,-0.0025788511476820871055,-0.00084067289152351635118,0.08136202829963282146,-0.17809895618924082017,0.98062347995775223097,0.0062106932640868892787
1578862330174051300,0.01400197881889731627,-0.0065425332717702960536,0.0043180810021447588523,0.07915349194555691692,-0.17345118598322248338,0.98156722857990863496,0.013235806427857906356
1578862330403647149,0.014811941199763796126,-0.0079688296021177811718,0.0051394402700896428191,0.077309309228588363183,-0.17110333290756973845,0.98204382433185877233,0.018353399308504596277
1578862330635109299,0.015985919653810323066,-0.007740779138263714429,0.0041115692940935323271,0.073431636169938196979,-0.17129963627818578509,0.98220507867412676362,0.023182166575189705471
1578862330866571700,0.013744422404859991949,-0.0073490081174210934375,-0.00099721239159505340073,0.068813135093512500795,-0.16999064400682889486,0.98268848309368250771,0.026292177235501111576
1578862331096167699,-0.001629552646181503528,-0.010462320710284987724,0.0089382854273395810629,0.068206734142173694457,-0.17083341261274911926,0.98251462928519639473,0.028788709476361831058
1578862331327630049,-0.010356091504101969797,-0.019345601075288230974,0.010474387334667101257,0.063330650477578964708,-0.16569513735055324544,0.98375660475742876532,0.027518952825358156122
1578862331557225799,-0.015418827361256779232,-0.031382717911751754902,0.010317548835550032979,0.058417023609401354245,-0.16004230486689469126,0.98502311248826435186,0.026521309723372261252
1578862331820420749,-0.01860918229537891419,-0.035764246730334674218,0.0087483332858754349337,0.053069659743174693589,-0.1598328609483435081,0.98533795493560227818,0.027316338318602067375
1578862332051883049,-0.012481921092417764402,-0.031740703601964147251,-0.0097250247556351903516,0.045216929894531174283,-0.16307153656964604171,0.98527050833957763309,0.024599361942901565997
1578862332281478699,-0.0056124861798854943848,-0.031240111204244795651,-0.011529963913342969675,0.039726500961524024991,-0.16337135777875727571,0.98551575863239460062,0.022142584900933643538
1578862332512940949,-0.0094452684454299391803,-0.026303373247734396917,-0.0075027793678932221816,0.033381702615409937496,-0.16623104161268528745,0.98536496345917312656,0.017572464880051354152
1578862332776136149,-0.028410772715195532073,-0.04018722594129449377,-0.0065068558472116590913,0.030465009646933126353,-0.16011723394142901578,0.9865654284606383273,0.01109098500742733244
1578862333072930599,-0.042855962488559364021,-0.047694000117522478144,-0.010858376558308626206,0.027272791779008691976,-0.15689621574277562432,0.98721887315776546412,0.0062184238587095104489
1578862333302526499,-0.051288128869992351266,-0.054984690018405391054,-0.019137290130508102098,0.02535623402836970075,-0.15396957119019358262,0.98773844082150330514,0.0048171637829117668408
1578862333533988649,-0.052996532505566538995,-0.050173394873837463825,-0.010808200946681065582,0.028185183853618244604,-0.15511061567148817786,0.98747195080708538573,0.0067408223828974104391
1578862333765450999,-0.063359520608303798728,-0.048115780269883147435,0.0033200232718980878834,0.032356947792142799758,-0.15605014774215988926,0.9871949431439555056,0.0068937326774574873151
1578862333995046699,-0.05959059970790411831,-0.047264930244118756597,-0.016813800655939799278,0.036855076094401514886,-0.15306728468970104418,0.98751676543428545951,0.0047694559441808200353
1578862334258241699,-0.030564634054288223469,-0.019183488385741315901,-0.017196859266240201863,0.039403844363374268545,-0.15956060081854450683,0.98639494459788901182,0.0035728122730375277798
1578862334489704149,-0.060170020669947310576,-0.040742011073936511278,-0.0036333413680098938271,0.043964076442039597137,-0.15485628126595171739,0.98695802769650120556,-0.00073736050218497443259
1578862334719299999,-0.092910409711701641422,-0.053016488406855702409,0.018982492007202169532,0.047365282773401504168,-0.15702235510986059519,0.9864366889433356933,-0.006570288430225531065
1578862334950762199,-0.093241190207702689952,-0.059287235157307181799,0.027014589004074274214,0.05224813430622970295,-0.15806617299142169952,0.98598328445729799263,-0.011053514742480030977
1578862335180364299,-0.10605557487036665343,-0.049958031941986932867,0.038365172136507474931,0.057670603517703637741,-0.16343360812391588555,0.98480198803659280138,-0.011340263871494310477
1578862335411820149,-0.11470310086089653689,-0.047881132820801121375,0.051421453101251235474,0.063320255707576059145,-0.16755908272571551354,0.98376495271330754999,-0.011000764801893060316
1578862335641415850,-0.15376372577644054074,-0.034788474267396854445,0.05731123994551011458,0.068026284295615441211,-0.17297613074755771589,0.98249423035974292606,-0.012520788567455460802
1578862335872878199,-0.14682447630847425546,-0.035475460359739745264,0.057051687190287941887,0.072888350845676810885,-0.17436501407102214523,0.98184824194617104087,-0.016067357163568780909
1578862336136076299,-0.14015703528741307871,-0.048378637336842403305,0.066530631222033731476,0.079142817952153859951,-0.17615351603119117074,0.98095856635817890723,-0.020655368429207426884
1578862336432868099,-0.11571921661047593344,-0.050537824946959526706,0.080443213498408161488,0.084082408174287553981,-0.18131921010492382806,0.97950607252013832671,-0.024926824481104600806
1578862336696062849,-0.078679276092832692302,-0.063617672560874527488,0.096620705833108333493,0.0855224509646564518,-0.18347752313799442492,0.97888440646430252556,-0.028411752236952688561
1578862336992857450,-0.014137459617074091267,-0.093509243047990256437,0.1121796762537133757,0.083441710691966472502,-0.18188249520348939714,0.97942023802701783097,-0.02631038195179991393
1578862337222453199,0.035247138897920055056,-0.11247160709235358433,0.12631236405730883465,0.081115655799119015801,-0.17928100882640882197,0.98008509786293951382,-0.026679040564753144643
1578862337453915200,0.027000671443212557327,-0.14075751274582884442,0.15552009659767640493,0.080858509765786582002,-0.17622964324456089069,0.98063594115375884996,-0.027534799033802365847
1578862337685377750,0.048459328427274905859,-0.17411373509971556084,0.1834567139920482981,0.079013721847714407653,-0.17045389562794546756,0.98188828905667535629,-0.024447679611443395853
1578862337914973299,0.081134035291152317715,-0.15923511748281421463,0.18826038837041561558,0.074603325104479589758,-0.1698219435119309173,0.98241165725317014523,-0.021498536654041711796
1578862338146435750,0.15326923932833633191,-0.20536849349121208408,0.21729962110689490795,0.074434557776591692146,-0.15969095814060213501,0.98417698177223500444,-0.018813905666633129465
1578862338376031649,0.19033791754387344164,-0.18405518613666602135,0.25029082249766715362,0.073472589606422139541,-0.15845102519548256992,0.98454205806179029281,-0.013114385173560109965
1578862338639226599,0.24865188381997768707,-0.20918661688228498696,0.2664263871012991225,0.068314027464862023264,-0.14960676381957691006,0.98635738152467378193,-0.0070799564088780712542
1578862338870689099,0.26790717881132930511,-0.25087417478072143728,0.23869451595024213097,0.05950365211581085112,-0.1379821822151685029,0.9886377652145620365,-0.0039499326039874544172
1578862339100284599,0.27806475044343254011,-0.24977512446803204482,0.23568252948059928431,0.052050094619993401979,-0.13160303682545659854,0.98992852067513870118,-0.0035989307158642144455
1578862339331747050,0.28509705515928351893,-0.25298878748899045199,0.21839286123573881104,0.042689377731397575022,-0.12408144624811756618,0.99135269524020130927,-0.0011159596179147429455
1578862339561342499,0.28550963568331577669,-0.27912544374797398916,0.20194628613813037088,0.034180245131875931774,-0.11539610006617320725,0.99272806966089899294,0.0025358705775715005733
1578862339792805249,0.30219439334538111819,-0.28207529386251073422,0.20145259999022502306,0.028054881389540216319,-0.10566607656996346298,0.99399751816865966614,0.0040666653505205358973
1578862340056000150,0.29808800271477581267,-0.28294360707699894864,0.16028010239188458796,0.017947975172720568443,-0.096510033269478018303,0.99513719152159629822,0.0081026980710974180755
1578862340352794300,0.28332456080651524655,-0.27151652289828459574,0.13273534187254362737,0.016432913131018377084,-0.08987333702952397807,0.99569094010241931958,0.015883779624641870126
1578862340582390299,0.27588789390945306357,-0.26122362178823843593,0.1217305434827080507,0.023938366426254704261,-0.088164890309277904601,0.99560026289599778959,0.020833224690696022091
1578862340813852649,0.26811132142183413674,-0.24850287987322602912,0.10682994297811487794,0.033705914268237713305,-0.089567950563060452773,0.99513120945995081623,0.023566279597101499194
1578862341077047849,0.25497877830477833072,-0.23712821969717806647,0.10143593628702896048,0.043290258352792918006,-0.091377796169010885863,0.99455625929719537748,0.025177350770293042276
1578862341373842100,0.23445342442003105909,-0.22681874649331795757,0.099772740678128399305,0.052830922057188804686,-0.096803126424992197441,0.99347499526340299347,0.029077176192202094235
1578862341603437799,0.2152639572527657863,-0.22092632721740451673,0.092652584983443919686,0.057712515225055389945,-0.10207770052319926901,0.99267491831099474719,0.029084621341014128132
1578862341834900400,0.19474312619591149787,-0.21301960982994519456,0.074091667971885766253,0.059095109898696873696,-0.1058762409291475054,0.99246509215603828657,0.017636055241380427239
1578862342066362299,0.18380828917160155211,-0.20342104823924150869,0.046452979031206917404,0.059940061847729896038,-0.10594732691971436855,0.99256120455468332953,-0.0021466525592017098728
1578862342295958099,0.15985340954493215682,-0.2164594996270255145,0.064736258625589016003,0.067696492703583133199,-0.10648561717775016644,0.99195722623775284266,-0.009942812711061324929
1578862342527420649,0.12553881522496360135,-0.19449970043383654761,0.068203003239200435392,0.072540543030667703484,-0.11909107081776945658,0.99014927409849362583,-0.012633347557753006607
1578862342757016399,0.10001676915095508713,-0.18055211836527101932,0.067085354803008950819,0.073150599994613776933,-0.13282245452749588677,0.98833503436313596691,-0.014179038900212553517
1578862343020211399,0.07917590341116254038,-0.17226535943226028991,0.054894731809594608796,0.070719754989065700124,-0.14053784065894753263,0.98736237991949138415,-0.019062064865077298081
1578862343251673849,0.11374457287164953245,-0.18391329756665059092,0.040569134545207628795,0.064088478846485830154,-0.13762880745118491466,0.98824240729678947126,-0.018108634927855280644
1578862343481269199,0.14255237135973358731,-0.18625101288861356519,0.051774861240135729157,0.063797009049429712069,-0.13374641793326597083,0.98885406716619772549,-0.014473119056767496521
1578862343712731999,0.1730947504794452807,-0.1931952012660182183,0.06338925667301927025,0.062587451045196404453,-0.12812684976428911909,0.98977042821744531942,-0.0045629779086327438772
1578862343975926800,0.19602816526528488161,-0.14502328936654224067,0.06209489810403594906,0.06159950739947393783,-0.12497110992103727112,0.99024438990008134542,0.00194181478440204878
1578862344272721349,0.13473703315865373509,-0.12608561281050581493,0.056840835427260545665,0.067173223044612123678,-0.11969297042807665321,0.99051660590773427106,0.006180967312597527609
1578862344502316949,0.10274894182490196259,-0.14869516022721357418,0.064087949739802335669,0.061283514819692776199,-0.11520726433382048881,0.99128214888860366472,0.018202152368568064178
1578862344733779099,0.15885901140371913587,-0.19236044816238681565,0.082775274970584400425,0.052622769203259603388,-0.11523399286934830898,0.99172796467866863868,0.020678856909114751161
1578862344965241849,0.15972022822738052295,-0.17764005350308303965,0.094418888339622447647,0.050869423835040915305,-0.11464541616756200593,0.99192053640265753778,0.019036274139545145134
1578862345194837299,0.12724455182504396111,-0.16405686552069567719,0.072842263900168666146,0.050817909824175493128,-0.11387585450029137635,0.99204500397808748069,0.017220333476471158529
1578862345458032399,0.11530500503251898958,-0.14602788170011490876,0.074113028625028790075,0.05170259280950149916,-0.11378601955185932426,0.99208713016562544151,0.011946121171581541159
1578862345689494749,0.089976856319194428724,-0.10813307324311113855,0.073306970957272510336,0.051059184435438470517,-0.11624415938834677109,0.99186598707351336657,0.0090619412690286730433
1578862345919090849,0.080435842450236827439,-0.11459043966465984332,0.048629589123192311362,0.050412528193620693984,-0.11552948053856176847,0.9920096747722503272,0.0053217746913268399941
1578862346150553199,0.046926003735288525365,-0.050606233035279328536,0.071087965025821930887,0.055793346077559993756,-0.11659737173860075521,0.991602516537538059,0.004074878346043362895
1578862346380148549,0.031233659649011667747,-0.031762760858319957769,0.047703253341483162209,0.060211847581606157964,-0.12196733541376994503,0.99061449873235918329,0.013469127815263277903
1578862346611611299,0.033160118772811095211,-0.034940423997927128053,0.070725918610296534261,0.06753661614898470722,-0.13004029938952171852,0.98876584945576673213,0.029502897549851206382
1578862346874806299,0.012337778588703187527,-0.027653007714254520394,0.053119136089717376714,0.071060026762032144076,-0.13574384382330695331,0.9874695415792563713,0.037788700876033955167
1578862347171600449,0.020434077061406777376,-0.044925231654917407997,0.056716755227875413625,0.073511038679874213253,-0.14005543909775744482,0.98710437983708587684,0.024607813348088789646
1578862347401196249,0.040152298483456770606,-0.055585745516496601337,0.061150859626072646968,0.07449058163790288345,-0.14403988379575818901,0.9867484865133118177,0.0055757947444117781158
1578862347632658700,0.037529402224501781649,-0.05841967841414810042,0.053096885080633815512,0.076215037189107479043,-0.14803242602040042608,0.98595107597770248464,-0.013347086992312479775
1578862347895854050,0.029669052701265338778,-0.067477377549088696229,0.061838542225710904643,0.084382541204517449995,-0.14355766963516816692,0.98575268142365835011,-0.023715676141460254739
1578862348192648399,0.037493677193456462216,-0.07677258505693938806,0.073462810955184962292,0.094651309852742629425,-0.14361569709557142627,0.98468604189000885629,-0.028443979993882373414
1578862348422243949,0.038707212064354082348,-0.082205425935204301524,0.081268915225152726922,0.1005103240959286659,-0.14496413035811051007,0.98388517201174319204,-0.0292069162196607994
1578862348653706149,0.031542716458801953183,-0.064655764161355683273,0.080231425103018880196,0.10192064119900511032,-0.1563776131476700415,0.98201407821544284271,-0.028400267436887664807
1578862348885168349,0.031930870590592803915,-0.081486010471413225509,0.081863545322787348302,0.1031481949315524449,-0.15116589849799239031,0.98282025619963619967,-0.023951305127909043591
1578862349114764099,0.046612397489533947958,-0.084134774450489155373,0.085392322262932932042,0.10116873605690193672,-0.15342699680027668818,0.98283143934904626526,-0.016352532665310309801
1578862349377959349,0.10240312526801051418,-0.13332480515604802629,0.080313761619557069715,0.095409776822646924499,-0.15927492482154312348,0.98260752747374824345,-0.0033045062661188609118
1578862349609421399,0.13556856084424903641,-0.14872725352352691996,0.094862271763197419938,0.091978106053239958029,-0.15661496673876448837,0.98336224904526114976,0.0032353288723024498791
1578862349839017149,0.13749669901779898451,-0.16953024797269836133,0.097974553043765094662,0.092209930432582104531,-0.14900273337970620924,0.98452028506800348673,0.0039143919838357400104
1578862350070479699,0.09411517314220006758,-0.17151801399639052259,0.080108258244561483807,0.098000316823801073007,-0.14327766678797057565,0.98480386545449338787,0.0053660682169658496798
1578862350300075400,0.13934607022136574761,-0.16918592377890914746,0.082570342419149095337,0.10215631325894218573,-0.14045429483121077419,0.98480200058221201154,0.0013032168171300524771
1578862350531537599,0.16758223681388401127,-0.19582659973096999684,0.092664197548057394838,0.10827567607057507482,-0.13337745013314741827,0.98513135225080572521,-0.001747163395297035484
1578862350761133299,0.16489650123921970049,-0.20504443683938539111,0.096484114687145808298,0.11213210039574122989,-0.12779856227400357427,0.98543836022597974811,-0.0022710650937827845525
1578862350992595500,0.1871434455797919838,-0.2113523888175372345,0.10994406587152728838,0.1117018439352602116,-0.1229598791788484996,0.986102145812936981,0.0024747114777313615128
1578862351255790749,0.18128171039633775297,-0.23040817431724974762,0.093818242469492579838,0.10537372654568176455,-0.11807665283441232118,0.98735006154054605343,0.0097024628403703308543
1578862351552585099,0.17925245135778106187,-0.2316897729652025173,0.081911899666680040855,0.096926869031096235529,-0.11181209871022419755,0.98894954904417575747,0.0090568254458543856478
1578862351782180800,0.16469690850935964077,-0.24400058152266726474,0.069731348876162668748,0.093075811275763364883,-0.10486094468625539733,0.99003682481291455098,0.012967696372839553412
1578862352013642850,0.15095134431058399027,-0.26219726736107351606,0.05789503523521353362,0.089219856882200937465,-0.096734391690626447824,0.99112411925511501032,0.01884820503200014194
1578862352276837949,0.15476428949862866546,-0.2818334156008882041,0.049536743041618883088,0.083703539004260904544,-0.087425206975513244934,0.99205832540764238292,0.034217389333886870373
1578862352573632249,0.14739717875756042087,-0.27438112301983591523,0.064650679788663470426,0.0835492556529127961,-0.080208527101531548742,0.99188210101664386897,0.052497730835215805634
1578862352870426799,0.16871486452009970547,-0.27030864993993308776,0.063121676565181861207,0.081510052606884444981,-0.069494898328776130714,0.99187559818305959247,0.068624836315180404167
1578862353133621800,0.17822074285442271457,-0.24616436874708236271,0.064155031935944531463,0.081402852535889663743,-0.063255355802154758504,0.9915544884597088382,0.078689465475115225046
1578862353430416249,0.15137507486163787052,-0.23527423940202352171,0.047160628778832237862,0.084644723175248071101,-0.061671501154169201808,0.99083465421728245115,0.08531462234627065766
1578862353660012049,0.11152784543708756104,-0.25925160572089395172,0.020522204396834244772,0.083293589107285417872,-0.073639786827799827429,0.99008763599564464375,0.085824430427066111804
1578862353891473999,0.095026725380268600718,-0.25749000759811974115,0.013650228923706203901,0.087468132763407299701,-0.074382264810431114599,0.99046852357825276858,0.076083560860815899196
1578862354154669200,0.076961703515539298115,-0.25021923301783166593,0.0072448492606080969886,0.08682466042060309197,-0.076757439251229464539,0.99142309784966675679,0.060415353285416688311
1578862354451463449,0.06663883449283168614,-0.24182385884633622597,-0.010145451537536443951,0.084447306306377006857,-0.075431142755521027321,0.99252140090702389852,0.045607717567780148293
1578862354681065649,0.08950775250541601058,-0.24536883024638936335,-0.011178440656293081937,0.079669027762685626359,-0.069566579150155349875,0.99368807374755296902,0.037381133912200194269
1578862354912521399,0.091076669446340699499,-0.2511369589576840089,-0.012396792325619489933,0.07852572044235867077,-0.064516151304568614133,0.99429423680274464648,0.032409074511502676541
1578862355175716649,0.091955149671472669048,-0.25177792996119885416,0.0020988121275239972514,0.083235504763789047722,-0.060992842878732793366,0.9942465347715042645,0.028732420001331082648
1578862355472510849,0.082998928410317585058,-0.24383977833663189605,0.016598632148806927167,0.09111720801061330699,-0.056927835407518868893,0.99393895675934407219,0.023285750928442625757
1578862355702106899,0.071076793961676043576,-0.22719031122570881864,0.026558899864563955545,0.097384141506969071345,-0.055878281297179942244,0.99346269565027711668,0.020635382562443731203
1578862355933568999,0.063800894693232981791,-0.21799832462099338892,0.042455693756906914826,0.099551713187351065226,-0.055800542516224647949,0.99323863044682547674,0.021278600622739993198
1578862356196763799,0.041157227212398554694,-0.20161492054514545957,0.052810503101548715577,0.094691850674669994503,-0.058189614829023621201,0.9936508985098734259,0.017473237603997760631
1578862356493558449,0.012204868921284013281,-0.17810242703606996018,0.062800949939622263685,0.091440164902756346232,-0.066597248749448473282,0.99338722929652134574,0.019629451651282284197
1578862356723154199,-0.0067930516813404714926,-0.16684297450065740942,0.067094859741798018593,0.089664711684859718654,-0.078090875941572893137,0.9924919775078082651,0.028665818595970369437
1578862356954616299,-0.025372685017924279105,-0.15769372552479085647,0.066083938249196755299,0.086269875974915519179,-0.089134275241537122558,0.99177078893208214794,0.031674780148597952989
1578862357186078649,-0.0061783055292453370466,-0.17664133097712403364,0.056531750667206899508,0.079728799646193809769,-0.091164925159967713508,0.99220873072637105761,0.029225153513812884842
1578862357415674499,0.0052245720060817733496,-0.16579630707907952458,0.056601201621919200457,0.077354998448177850201,-0.095760939217104046328,0.99209252498488753602,0.024463617975236762875
1578862357647136399,-0.003126004634366730088,-0.17478738654905504046,0.061798552080120389141,0.079047056970065157633,-0.090884428136172590307,0.99246749029967673561,0.022357643099854575958
1578862357876732449,-0.010783792608194025034,-0.17576075402469004683,0.069059923206046980315,0.083785746461777110827,-0.088552005415169388058,0.99233686896420891799,0.020150174219885373661
1578862358139927449,-0.019556017150289001921,-0.17400965551353744787,0.071113419893874860178,0.083468180986394080456,-0.088502538861983337526,0.99238008667392085815,0.019548067701267192453
1578862358371389649,-0.026892123983699240536,-0.18283016281845401729,0.079170899190874999274,0.080807334194241617342,-0.083398052839737224495,0.99294327026899686928,0.024054137907147898207
1578862358600984949,-0.046463868431937643821,-0.18400177154762850651,0.08751602571956552945,0.081121196178028320833,-0.084818903411604820719,0.99272270057489875317,0.026958206875905225269
1578862358832447599,-0.066888125476422727322,-0.18529826930609075153,0.085665300961463367035,0.081653070001096506036,-0.086102006219278465204,0.99269844503611726072,0.021656821264240341124
1578862359095642699,-0.067108009669594043123,-0.18972898093129414443,0.080313492918521037223,0.079423874911282582589,-0.087310553498180704102,0.99293909448252704042,0.011860438024047008365
1578862359392436749,-0.078765979530796448316,-0.18269638405761459699,0.061433583707902923721,0.073896742415606536669,-0.089899686103433573692,0.99320000341700565016,0.0033273279534430742072
1578862359622032399,-0.096234029030511175629,-0.18854156016439055366,0.09297701698100306611,0.077301887038022071286,-0.088681078334664487084,0.99305506971448775921,-0.0013088621391864200313
1578862359853494899,-0.075629093916588216451,-0.20142989142957651305,0.1302327053531799339,0.079358462199716511831,-0.083305586705968076577,0.99335645216279944147,-0.0023178971913721500842
1578862360084957049,-0.073402836482869465717,-0.19773281550314855681,0.12305453005113795029,0.078652057030910313418,-0.082767361605328604313,0.99345568754058766192,-0.00303556764713556115
1578862360314553149,-0.062288502208883912703,-0.19419946262766840661,0.11368142926446174468,0.07800261906140264212,-0.083059354223366382852,0.99348280089707174945,-0.0029426887791443269091
1578862360577747899,-0.065695661868928903471,-0.19708148139387043907,0.079402663543064591622,0.062954495612626740209,-0.0823023729731973408,0.99461308089123956488,-0.0028053885932761636786
1578862360809209999,-0.07046061613735965512,-0.20159760235011983664,0.027966550496275978388,0.050747930073412800267,-0.07584151589197557497,0.99582600076297134173,-0.0018133573502063275121
1578862361038805649,-0.086630328775657808316,-0.20920610163678055038,0.024709612659117332484,0.044230853279502643782,-0.073449216864221900103,0.99630724075387777638,-0.0045526016271806917998
1578862361270268049,-0.099253702244854372094,-0.20706478043220960528,0.019730966946141976354,0.027095625352169531302,-0.072992694588565706915,0.99693710585308803473,-0.0073688938603666473415
1578862361499865100,-0.16147597063596361155,-0.2181660149140002003,0.017430878456586449549,0.020556849132591717422,-0.071763953576315736571,0.99712588635495036371,-0.012935133616307237583
1578862361731325849,-0.17670010474656963617,-0.22064857215894970177,-0.0029133271475332849117,0.0047130365728077945608,-0.06964932065358749036,0.99742873275205501393,-0.016207482820204698049
1578862361994521099,-0.22655978517954922236,-0.19737344477887056038,0.0078505455620995357596,-0.0079959689828792354649,-0.06854816370644721546,0.99730361249119581224,-0.024954323162326014218
1578862362291315299,-0.27358258893379566734,-0.17940788510361446728,0.0050158251631952054106,-0.024251743036818484978,-0.067610537108215698621,0.99687558715517177177,-0.032859275184123973301
1578862362520911149,-0.32002600348237064676,-0.17838087637936339558,0.0092934135904681903356,-0.020705747753511059145,-0.072188460686980121528,0.99671825328362484431,-0.030212939691990830376
1578862362752373249,-0.33528927291416560363,-0.16852732819128182773,0.019193563779555323362,-0.0084512739321433300033,-0.076227958234129936099,0.99668155367542854428,-0.027271870406937192416
1578862363015568549,-0.43744124471789785913,-0.15103545435942769548,0.037931180195739253036,0.0086241640664181332815,-0.08072495668645079947,0.99629102837272287552,-0.028518273898111772685
1578862363312362899,-0.51725518612824872289,-0.16607129699896117092,0.065738025628188603844,-0.0002693475419649554118,-0.074834824162831353744,0.99653488905399834064,-0.036302774584512011169
1578862363541958449,-0.55281216712119640722,-0.15557804861590179835,0.071040742898849873477,-0.020773951480404000136,-0.069901165211563476287,0.99644317297594320326,-0.042228818022396967524
1578862363773420749,-0.54626332405112576485,-0.1675857353492737345,0.04640888551204120499,-0.044374799898011900445,-0.066249696523472817455,0.99569809823820620842,-0.047192711400781815756
1578862364004882899,-0.55397712210071881067,-0.16585276078476293704,0.071301243129903713047,-0.052062955765396809471,-0.068356355806059684865,0.99546816709311580773,-0.040742920392832962517
1578862364234478349,-0.62210050786395654221,-0.18710737292480472682,0.10043597986679445033,-0.037007316418896263333,-0.068575676001912361235,0.99601655819038037443,-0.043345714931457793306
1578862364465940749,-0.58446608360383189851,-0.19715659357003609276,-0.056026661448408517086,-0.035415136141326526709,-0.062431055999673433499,0.99660917483009070494,-0.040227901055368456285
1578862364695536699,-0.62097351145977885967,-0.19811940183376100522,0.026293819359139672387,-0.035361431557651423763,-0.061001368477022595294,0.996739728166656902,-0.039221378052797330194
1578862364958731599,-0.6320734578369245904,-0.2033057070515346676,0.021617582439270151273,-0.027650101481679983939,-0.063016288513003032579,0.99686725846111456928,-0.038988309508072915843
1578862365190193549,-0.69005455610810695344,-0.2161359472442112295,0.038179383947215886352,-0.01873656297922738842,-0.065623778361142706683,0.99689015677299441798,-0.039401475231573751534
1578862365419789499,-0.71694139045531779519,-0.22073606740786508307,0.072349123855272451378,-0.0050699946053039202445,-0.068403139541741014851,0.99676701806097856018,-0.04184276952277776046
1578862365651251849,-0.75181448565871378253,-0.23764487110169560391,0.072169556774340240524,-0.001973846308854609443,-0.069120543071922418976,0.99686160833179071616,-0.038540735466812761634
1578862365880847349,-0.79832013148149127968,-0.24258025298660154667,0.087842092453543879627,0.015573758704313355947,-0.072095438530689379131,0.99651332294392658273,-0.038998756109854995633
1578862366112309849,-0.81216865000153259935,-0.23270429788888505329,0.09880702111290745604,0.007834837299342589656,-0.081148171546658959263,0.99607927981497434988,-0.034346148290363580358
1578862366375504900,-0.89368478407453200152,-0.26077615083918881389,0.08121720068412083271,0.003602925437563991428,-0.081409384759651690078,0.99630203763883251611,-0.027235653067825611739
1578862366672299049,-0.93809624254356593909,-0.26983904140393732973,0.072098966857239057959,0.016930149506250095903,-0.082274032520035247917,0.99589665380602299116,-0.033678012835204947095
1578862366901894849,-0.98905904490689644515,-0.28713396083144077098,0.067020289880884806322,0.013708879701941557167,-0.081348659294220831972,0.99622757043075071959,-0.026927498249322757984
1578862367133356999,-1.0570701731313556504,-0.2938418365597893489,0.086415558447568791012,0.036328881471965654426,-0.081626994321402843169,0.99568176626303128707,-0.025200525795157226183
1578862367396551899,-1.1338224614733758422,-0.31348152661904005178,0.089117729659791061758,0.059706622036305612156,-0.079062776929720995911,0.99481437348209089677,-0.022990408925934978368
1578862367693346149,-1.1592268825186631265,-0.31196067792334480906,0.092309789483378479336,0.066703955208435181112,-0.083121563286477379018,0.99417215678053316719,-0.016220689217084069411
1578862367990140749,-1.2068395913964937716,-0.31039708756344625007,0.10393545705507144239,0.061206284782912241671,-0.084372015304072650599,0.99449773576499234107,-0.010459794208096501525
1578862368253335849,-1.2691859222467560819,-0.33338146625536629886,0.097834263388526784833,0.048011454934830881391,-0.069707091635030957177,0.99634768462250822285,-0.011274436489777673806
1578862368550129800,-1.3643995598106932743,-0.3260680697151654428,0.10430809627223742997,0.038334728357053475534,-0.068081471435308793527,0.99688341975873806522,-0.010899966013060098657
1578862368779725799,-1.4895014774344343955,-0.33892248172026934183,0.10629273302418285052,0.028786668996727434594,-0.064456643740176663981,0.99748510752143315639,-0.0063347485148656816276
1578862369011188049,-1.6444905907711671045,-0.34195523493577922869,0.078205035658729826764,0.028571094761433411119,-0.067005286512014053391,0.99729795557614886459,-0.0095274302503732029995
1578862369274383099,-1.7741025044592144688,-0.3404730057895231643,0.071740890856600958436,0.041677338565137091175,-0.0680677020774054925,0.99679395975386930751,-0.0056204254460541095209
1578862369571177299,-1.8892541203948858275,-0.33701620155089451192,0.08208896217770286774,0.033676560713712673512,-0.063377370103896935039,0.9974013620638674249,-0.0063024733490178105888
1578862369800779049,-2.0004204992306386934,-0.33723819539080973628,0.062859973740949898202,0.01893205789363071323,-0.057200331064193803143,0.99813196362818501495,-0.010113480793722706697
1578862370032235199,-1.997387554225512396,-0.34085311140759966264,0.058978600772064342095,0.0065913979340957266906,-0.054338634133114349645,0.99846957271595415673,-0.0078980171057968159842
1578862370295430100,-2.0508076372082371108,-0.33686308105166068438,0.072083494070280543231,-0.0074188189911069861784,-0.048406756589087641951,0.99873240612609326394,-0.011633056126710960426
1578862370592224649,-2.1390305401490077308,-0.32866488795621195962,0.068766694187096508162,-0.019021203493005938573,-0.05457394342079781302,0.99811713679501878893,-0.020544092904159396568
1578862370821820049,-2.1753749999797005188,-0.33319684437228291873,0.068657078166856871926,-0.014960022586959335206,-0.069834272865471155867,0.99703299476487050601,-0.02871549072714811579
1578862371053282299,-2.2306714293826055417,-0.32730154088701074455,0.082419184810707687983,-0.01235804008279270394,-0.093600399842735437783,0.99534234387934839017,-0.019490060936660887764
1578862371284744999,-2.3159045795462542827,-0.31366179561750912042,0.094240870193735420957,-0.02721505072144542875,-0.12761392011273978153,0.99010775022440278281,-0.051581695912568184537
1578862371514340349,-2.3837932706774420666,-0.33119334608320299962,0.11258574947227194263,-0.051871563553132167546,-0.17873034226931722168,0.98006164153578279041,-0.069598738760037387463
1578862371777535549,-2.4636311655869236326,-0.35777312306608655135,0.130184764243929052,-0.055750074388077316967,-0.24845787282920014927,0.96309432024130170458,-0.087234998445645167697
1578862372008997799,-2.4687025498442838334,-0.35712536384471504913,0.14408857641770336788,-0.060847615048489220313,-0.30259136073489772967,0.94626631658868198826,-0.096519916292723842433
1578862372238593149,-2.6329928132476605462,-0.41412916391157050811,0.16637566410341952938,-0.057684753814706078712,-0.3630517510494705169,0.9253989606042318794,-0.092209863625363486239
1578862372470055499,-2.665408477096649964,-0.42807542425510314299,0.17512399104141918027,-0.063130848058315272575,-0.41769202950794825924,0.90266787566004735854,-0.082088798019557554508
1578862372699651499,-2.7541146503086197939,-0.44307118575473264377,0.20434161033131345575,-0.057352787349829986718,-0.46100207495884371056,0.88074981197549084833,-0.092019092431575133517
1578862372931113449,-2.868369648186469334,-0.4931036029606454818,0.23699223393932036807,-0.049280296626194243503,-0.49284249924996881287,0.86427806408211238498,-0.087756203449672984251
1578862373194308799,-2.8815307686320470459,-0.54773540096001172017,0.27641742663602492103,-0.049341927745005578765,-0.52824591511843588254,0.84368385078958629819,-0.081970648673116638938
1578862373491103099,-2.9002946366470379047,-0.61576146791705144157,0.24968030261273660431,-0.031713370847609487213,-0.55785476212303264365,0.82578381688790303272,-0.076638203607105784276
1578862373720698599,-2.9521100291605106847,-0.6973907629428501842,0.24507636417013514696,-0.01994943699492877226,-0.57997852254523818427,0.81189535131243384392,-0.063662169826568901221
1578862373952160949,-2.9647009774020842698,-0.67919342415438410665,0.25254610232436830453,-0.012332776336275878826,-0.59414186588065764916,0.80301818444947814513,-0.044778803904202628405
1578862374215355949,-2.9593399062796792442,-0.68203749895165455275,0.24693231464774229034,0.0097581925399506923985,-0.60352616732770802965,0.79668444581322972464,-0.030900434111554291039
1578862374512150199,-2.9758246599413094025,-0.72912318264395303835,0.23603449608753904188,0.015456441309883130891,-0.61952159187476141256,0.78470639645370232618,-0.013782851213502518226
1578862374741745649,-2.9631882068614925352,-0.783725961086505718,0.23679172848692012221,0.026533219049431479991,-0.62061303101225728795,0.78366782349173857991,-0.00044322489312710470002
1578862374973208249,-3.0188817874098492489,-0.87969876856557616129,0.22040283248312364517,0.030529729899928064601,-0.6271976098304254954,0.77825975955382042937,0.001685370700249564117
1578862375204670499,-3.0226208955480831087,-0.90743617636494700029,0.2202077630002174935,0.024463221386623903303,-0.62733062524043048391,0.77832198531851370937,0.0085278722207741842337
1578862375434265849,-3.0360309786088626183,-0.90112837876390028402,0.21438499654477327638,0.031185018382783553231,-0.62934419109726480457,0.77645396095175156503,0.0085223402218156558974
1578862375697461099,-3.0369409534281905927,-0.91599558641214773314,0.24633300627858745191,0.018657782896249700683,-0.62909843963063638572,0.77706270247952158314,0.0077843950850998381435
1578862375928923099,-3.0444958366190997268,-0.92476214231016296008,0.26323197394888647738,0.014077726397018659743,-0.62893874073400291014,0.77730415162597488177,0.0060111470088739281728
1578862376158518900,-3.0408075349462846404,-0.94150707441856573698,0.25874225756918667329,0.015680564438385273529,-0.62962125379175304385,0.77672177457748459162,0.0058721009627776925288
1578862376389981449,-3.0785077618907266128,-0.97074778020650176469,0.26899687768290858614,0.010518003525094805906,-0.62980584647329196368,0.77664416120577861591,0.007603565926331763529
1578862376619582799,-3.1046903217106955886,-0.99315596720114318607,0.27281791271843941482,0.023899839775930388497,-0.62747818836266144871,0.77823231742512022358,0.0073743408410400987374
1578862376851038949,-3.1150134533510795976,-0.98412763389480939491,0.2743164269220131346,0.020268376173909346399,-0.62352790601579255458,0.78146015105787303145,0.011053309701341829108
1578862377080634749,-3.1246921248577117503,-0.96289831904604050727,0.29409346870592023571,0.031070074112758791496,-0.62179841469000829424,0.78237673932358398066,0.016971144596900487878
1578862377312097099,-3.1416408669829563038,-0.95207797286661810521,0.29573883736092398955,0.034266179044063559134,-0.61771106943733955497,0.78526825987033710419,0.02475123650287903293
1578862377575298149,-3.1577507083441118674,-1.0021023895356770961,0.30617408301742798926,0.044124678456549340511,-0.61146081800031981679,0.7891949548399439518,0.036606065843973412122
1578862377872086449,-3.1932100851849387624,-1.0407367976521515462,0.3317563917815762875,0.059531714445053084128,-0.61491160965157676266,0.78497640220220132878,0.046386800671464910317
1578862378135281299,-3.1817644766128005962,-1.0793425008499897277,0.34038340937130967534,0.042605035678276489963,-0.61321762441976779279,0.78788356862216057941,0.037261754265507700257
1578862378432075599,-3.1806451069521122221,-1.1580591955898908996,0.36447077363164898101,0.030667293659094964353,-0.60886009981961008997,0.79196719966212492103,0.033717215284126383912
1578862378661671299,-3.1582626462033300818,-1.1952465480088731997,0.37088258515162392248,0.042948088813522300455,-0.60345653926482945018,0.79532631238101014759,0.038101492360622220279
1578862378893133549,-3.1894330494491289762,-1.3296016308759077695,0.36909871245118497374,0.049472909669519588016,-0.60309058509748736387,0.79483071067030508505,0.045588581364631765303
1578862379124596199,-3.1632582190502782638,-1.3700758776072159417,0.38710382070253374076,0.056775971771821344414,-0.59769485445048431416,0.7979156003139312725,0.053554129330397597097
1578862379354191749,-3.1782865471658539036,-1.4915077393085967028,0.40222170365266912695,0.056355744494107878895,-0.59916145937495579599,0.79717439895513775294,0.048399930915238059681
1578862379585653950,-3.1593983411610957468,-1.5454299738830870048,0.39248761485211908218,0.050174303378856678626,-0.59531124351790309923,0.80051036426411181779,0.047646818647719697826
1578862379815249750,-3.1788943588154809916,-1.620575016267014945,0.33747546509311820984,0.045375385313489835504,-0.59135238348348606596,0.80411393394091079667,0.040548911181671969117
1578862380078444499,-3.2166192964203501603,-1.6202266802457734318,0.31919240358372036326,0.03034891343380351908,-0.58983309586614740549,0.80634354655800954959,0.031399799338320537323
1578862380309906749,-3.2907535393511042621,-1.7201284502802898224,0.28874755326267953492,0.036927814789679734575,-0.58688025272114596742,0.80835049393206181989,0.027881614381259516022
1578862380539502500,-3.3423372267833393323,-1.7470522208278611576,0.2479133841273474248,0.033605967814876014366,-0.58497041989299269904,0.80994050301157294314,0.026012081014222233899
1578862380770964599,-3.3904222037130518075,-1.8025594031698199959,0.22227400441991998492,0.035997408705025865649,-0.59815967176303219688,0.80047341582164288631,0.01230870446400713844
1578862381000560549,-3.4037911847396382647,-1.7497826645673608681,0.22542547928042791505,0.024525305813365771285,-0.61545193735649028621,0.78778909444881195512,-0.0024010094349129250738
1578862381232022499,-3.4385541271634196825,-1.7922014579146228197,0.22658293382401903382,0.031683756562289333569,-0.64263022233195721267,0.76550998714028295478,-0.0041226816565707426546
1578862381495217899,-3.4712393008659292448,-1.8326846462387527126,0.21975304021646391295,0.03250439938656313893,-0.68220667183747341067,0.72996016539687946789,0.026375705764692006922
1578862381792012199,-3.5010755975648848448,-1.8842720018116390079,0.20335931885857472246,-0.04336862994605912569,0.73670148635593324382,-0.67435987610478120846,-0.025076671178025766035
1578862382021607699,-3.5517271050592222892,-1.9613474406707105402,0.20293827867561584077,-0.047279341678605299459,0.77404924119216977907,-0.63112786118915953359,-0.017031115375437010789
1578862382253069999,-3.6229789597330412931,-2.0217121959649366758,0.21508717551616074459,-0.049792617442332993971,0.8184224232451874359,-0.57217072134350610568,-0.018058184151348202762
1578862382516265049,-3.6546698953901923801,-2.1107441637590449446,0.19897251725868728145,-0.056539287746643934751,0.85724918887302126169,-0.51084480965763257032,-0.031059902823172353542
1578862382813059249,-3.6696415753797277937,-2.2032364802739654586,0.19296491075137595095,-0.05547759704363778438,0.88800603477236450534,-0.45520629886979591117,-0.033981522968642839666
1578862383109853949,-3.6806637620486721829,-2.2530677095852502667,0.19804874451986773098,-0.058204538509048373007,0.90707611573712998432,-0.41398889688292084266,-0.049379603215629487567
1578862383373048899,-3.7027653057514835488,-2.3054492630781564522,0.19749178919970039603,-0.061331309061149377748,0.92488892426447200101,-0.3715894827694161684,-0.052346963587134039131
1578862383669842999,-3.6440348349325097921,-2.4013034109661344218,0.18240374490055427659,-0.055869406355571991918,0.93880696141811259547,-0.33696937079954120131,-0.044404298994680575785
1578862383899438849,-3.6160342165835781536,-2.441111144121802301,0.16673011699558021315,-0.05884899833846060635,0.94498605977826033442,-0.31792352023986797382,-0.049626379048734306498
1578862384130901050,-3.608467614038154192,-2.4902360775089755762,0.15001494633813644564,-0.061330742622304958156,0.9520274059681527179,-0.29583762738312141538,-0.048605107953296936008
1578862384394099600,-3.585762491220823911,-2.5246859589005152813,0.14404544408533931366,-0.062151843766375149125,0.956362655895654723,-0.2823796087015373879,-0.042063943159129008054
1578862384690890400,-3.5599726822601494014,-2.5373681342756078116,0.16450201546811318853,-0.068905405713788114852,0.96029194365401338018,-0.26578873282945841838,-0.049475019124836726314
1578862384920492349,-3.5306788112772307109,-2.6229695241646311388,0.17970326341745784804,-0.070420983503865233755,0.96175937773616670956,-0.26016366516784883434,-0.048730398574160879721
1578862385151948150,-3.4633654528617539015,-2.6779011126231817563,0.17423974907204339835,-0.064247957447631731664,0.9671069986473235236,-0.24459896926700541719,-0.027342226766776629027
1578862385415143299,-3.4175522478695667949,-2.6956052747517085244,0.17870904341428855977,-0.062936124344014784948,0.96499413022798474771,-0.25334559990872185242,-0.02532547896589932776
1578862385711937800,-3.4097506930462162522,-2.7546480869773990463,0.17513807773080275476,-0.065556569595136449102,0.96621720915514763828,-0.24678047011107293041,-0.035014860944812369048
1578862385941533249,-3.3479602354175392875,-2.767021123203382782,0.17432224314775371377,-0.063004273020415849094,0.96897402606233118405,-0.23682486874094935136,-0.032152448482621776016
1578862386172995399,-3.2857513394332236167,-2.8234282381525002137,0.16952747272961316005,-0.067649373763580433749,0.97028936454880809759,-0.2307218047803615002,-0.02701036970548023608
1578862386404457700,-3.2102102470572875248,-2.8892702033734258826,0.16861649051881377748,-0.061597538286301364852,0.97112169284673532932,-0.2284062206846559917,-0.030967714025709400238
1578862386634053649,-3.1102028771981578004,-2.9624674625894069635,0.17373447612053632971,-0.065144501224430245712,0.97092969127514272554,-0.22597242881562554229,-0.044589123960997158191
1578862386897248400,-3.0282320800726920673,-3.026574820048018033,0.15786646912322621628,-0.060032428647637962882,0.97247940400665411342,-0.21916867920040913886,-0.051429625226534561588
1578862387128710899,-2.9602827210014801551,-3.079758200037139293,0.16488555523994141705,-0.059623749589815769334,0.97277750797728923526,-0.21578326029203470648,-0.059887503170104557093
1578862387358306549,-2.8876620962250232338,-3.1109663905940929673,0.15075589289782345692,-0.060016087903921065683,0.97286227543347558733,-0.21755074184177214391,-0.051075796176523038938
1578862387589768949,-2.8270905197024740474,-3.1743026962199039076,0.13869916767345633057,-0.05817317179120434778,0.97342659480400117733,-0.21657940105287376564,-0.046367118214061822656
1578862387819364199,-2.7401508282650097748,-3.2407196344210782435,0.12210456024816340737,-0.065582251412758196807,0.97309499419111378238,-0.2114747310992535767,-0.063745891523988171268
1578862388050826649,-2.6572990067491466526,-3.301678854637298155,0.099943792572171216704,-0.067541633016251614863,0.97360025220933277268,-0.20554036303205816538,-0.07275875117076741061
1578862388314021549,-2.5784465849975672924,-3.3578345937531506316,0.093133236792652424052,-0.071500449410493688296,0.97371283481148052097,-0.20372176912978598451,-0.072584032954741542487
1578862388610816099,-2.4831679756809350579,-3.4173160407287586082,0.087859749825715399707,-0.070015542982032635821,0.97461442133219888806,-0.2019858132655443228,-0.0665303292607728608
1578862388840411500,-2.3767707543087910338,-3.4897125495245542304,0.069130039137214466249,-0.064328017124880593203,0.97599017330286397254,-0.19934360817779403496,-0.059726155974913930358
1578862389071873900,-2.2965368568449830988,-3.5530623638078053794,0.075257978122490507,-0.065540758150081576683,0.97713863082694085715,-0.19567106269348630287,-0.051159949091257962694
1578862389335069100,-2.1914317998522077069,-3.6182758773988501488,0.07085839132225738024,-0.06309009632542642021,0.97877883806586529758,-0.18979456165791422362,-0.044605495905963625514
1578862389631863400,-2.0929310437168453518,-3.6849325237831402902,0.069461489499367035094,-0.058228007229771838738,0.9799989545725659168,-0.18783119940747544652,-0.030512108083993412511
1578862389861458850,-1.9947914520512219916,-3.7565712113848697129,0.067223159918698816018,-0.06002594733625817025,0.98062313223750141589,-0.18489181971687562722,-0.024293479963372510005
1578862390092921050,-1.8855967307945147304,-3.8264573054927764062,0.074565926137466265189,-0.054703480895176584409,0.98204859451253601055,-0.17893601005155082562,-0.023874494771332913784
1578862390324383749,-1.792920690698245334,-3.8795367171085168856,0.067796477783353015223,-0.055411141316640481758,0.98201160691997690932,-0.17795324502654680243,-0.030256435295725327833
1578862390553979450,-1.672733280866873562,-3.9366362087609361176,0.057428105032142150177,-0.069746870250453799067,0.98281049742175474737,-0.16826626859978371931,-0.030089252221088227945
1578862390817173949,-1.5722994679797368534,-3.9806454152664332291,0.051843346018160957334,-0.080553863834129407762,0.98473320849798462451,-0.14739789454452051354,-0.04566665946123874692
1578862391048636399,-1.4931617088019000228,-4.0362632287299140543,0.046206117452030778803,-0.079590338415504238712,0.98910631965363526863,-0.10868909256855589784,-0.059335888032618737398
1578862391278232050,-1.4409566483687086258,-4.0842629475055680643,0.037521656964302284309,-0.098671950305487643451,0.99158540301553188545,-0.067862125725896380035,-0.049162654945067545131
1578862391509694549,-1.3118046339506477249,-4.1246506172443453409,0.023190814419956125997,-0.080784704310188928944,0.99536609327847458406,-0.0038513436687513530332,-0.052012873914608917514
1578862391739296099,-1.2386752423494615805,-4.1327357899284171694,0.00045854169657938588772,-0.076018589105038641973,0.99332051851356029104,0.064679125748071747415,-0.057897601873863571709
1578862391970752100,-1.1504343232382501228,-4.1511926569413626353,-0.018490935113552434826,-0.069050414597894280155,0.98766320958393605256,0.12855494469246037115,-0.056807137519696876415
1578862392200347900,-1.0619562411809655433,-4.192799108127264418,-0.04329656259496167392,-0.05326872035556960705,0.97549061895472022332,0.20333209695640588888,-0.065088817089967027085
1578862392431810450,-1.0104768603683744743,-4.2379128549495579392,-0.0525320720003436617,-0.039919836704140336525,0.9600208399447273111,0.26827830301684035819,-0.069232547545059003324
1578862392695011149,-0.87293703010530809827,-4.2421278133072632954,-0.087312558093170927753,-0.038727359226473412335,0.93627217932922990329,0.34219664506586794372,-0.069253548406811415994
1578862392991799650,-0.71908581971768592567,-4.2191428935500665531,-0.11585626126103013012,-0.039878443175133948539,0.90739217151006290596,0.41270909533582661455,-0.068704872309658368557
1578862393254994399,-0.61997541277984247188,-4.1819375249750176948,-0.12735743139357638687,-0.029543823744082715888,0.88391283616096893994,0.46139138140211172212,-0.070308276298855346131
1578862393551788699,-0.48521634901391491601,-4.1146579203739932495,-0.14381285989541314763,-0.015981748061274246575,0.85968437006074416296,0.50196159735042567007,-0.093391232925702477585
1578862393781384699,-0.45413108303958166223,-4.0587386422249149831,-0.16265626984975203873,-0.021089030548823727712,0.84429211583710861433,0.52724867963606147914,-0.093460717671317319888
1578862394012846749,-0.40534761754581549731,-3.9974035847084476991,-0.19669074234595024242,-0.022360476401041450706,0.83002121986072741056,0.5513014904573935171,-0.081433717189352911037
1578862394244309100,-0.30731773052655847467,-3.8863321478386296803,-0.21520080567903862589,-0.016874072813115925662,0.8109364068498121636,0.57721394172842233061,-0.094453561003980959776
1578862394473904750,-0.31052025719014353378,-3.8421230450682251067,-0.20477598853278400348,-0.01110422436129682687,0.79684158080146738623,0.59522037969003893654,-0.10311591006518831815
1578862394705366699,-0.22774486041292682503,-3.7236019737821699493,-0.23406241118551665559,-0.01624045072624633046,0.78624707953845629493,0.60818571355232553532,-0.10799034914320915224
1578862394934962700,-0.18734079388429789037,-3.5966179758509939646,-0.23797343341226237512,-0.027110227169977692274,0.7746312422942221998,0.62344645559787359446,-0.10259625259583599055
1578862395198157699,-0.14556716586448809059,-3.4489357567067462362,-0.24393050784530606601,-0.022488290146953207604,0.76178445851585552262,0.63942244438794215711,-0.10157584940658063999
1578862395429619650,-0.12685880661281639936,-3.3257796127789935881,-0.25271992524126685176,-0.021224884340522106457,0.75124214924274734795,0.65056372607515189355,-0.10932326285299015511
1578862395659215200,-0.11451933379764492327,-3.194311877233946273,-0.26458362133889296031,-0.029876070252507228031,0.74287973576798682629,0.66201412113159774364,-0.094733426168601350681
1578862395890677749,-0.10040198163109755047,-3.0370555535702830063,-0.2725465727494315038,-0.024397660739260262214,0.73559021044074524021,0.6694644143301874406,-0.10064389896786840595
1578862396120273549,-0.10365275718971891927,-2.9166208071697306004,-0.28522581710283784195,-0.024100873479693404877,0.72674896965970803286,0.67933818383517963202,-0.09876596063068829312
1578862396351735900,-0.10972436002709753944,-2.8147028847025068465,-0.28286142194692104335,-0.032615147202364656864,0.72221740760154828909,0.68474739224612513055,-0.091974328712450190149
1578862396614930749,-0.12182446506105831796,-2.6733561746647747093,-0.27765276331641564056,-0.041726224418862457866,0.71455357121437435008,0.69334258428212180991,-0.083355724945664455561
1578862396911724750,-0.12267474502055281116,-2.5385668381637982449,-0.28553227015669158106,-0.047546680632199980754,0.70641596792338878785,0.70221466084966610577,-0.074902359850657657114
1578862397141320799,-0.12259667968441775865,-2.4440344079487887896,-0.27245112303074736637,-0.053405222470707697235,0.70317496002044965753,0.70558158005876026042,-0.069623930473352968473
1578862397372782949,-0.14930076819377402497,-2.3451557122921293796,-0.2572639383308342742,-0.060001099217282548304,0.69815453657765302875,0.71044500607378857637,-0.065176717417023161127
1578862397635977749,-0.16270259177466550593,-2.1941150103629278867,-0.24443826586711558946,-0.066009138202269626583,0.69671101969773108209,0.71231547066591627271,-0.053321843134103014128
1578862397932772199,-0.16218183462779131587,-2.0419930735023688051,-0.22587398560579380336,-0.069195661170859318334,0.69230593802270024018,0.71639241019819455136,-0.052022718726930761157
1578862398162367699,-0.17106008882803960813,-1.9131690535871757053,-0.20929493048034852887,-0.079558153752975965811,0.6861928828520215129,0.7219114376029091007,-0.04066575896791121969
1578862398393829950,-0.1686965938654928221,-1.7704177061626911183,-0.18740083690466485811,-0.085149055773740642272,0.68432542725716039023,0.72369819520096467791,-0.026632126702460619944
1578862398625292650,-0.16564427783741492162,-1.6377818991635708645,-0.16863862830209724875,-0.086839812635840882282,0.6794714845949454407,0.72804605178735937177,-0.02694986159956977434
1578862398854887800,-0.16814781621971319758,-1.5681300819871584196,-0.15705989834675218586,-0.087704349923619209783,0.67503099828207158151,0.73224258558413435338,-0.021491724442966757269
1578862399118082799,-0.1576164872601905631,-1.4476440576446001351,-0.13066894692053179772,-0.073957917578702431216,0.67155818947286771703,0.73651423439553598271,-0.032963724179606294917
1578862399349545549,-0.15442998805022165043,-1.3489569469440887417,-0.11905409313069298394,-0.068848880849715812791,0.66500899212612751832,0.74276702715769005181,-0.03633201569070020065
1578862399579141100,-0.15639014845164581069,-1.2565044101979383484,-0.095312417071837976512,-0.067935705567945953165,0.65975902311002165845,0.74773229254782291875,-0.031609967016149091712
1578862399810603099,-0.14481065583392677132,-1.1812725517585012103,-0.073960386573358183337,-0.083589460993394634758,0.65701651314256093173,0.7488949615059228293,-0.022325772093197991663
1578862400040198900,-0.12813802921474876095,-1.1118964046741595109,-0.040598941210258449042,-0.099960307108108978347,0.65358819711554061449,0.75021977674609530151,0.00083196925380308423773
1578862400271661400,-0.11590130854586491727,-1.020786634032013751,-0.037195500220371505162,-0.10309232547139647596,0.64583487381181303721,0.75642475069037407032,-0.0095333488385897259543
1578862400534856100,-0.15072829825664166292,-0.9705582863551182049,-0.037747932951893006792,-0.11629162008655501148,0.63939474734709145221,0.75975275779423778744,-0.020648563783952241651
1578862400831650550,-0.15929851754616461412,-0.92963870180487873096,-0.0043139039590392577392,-0.12958207165878216083,0.61837499796888506509,0.77171017693975874074,-0.072692856587926027445
1578862401061246400,-0.16645484645500999155,-0.86824478398424986825,0.011960465532251581336,-0.13396305235323960336,0.59157975714169719339,0.78944882653220926905,-0.094116108244075222244
1578862401292708399,-0.18420908423443588253,-0.81723012785413928771,0.035449690407041795082,-0.14434083126821206644,0.54904420665513786748,0.81358055365335602005,-0.12570945184856466281
1578862401524170650,-0.20342640947174289723,-0.76794231879627739001,0.054867972702439538057,-0.12709737430709713846,0.49707176148086645862,0.84839586861966098663,-0.13034711922936328965
1578862401753766200,-0.27190078644530241148,-0.6794705578350647146,0.067778091434581938524,-0.11556928752221010126,0.43710047585962547023,0.88413728120934531596,-0.11784813006753173947
1578862402016961299,-0.34387531063232062989,-0.66331052148545455172,0.0518320777777628236,-0.090360880080310054807,0.36525266673955897323,0.91980875144977614077,-0.11125314173963225806
1578862402248423650,-0.4417839670460669832,-0.5545872467056207622,0.03536950377699395881,-0.072736599685211345001,0.30226337945609776936,0.94452349368217392023,-0.10593208384726379712
1578862402478019200,-0.55437507905196636848,-0.48629042025514873648,0.025868202631508744466,-0.060505323625054764636,0.24382746270784957932,0.96391779449890835352,-0.088032719432252548586
1578862402709481500,-0.64893637365717238286,-0.47465138601845607846,0.01618099632249787867,-0.043037730966875339944,0.19487626476891017901,0.9763221382007254423,-0.083463031348646632424
1578862402939077000,-0.50382998217353469617,-0.40546166369668862339,-0.059158583783390922273,-0.04304544937839217128,0.15351857553095921149,0.98439477706031963677,-0.074471868184734599239
1578862403170539649,-0.44555357424296593294,-0.33986442200537780867,-0.07924289691038789718,-0.034032240567859944891,0.11426772540014665247,0.99118606419976451605,-0.057748417032792764836
1578862403433734400,-0.36069504651935746509,-0.32146379886027048878,-0.020881742155183537907,-0.01396017837140515333,0.07709957785429007171,0.99594189816388878356,-0.044277578931609919144
1578862403730528600,-0.38562015059862109201,-0.28640798874615569503,-0.034385071372462584771,-0.0071834785328957709988,0.043441270889895453045,0.99864921245119120385,-0.027586302580444626437
1578862403960124650,-0.44045171024192225628,-0.24033976935866044333,-0.027971518757803355559,-0.0023389411446229973687,0.02464596450758951493,0.99947408195972209377,-0.020944337621158892054
1578862404191586599,-0.46367055634952364374,-0.2355507080648533702,-0.0067299585598224950789,0.0051555517806212546733,0.016170924393059973173,0.99941552054688997941,-0.029673873692273578656
1578862404454781400,-0.55122245633469768578,-0.23549439749841330483,-0.0017667613097824574377,0.0094151644194441271724,0.0071820530963691495141,0.99977606365608273631,-0.017538395947986042123
1578862404751576149,-0.61826100780573489679,-0.24640019191582823721,-0.0072555871741297791461,0.010039015965966928065,0.012152171114970529431,0.99976581319484314481,-0.014827732877448785223
1578862404981171450,-0.70469439145202972252,-0.24458486255964598244,0.0055318491383083865862,0.021191003186876680719,0.019472694687656038476,0.99950077491521605033,-0.013036736141401373407
1578862405212633900,-0.74550902304632371553,-0.25453255698513582717,0.026615679941500314937,0.024827762686268135817,0.032703868886315497211,0.99913718948151541976,-0.0062382493250476601931
1578862405444096300,-0.8284181821652295552,-0.22788465012266320708,0.016246969075953562878,0.031509883127722453089,0.044095928768535068432,0.99848567835794577174,-0.0094353826203086611779
1578862405673691550,-0.90209911356386551784,-0.21684491765669489105,0.0019407671539523607684,0.031502031465416795164,0.061551629704053534287,0.99760469383396643828,-0.001973254815073705818
1578862405936886600,-1.0053474080164384041,-0.18885061424777932482,0.01361757992200179207,0.040633036793348523141,0.083347297491178293227,0.99568377321041023897,0.0040010107656163751422
1578862406168349150,-1.0904375272415680609,-0.15612181079076084544,0.020109064420747731206,0.049937199370730739334,0.10112947172480719893,0.99360544105663506365,0.0052281516921887129234
1578862406397944650,-1.166192575242980034,-0.12356186940416820363,0.021213779128925504269,0.059227939654902118927,0.12327078188445876605,0.99056881665764995315,0.0083537394673435724779
1578862406629406800,-1.292576955603360167,-0.06294345903122101904,0.02576613154930629257,0.071280589394117521707,0.14570728802656301992,0.98674775980854778634,0.0041620072294262953558
1578862406859005700,-1.4144242848766108711,0.0034795383049884137661,0.024631541310233855818,0.065202751995310281874,0.16548408495043426258,0.9840499571621699193,0.0030496834718194360328
1578862407090464649,-1.5195679114041862334,0.075042544325767582269,0.035921543911542154481,0.067121831981176882653,0.18411612314283543057,0.98060768882689752779,-0.0021150611580008507953
1578862407320060699,-1.611371832328321041,0.13989494501582797059,0.023866400341299241761,0.06305067337887299006,0.20182595514754284038,0.97738927566798405877,0.0010489157508476621306
1578862407551522750,-1.6457195916241940115,0.18331009232337444614,0.0096325850636279249095,0.057596002498513924894,0.22454649762985173789,0.9727597516030974667,0.0001912046573158699954
1578862407814720600,-1.768904742816845177,0.28399537330248159073,0.013666632044346439454,0.05589086183207934988,0.24455096383090241252,0.96800829687513190169,-0.0055655039061696795141
1578862408111512150,-1.896109064948938272,0.38284386014074900384,0.019783548320625621297,0.050996327808549804517,0.26496280793834392497,0.96286618587364924959,-0.0090990692039069481778
1578862408374707199,-1.9929031878612832873,0.47042940744163974642,0.020861398203266417334,0.046115552786591851309,0.2894352931475995816,0.95601072527612362961,-0.012002500928561988733
1578862408671501199,-2.0756039990561458985,0.54766065751288073304,0.026252565625075482969,0.041446225449937069973,0.31321652421221141127,0.94855710678602223052,-0.020421423110782425947
1578862408901097250,-2.1241529850992479922,0.57943217689981385554,0.026807078389285695502,0.03593323363686029559,0.33160327920609894425,0.94255205923283558178,-0.018538704805409082776
1578862409132559449,-2.1388457333251498227,0.61051998034274568283,0.029263997034033786132,0.029495517925445389334,0.35761409992465997831,0.9330396772966107477,-0.026060133295414952131
1578862409364021550,-2.2252028826874541423,0.68897896829331362056,0.049392499788404875538,0.023651712734575090075,0.37524324100741340837,0.92603558703306187994,-0.033033287923750473403
1578862409593616949,-2.278836864014635033,0.74339916977742959148,0.067454490041090789387,0.020165381573082945266,0.39559437041125516954,0.91757851179864668989,-0.033884010536774228362
1578862409825079500,-2.3232843040908961463,0.81159521625173014492,0.059924324922542189509,0.012778446101172126828,0.41971963075275114941,0.90633594118890348224,-0.047194327889801358789
1578862410054675000,-2.3142314124377527662,0.84874286417277211569,0.058413474670314859127,-0.0059060470041558356044,0.44707469371282360093,0.89287810753381757767,-0.053460470788414746202
1578862410317870249,-2.3185497902136540382,0.86769067625578844005,0.035913210328169881125,-0.026239320540271820342,0.47005957453558150361,0.88016544567768462137,-0.060533318756912611602
1578862410549332099,-2.3507847095968879003,0.9009992953032259777,0.057910342948416418385,-0.04322768591342164568,0.48674959180453103436,0.8698419547375721983,-0.067684383920620788677
1578862410778927799,-2.3708228061224692063,0.95407598636358292854,0.063368443023696374716,-0.060701559755414795372,0.50321845773813012048,0.85872360550458515238,-0.075367591070802417152
1578862411010390150,-2.3492497839948343064,0.94603471678052886151,0.051482985214449300537,-0.08236514731996008587,0.51784032178520467138,0.8473945622475084205,-0.083545433827316148423
1578862411239985549,-2.3674390578086583758,0.98992754682177430681,0.070133967434263616569,-0.098976686953847231587,0.53639820543134120179,0.83392154064596712981,-0.083996694554048428882
1578862411471448100,-2.4017668644700620462,1.0160580080373591283,0.080349996425556929891,-0.11127639101021727375,0.54550257492143849891,0.82630213804705687775,-0.085260085716296493685
1578862411734643250,-2.4126593761235897162,1.0759823566276360829,0.060941903978794072227,-0.13674816327752600809,0.55947020150750070844,0.81251248250171603793,-0.090091615835964783399
1578862412031437250,-2.4286905827868539021,1.1361804942531097407,0.06643697100972191516,-0.16013558309814515668,0.56911537736717976443,0.80092370829846248892,-0.094791854898609403945
1578862412261032899,-2.4656532644374369312,1.1523166798371464736,0.067126909380211902123,-0.17786833476678295951,0.57014566043406145202,0.79607415176101259391,-0.097789193028336718339
1578862412492495199,-2.4667070889402755718,1.1296743957491319765,0.073048095831465195693,-0.19476179381966385318,0.57992668867882302131,0.78528240858336251229,-0.095312214302876119287
1578862412755690450,-2.5034364234757546797,1.2050150917251594151,0.054531481748567922629,-0.21866094972955041342,0.5821459664736365891,0.7769932417528185864,-0.097851750377470153586
1578862413052484600,-2.5337574675525567081,1.2462899693121196609,0.067398291332490534167,-0.24010332037685791495,0.58204382524415720912,0.77075607492207298677,-0.097521556640164722141
1578862413282080100,-2.556020141610546581,1.26975173393568741,0.067652642983029892543,-0.25517043939023359433,0.5808945619529333193,0.7673616160597406255,-0.092766938899236636717
1578862413513542649,-2.573050979638198843,1.2919684972329994466,0.087140654394388811221,-0.2703061941494412368,0.5812706755214867016,0.76239700771819429725,-0.088372879353514607881
1578862413745004799,-2.6012094415093161004,1.3191536766534559533,0.10984252460583018851,-0.2841097462166764509,0.57787147957928020059,0.76021655365755380629,-0.086121987542287462003
1578862413974600199,-2.6157437127516067754,1.3959235949411354927,0.12707734200354961485,-0.29657648125177887843,0.57233137356934116191,0.76019873964143569456,-0.081099111239131896345
1578862414206062550,-2.6136408790477334563,1.4445330547330805793,0.10549738689631493749,-0.31045731229372247606,0.57007805007814471576,0.75745386279948156982,-0.069935111298023530657
1578862414435657950,-2.630881010605505832,1.4929237763371494552,0.10432964107571394974,-0.32076876110232871442,0.56667593557338247212,0.75665784598442364928,-0.058776611443581497363
1578862414698852999,-2.6417700227535743096,1.5259182565411884003,0.093831661321650605689,-0.3315569877091948392,0.56128238302335609067,0.75702172374850462688,-0.044160617990973149993
1578862414930315449,-2.6554508170408532841,1.5334479604626929383,0.078757592206514737132,-0.3395377208398421276,0.55123925729572753607,0.76147623565809818835,-0.031675856272498845168
1578862415159911049,-2.6259357951535462483,1.5413704817797111435,0.064569217584421592648,-0.34606556479745004262,0.54647630985796269432,0.7624676266373787703,-0.015664799874097152382
1578862415391373100,-2.6146843123695173716,1.5627961528758453902,0.056788266060191570916,-0.35179662748252615856,0.54061131590288658,0.76418362583015275735,-0.0013870913601878021287
1578862415654568300,-2.6128061163281683932,1.5653210319057746513,0.039800809768953282486,-0.35714162657277975788,0.53237671732535918334,0.76725430477658274064,0.018593580083486969251
1578862415951362349,-2.6010951345737471918,1.5972570665626113495,0.03444992252024665913,-0.35916873886868161403,0.52373746562055034648,0.7713070752980821787,0.042217054843499475514
1578862416180958099,-2.5907500258916309477,1.6101899941913124792,0.03044545880959130188,-0.36014376380709378633,0.51713980410233395535,0.77399151137315547189,0.061644405470859912899
1578862416412420549,-2.591450606312556193,1.6093825705106314938,0.0056648627653786524927,-0.3599688588016624613,0.50933736551064578979,0.7773997494279553111,0.081532192272461195826
1578862416643882399,-2.5762862443453666828,1.6276820446514563834,0.0016142859155798220533,-0.35757704317462751797,0.50147267492573766035,0.78108865180894138103,0.10278293881915917529
1578862416873478449,-2.5597903503233978562,1.6776588559318457161,-0.0077833169646062769914,-0.35526617831811990733,0.49316484669472615554,0.78497479167019601487,0.11995396187635473662
1578862417136673299,-2.5412041755605718762,1.7053875492118695245,-0.018518984673026889914,-0.35081837946711680321,0.48449597291887186445,0.78883208320672681957,0.14118803545942573696
1578862417368135249,-2.5384401761091917038,1.72944758726226544,-0.02616781969182386397,-0.34632201500993287091,0.47397727724061305965,0.7937889690619360783,0.1590775759631690156
1578862417597731299,-2.5337970969048511094,1.7856110981781396774,-0.035917948798247001374,-0.33952439221813296433,0.46458806624008780473,0.79786330132876392973,0.17970884282266316734
1578862417829193500,-2.5341366428592402293,1.8205328363090875765,-0.060328982534607264454,-0.3325847834236783096,0.456615776221307057,0.80081696782702271875,0.19895119698272464848
