1578862341.769568 -0.0870143 0.7871872 -0.3955452 -0.8805043 -0.0573287 -0.0109803 0.4704307
1578862344.634848 0.1839390 1.1246818 -0.3913368 -0.8769117 -0.0692824 -0.0077717 0.4755687
1578862347.632659 0.4149386 1.2651092 -0.3679800 -0.8852820 -0.0894877 0.0380787 0.4547721
1578862350.367274 0.1994133 1.1274291 -0.3356351 -0.8974089 -0.0920170 0.0219138 0.4309407
1578862353.266153 0.3889593 1.1683427 -0.3444968 -0.8865659 -0.0941096 -0.0684542 0.4477257
1578862355.933569 0.6034346 1.3615003 -0.3463298 -0.9001218 -0.0578182 -0.0136673 0.4315681
1578862358.832448 0.6384359 1.6342782 -0.2125220 -0.8872563 -0.0986577 0.0012365 0.4506013
1578862361.038806 0.6572269 1.7056789 -0.1460865 -0.8700729 -0.0845265 0.0275301 0.4848408
1578862363.609157 0.6873101 2.5267560 0.0534194 -0.8315688 -0.0648216 0.0624574 0.5480791
1578862363.937690 0.6619402 2.6586173 0.0946486 -0.8235743 -0.0686568 0.0619277 0.5596219
1578862364.893405 0.5627592 3.0624084 0.1779852 -0.8330749 -0.0631507 0.0643939 0.5457579
1578862365.190194 0.5260785 3.1918015 0.1924558 -0.8394588 -0.0638620 0.0663455 0.5355641
1578862366.112310 0.4160361 3.6232469 0.2099414 -0.8497882 -0.0644111 0.0711580 0.5183125
1578862366.672299 0.3597794 3.9138253 0.2171488 -0.8575734 -0.0671758 0.0711557 0.5049675
1578862367.232288 0.3124386 4.2276869 0.2002759 -0.8715174 -0.0711718 0.0661633 0.4806397
1578862367.396552 0.3002917 4.3189521 0.1908793 -0.8803486 -0.0707042 0.0678909 0.4640886
1578862368.253336 0.2706574 4.8183422 0.2024956 -0.8724893 -0.0713396 0.0578857 0.4799193
1578862368.550130 0.2676703 4.9918728 0.2130013 -0.8678654 -0.0715253 0.0606050 0.4878738
1578862368.813325 0.2689227 5.1437912 0.2335825 -0.8591526 -0.0725283 0.0576065 0.5032674
1578862369.274383 0.2785158 5.4039917 0.2431779 -0.8691461 -0.0683962 0.0592668 0.4862041
1578862369.472246 0.2845457 5.5187559 0.2559204 -0.8691391 -0.0673924 0.0582552 0.4864791
1578862369.735441 0.2914684 5.6672525 0.2877264 -0.8555371 -0.0658281 0.0644367 0.5094811
1578862370.032235 0.2999558 5.8315191 0.3200288 -0.8476127 -0.0655333 0.0650524 0.5225193
1578862370.295430 0.3109024 5.9737453 0.3582501 -0.8403077 -0.0633839 0.0677197 0.5341157
1578862370.691156 0.3157248 6.1758022 0.4129438 -0.8341955 -0.0683739 0.0895850 0.5398309
1578862370.821820 0.3097165 6.2330089 0.4213486 -0.8349813 -0.0791381 0.1038797 0.5345582
1578862371.118615 0.2938941 6.3518658 0.4565630 -0.8256041 -0.1158293 0.1286515 0.5370384
1578862371.217546 0.2903011 6.3941607 0.4732699 -0.8153332 -0.1258852 0.1554003 0.5433558
1578862371.712209 0.2798288 6.6109076 0.5599608 -0.7586132 -0.2122800 0.2732419 0.5520707
1578862372.173261 0.2097969 6.7509508 0.6144171 -0.7079698 -0.3282194 0.3395997 0.5250932
1578862372.305792 0.1883831 6.7646804 0.6315279 -0.6877567 -0.3603685 0.3532554 0.5218581
1578862372.733251 0.0835199 6.7956791 0.6791525 -0.6409992 -0.4423197 0.3914779 0.4901208
1578862373.259641 -0.0965195 6.8104868 0.7343810 -0.6007637 -0.5045933 0.4241497 0.4522895
1578862373.853229 -0.3492465 6.7904129 0.7611003 -0.5826173 -0.5728382 0.4174781 0.3976499
1578862374.676414 -0.7838087 6.7361317 0.7708430 -0.5709769 -0.6342208 0.3876679 0.3485154
1578862375.038541 -0.9923100 6.7114487 0.7724187 -0.5642546 -0.6465886 0.3884740 0.3356008
1578862375.632129 -1.3507514 6.6760650 0.7807438 -0.5504089 -0.6523278 0.3952691 0.3395303
1578862375.928923 -1.5308747 6.6650395 0.8036656 -0.5416512 -0.6512973 0.4052851 0.3437583
1578862376.225718 -1.7093015 6.6570787 0.8210986 -0.5404084 -0.6535056 0.4097626 0.3361308
1578862376.619583 -1.9488816 6.6474981 0.8381860 -0.5425262 -0.6579768 0.4068160 0.3274641
1578862377.080635 -2.2291036 6.6440887 0.8527849 -0.5460467 -0.6641234 0.3975010 0.3205718
1578862377.640624 -2.5630369 6.6308146 0.8384140 -0.5524729 -0.6797494 0.3771414 0.3007970
1578862378.036350 -2.8097582 6.6187382 0.8499625 -0.5503663 -0.6746395 0.3848957 0.3062904
1578862378.432076 -3.0539742 6.6030469 0.8787823 -0.5448098 -0.6667925 0.3963527 0.3185511
1578862378.958466 -3.3687820 6.5649490 0.8762896 -0.5545838 -0.6761104 0.3820040 0.2989726
1578862379.518455 -3.6936221 6.5112004 0.8824086 -0.5527182 -0.6771964 0.3822385 0.2996686
1578862379.914181 -3.9195638 6.4699364 0.9068389 -0.5491555 -0.6686794 0.3963218 0.3069613
1578862380.309907 -4.1379280 6.4219899 0.9319654 -0.5483346 -0.6627085 0.4070596 0.3073261
1578862380.770964 -4.3775568 6.3548617 0.9711485 -0.5370345 -0.6567892 0.4419124 0.2914366
1578862381.034160 -4.4908729 6.3083773 0.9940503 -0.5033146 -0.6723433 0.4585592 0.2904348
1578862381.495218 -4.6493034 6.1931634 1.0013378 -0.4252142 -0.7366551 0.4600392 0.2547470
1578862381.792012 -4.7194395 6.1126809 1.0120122 -0.3582539 -0.7686362 0.4852799 0.2129695
1578862382.154139 -4.7807760 6.0106668 1.0158201 -0.2674754 -0.8051997 0.5011075 0.1702989
1578862384.459428 -4.9105244 5.4453378 0.9698486 0.0316053 -0.8527737 0.5202526 -0.0334000
1578862384.855154 -4.8649292 5.2687197 0.9888501 0.0472321 -0.8559422 0.5128107 -0.0464467
1578862385.777270 -4.7922802 4.8238416 1.1009145 0.0678557 -0.8421787 0.5302213 -0.0706823
1578862386.107664 -4.7753353 4.6525993 1.1387839 0.0736782 -0.8363345 0.5379906 -0.0753809
1578862387.425505 -4.7484341 3.9273565 1.2349911 0.0894386 -0.8430638 0.5246938 -0.0770747
1578862387.886563 -4.7204456 3.6562819 1.2528677 0.0898841 -0.8523877 0.5093473 -0.0769519
1578862388.379354 -4.6818171 3.3489904 1.2770538 0.0942902 -0.8516321 0.5092036 -0.0808948
1578862388.775080 -4.6505308 3.0943043 1.3151889 0.0907769 -0.8481470 0.5153940 -0.0823120
1578862389.071874 -4.6265945 2.8942504 1.3545222 0.0863817 -0.8428314 0.5239878 -0.0872361
1578862389.368668 -4.5952129 2.6884549 1.3934445 0.0861067 -0.8378744 0.5314286 -0.0901991
1578862389.697196 -4.5685320 2.4540534 1.4483624 0.0827397 -0.8294283 0.5446064 -0.0927728
1578862389.993990 -4.5466681 2.2369807 1.5028181 0.0811262 -0.8259009 0.5506525 -0.0899346
1578862390.324384 -4.5239315 1.9908588 1.5468187 0.0802454 -0.8305993 0.5437675 -0.0893444
1578862390.817174 -4.4752021 1.6338212 1.5914936 0.0880180 -0.8391851 0.5213053 -0.1275227
1578862391.048636 -4.4423079 1.4773040 1.5993862 0.1190262 -0.8409969 0.5095434 -0.1375590
1578862391.509695 -4.3578801 1.1964920 1.6248112 0.2018261 -0.8178347 0.5085493 -0.1782985
1578862391.772890 -4.2889619 1.0644028 1.6203370 0.2706018 -0.8000975 0.4980829 -0.1962961
1578862391.970752 -4.2386341 0.9764719 1.6105475 0.3215747 -0.7815086 0.4885362 -0.2171786
1578862392.299279 -4.1423259 0.8483862 1.5966420 0.4179814 -0.7468204 0.4624669 -0.2316793
1578862392.695011 -4.0029817 0.6971079 1.5868845 0.5031571 -0.6994541 0.4324192 -0.2657265
1578862392.892868 -3.9259706 0.6398025 1.5768704 0.5344373 -0.6780393 0.4167996 -0.2844601
1578862393.848583 -3.4335666 0.4765329 1.5313928 -0.6336899 0.6146166 -0.3463473 0.3173755
1578862394.244309 -3.1840198 0.4638605 1.5087028 -0.6571487 0.5955371 -0.3286686 0.3247586
1578862394.374973 -3.1020885 0.4655674 1.4933388 -0.6651345 0.5902181 -0.3237339 0.3231641
1578862395.132826 -2.5674231 0.5326828 1.4698741 -0.6769346 0.5704651 -0.3040913 0.3519342
1578862395.231757 -2.4978685 0.5485668 1.4603457 -0.6804124 0.5683349 -0.3006806 0.3516046
1578862395.726414 -2.1322222 0.6521263 1.4572946 -0.6817498 0.5569278 -0.2961940 0.3705641
1578862395.890678 -2.0122683 0.6893291 1.4532508 -0.6886153 0.5563026 -0.2909367 0.3628942
1578862396.286403 -1.7204697 0.7964296 1.4579108 -0.6893187 0.5504222 -0.2891621 0.3718340
1578862396.515999 -1.5460038 0.8657610 1.4735790 -0.6832840 0.5419053 -0.2977747 0.3883193
1578862396.911725 -1.2505968 0.9835670 1.4992638 -0.6831253 0.5369397 -0.2984422 0.3949279
1578862397.208519 -1.0213295 1.0690382 1.5301778 -0.6762654 0.5332631 -0.3056467 0.4060489
1578862397.537046 -0.7665020 1.1563922 1.5751536 -0.6708880 0.5295223 -0.3126693 0.4144315
1578862397.768509 -0.5875423 1.2106391 1.5985105 -0.6707869 0.5298374 -0.3079590 0.4177065
1578862398.031704 -0.3800762 1.2686272 1.6392548 -0.6642434 0.5226808 -0.3188405 0.4288663
1578862398.294899 -0.1808089 1.3192339 1.6937985 -0.6592570 0.5168463 -0.3271815 0.4372670
1578862398.625293 0.0700786 1.3718886 1.7535796 -0.6569305 0.5143958 -0.3276687 0.4432524
1578862399.579141 0.7316684 1.4648342 1.8751898 -0.6679024 0.5139329 -0.3180727 0.4342915
1578862399.711672 0.8152173 1.4705156 1.9022424 -0.6619564 0.5099306 -0.3206219 0.4460787
1578862400.172729 1.0845279 1.4800466 1.9953334 -0.6494256 0.4987150 -0.3282806 0.4709158
1578862400.534856 1.2811372 1.4774781 2.0512886 -0.6479603 0.5075172 -0.3027497 0.4805377
1578862400.995914 1.4938781 1.4717095 2.0969954 -0.6604466 0.5032887 -0.2171934 0.5131645
1578862402.149492 1.8537421 1.5540171 1.8650403 -0.7913680 0.2559604 -0.0414906 0.5536240
1578862402.610550 1.8628191 1.6262208 1.8325108 -0.8323567 0.1344337 -0.0061784 0.5376540
1578862403.071608 1.8479688 1.7352843 1.8096831 -0.8464776 0.0499062 0.0056466 0.5300501
1578862403.170540 1.8451020 1.7643757 1.8015444 -0.8504468 0.0322350 0.0026460 0.5250660
1578862404.488381 1.7109485 2.3333700 1.7308608 -0.8767990 -0.0695914 0.0153415 0.4755472
1578862404.915839 1.6942010 2.5816836 1.7123753 -0.8804246 -0.0650721 0.0107417 0.4695772
1578862405.311566 1.7085282 2.8265433 1.7000970 -0.8837780 -0.0539964 -0.0004922 0.4647800
1578862405.772623 1.7618346 3.1196694 1.6883783 -0.8899626 -0.0334097 -0.0207363 0.4543352
1578862406.233681 1.8590922 3.4184675 1.6687481 -0.8972747 -0.0071560 -0.0475433 0.4388469
1578862406.629407 1.9691473 3.6723766 1.6415391 -0.9035671 0.0218015 -0.0662967 0.4227244
1578862406.793671 2.0230253 3.7769835 1.6369298 -0.8996989 0.0348005 -0.0714186 0.4292206
1578862407.650454 2.3222132 4.2608652 1.6226187 -0.8902668 0.0973272 -0.0998775 0.4335631
1578862408.111512 2.4856548 4.4861679 1.6273408 -0.8834203 0.1363209 -0.1073098 0.4352813
1578862408.572570 2.6470017 4.6877260 1.6369505 -0.8743126 0.1773395 -0.1171423 0.4363553
1578862408.968296 2.7798364 4.8402891 1.6474981 -0.8627054 0.2136121 -0.1271743 0.4403816
1578862410.153606 3.1413636 5.1529546 1.6968508 -0.8074507 0.3344069 -0.1494859 0.4624386
1578862410.317870 3.1841984 5.1762285 1.7047739 -0.7960134 0.3509957 -0.1495734 0.4698855
1578862411.799975 3.4929481 5.2385468 1.7653394 -0.6813116 0.4605997 -0.1653051 0.5443682
1578862412.130369 3.5382638 5.2439547 1.7705407 -0.6555819 0.4751424 -0.1677303 0.5624222
1578862412.888221 3.6492364 5.2746401 1.7938643 -0.6005682 0.4949174 -0.1688355 0.6048713
1578862414.831384 3.9119635 5.4406948 1.8709745 -0.5232705 0.4407751 -0.2157601 0.6966727
1578862415.391373 3.9670577 5.4527636 1.8528175 -0.5172028 0.4043141 -0.2409257 0.7148330
1578862415.654568 3.9957685 5.4593630 1.8423176 -0.5162950 0.3851094 -0.2546920 0.7212921
1578862415.852431 4.0115218 5.4646592 1.8370705 -0.5158872 0.3709550 -0.2656887 0.7250257
1578862416.347088 4.0195541 5.4662871 1.8371797 -0.5178279 0.3333390 -0.2953888 0.7304005
1578862416.643883 4.0140314 5.4648857 1.8396058 -0.5194868 0.3113535 -0.3135598 0.7313501
1578862416.873478 4.0052695 5.4680920 1.8598585 -0.5211980 0.2976265 -0.3271788 0.7298802
1578862416.972409 4.0037036 5.4713888 1.8641582 -0.5224147 0.2908555 -0.3335229 0.7288679
1578862417.037742 4.0009322 5.4744024 1.8677845 -0.5227982 0.2867919 -0.3378147 0.7282264
1578862417.071341 3.9992378 5.4766150 1.8693323 -0.5233327 0.2846714 -0.3398665 0.7277196
1578862417.597731 3.8717406 5.5569448 2.0461159 -0.5339040 0.2683103 -0.3711601 0.7107717
1578862418.125988 3.7068965 5.5582590 2.0420952 -0.5469638 0.2319660 -0.4100186 0.6920311
1578862418.553446 3.6648760 5.4629002 1.9342194 -0.5692866 0.2201467 -0.4166748 0.6736693
1578862418.618778 3.6726460 5.4495535 1.9167423 -0.5778408 0.2257042 -0.4097542 0.6687744
1578862421.517656 4.1435037 5.5096483 1.6964521 -0.7752610 0.3718844 -0.2591429 0.4399058
1578862422.374440 4.2599211 5.5250778 1.7070408 -0.7869927 0.3774681 -0.2255258 0.4327796
1578862422.572303 4.2799125 5.5256104 1.7092848 -0.7944284 0.3666533 -0.2243749 0.4290745
1578862422.934430 4.3279161 5.5325012 1.7055988 -0.8101124 0.3516704 -0.2221204 0.4131687
1578862423.395487 4.3941860 5.5584192 1.7124705 -0.8157924 0.3486288 -0.1957382 0.4178842
1578862423.494419 4.4062924 5.5657415 1.7165618 -0.8131755 0.3493195 -0.1861884 0.4266796
1578862423.989076 4.4567742 5.5883808 1.7423997 -0.8026563 0.3419468 -0.1538870 0.4638254
1578862424.416534 4.4866962 5.5969772 1.7676907 -0.7941804 0.3318367 -0.1297787 0.4922596
1578862424.812261 4.5028152 5.5917759 1.7926569 -0.7794228 0.3231606 -0.1165942 0.5239020
1578862425.109055 4.5052977 5.5786996 1.8069735 -0.7657831 0.3198077 -0.1117280 0.5466409
1578862425.570113 4.5258269 5.5397673 1.8289695 -0.7331293 0.3337053 -0.1076697 0.5827260
1578862425.833308 4.5736017 5.4999413 1.8222737 -0.7138324 0.3635888 -0.1208666 0.5862064
1578862426.294366 4.6823268 5.4074945 1.7733631 -0.6986862 0.4244606 -0.1676111 0.5509785
1578862426.591160 4.7409840 5.3294401 1.7400475 -0.6966146 0.4540445 -0.1941378 0.5204635
1578862426.919688 4.7920742 5.2169414 1.7059832 -0.6851286 0.4946113 -0.2211719 0.4868691
1578862427.151149 4.8203688 5.1351385 1.6879973 -0.6690220 0.5260586 -0.2355675 0.4692333
1578862427.546875 4.8587770 5.0199542 1.6571889 -0.6467310 0.5607827 -0.2591732 0.4473155
1578862427.909002 4.8876390 4.9204698 1.6281033 -0.6327631 0.5877848 -0.2958972 0.4081237
1578862428.370060 4.8829689 4.8096905 1.6063242 -0.6230537 0.6134658 -0.3335094 0.3524704
1578862428.930049 4.8898816 4.6741948 1.6268868 0.5767035 -0.6543916 0.3499344 -0.3416584
1578862429.555371 4.9129972 4.5195923 1.6566901 0.5449746 -0.6961233 0.3541526 -0.3049442
1578862430.050028 4.9216886 4.4068031 1.6534393 0.5282006 -0.7362311 0.3261260 -0.2694620
1578862430.412155 4.9418888 4.3183603 1.6511424 0.5069077 -0.7650131 0.3120354 -0.2458324
1578862433.113171 5.0888920 3.9453037 1.7379041 0.3631125 -0.8296387 0.3859286 -0.1758070
1578862435.913117 5.2367287 3.7425749 1.9370953 0.3525726 -0.8172256 0.4173478 -0.1834549
1578862438.910927 5.3104258 3.6930828 2.0344667 0.3867261 -0.7775396 0.4344249 -0.2390610
1578862441.710874 5.2507343 3.5337400 1.9674469 0.3918830 -0.7694132 0.4670279 -0.1905678
1578862444.675085 5.4616213 3.3884740 1.9010621 0.4198913 -0.7652583 0.4407384 -0.2093344
1578862447.376101 5.5965018 3.2436237 1.7886282 0.4290111 -0.7589069 0.4521935 -0.1884963
1578862449.912853 5.5836639 3.0803027 1.7296126 0.3957110 -0.7963189 0.4278583 -0.1619447
1578862452.910663 5.4237833 2.7741542 1.7233043 0.4444508 -0.7475758 0.4362655 -0.2307947
1578862455.908472 5.7424612 2.8077216 1.6987181 0.4494397 -0.7572560 0.4056547 -0.2449727
1578862458.872682 6.0279403 2.7624769 1.7557843 0.4128731 -0.7547376 0.4542391 -0.2314605
1578862460.190524 6.0314283 2.7173822 1.8032029 0.4313599 -0.7418206 0.4627255 -0.2225221
1578862461.146239 5.9972239 2.6235406 1.8314347 0.4342237 -0.7473775 0.4539366 -0.2163756
1578862461.836892 5.9614754 2.5317566 1.8410554 0.4354829 -0.7429490 0.4679250 -0.1985642
1578862462.331549 5.9553876 2.4593673 1.8610132 0.4321074 -0.7289250 0.4902355 -0.2040113
1578862462.792607 6.0116982 2.3686662 1.8916237 0.4250662 -0.7165994 0.5037494 -0.2281239
1578862463.089401 6.0708137 2.3077478 1.9315195 0.4135668 -0.7078959 0.5161017 -0.2479618
1578862463.550459 6.2004766 2.2023287 1.9786420 0.4006622 -0.7119856 0.5100213 -0.2691182
1578862463.813654 6.2902517 2.1408901 1.9823568 0.4036075 -0.7314932 0.4801506 -0.2673462
1578862463.946185 6.3385491 2.1105220 1.9841537 0.4060801 -0.7364704 0.4723797 -0.2637567
1578862464.110448 6.4032331 2.0748005 1.9784474 0.4102297 -0.7471050 0.4526447 -0.2620278
1578862464.834701 6.7154884 1.9102721 1.9907579 0.4164584 -0.7658459 0.4215012 -0.2497585
1578862464.967232 6.7762918 1.8790846 1.9855788 0.4180923 -0.7739294 0.4080028 -0.2444706
1578862465.295759 6.9339514 1.7980487 1.9884603 0.4208631 -0.7711858 0.4130992 -0.2397828
1578862465.428290 6.9984493 1.7646854 1.9960837 0.4201902 -0.7715173 0.4130743 -0.2399393
1578862465.527221 7.0462613 1.7390859 1.9986444 0.4206893 -0.7700810 0.4161611 -0.2383397
1578862465.855748 7.2065845 1.6549859 1.9941564 0.4218055 -0.7774851 0.4038159 -0.2335160
1578862465.988279 7.2744408 1.6181672 1.9978051 0.4208725 -0.7727594 0.4127069 -0.2353348
1578862466.152543 7.3564415 1.5741391 2.0017486 0.4210859 -0.7737889 0.4095526 -0.2370742
1578862466.251474 7.4048719 1.5478244 2.0016413 0.4237845 -0.7757212 0.4055323 -0.2328235
1578862466.712532 7.6386247 1.4110203 2.0230799 0.4199753 -0.7705193 0.4174824 -0.2358585
1578862466.910394 7.7350755 1.3487806 2.0248351 0.4181627 -0.7697009 0.4196514 -0.2378928
1578862467.108257 7.8291531 1.2858579 2.0313864 0.4172053 -0.7710520 0.4193288 -0.2357580
1578862467.272521 7.9048548 1.2342398 2.0162292 0.4210960 -0.7780640 0.4042279 -0.2321514
1578862467.569315 8.0354700 1.1347175 2.0137758 0.4190775 -0.7812776 0.4001096 -0.2321458
1578862468.030373 8.2260199 0.9732583 2.0570545 0.4012526 -0.7592486 0.4444191 -0.2550092
1578862468.293568 8.3242111 0.8797672 2.0750976 0.3980396 -0.7593158 0.4450251 -0.2587601
1578862468.426098 8.3747587 0.8334963 2.0807505 0.3964800 -0.7559342 0.4503833 -0.2617671
1578862468.819958 8.5126448 0.6986160 2.1078229 0.3964579 -0.7522265 0.4531284 -0.2676772
1578862468.952488 8.5580921 0.6546104 2.1151586 0.3967854 -0.7529612 0.4499423 -0.2704857
1578862469.611409 8.7852869 0.4455979 2.1360860 0.3980181 -0.7598969 0.4373080 -0.2700002
1578862470.072467 8.9576054 0.3098752 2.1418118 0.3969618 -0.7638228 0.4318667 -0.2692343
1578862470.236737 9.0211668 0.2641799 2.1474590 0.3979796 -0.7657984 0.4286540 -0.2672463
1578862470.632456 9.1857395 0.1621647 2.1635637 0.3998584 -0.7609738 0.4343264 -0.2690587
1578862470.796720 9.2584133 0.1184220 2.1775122 0.3961450 -0.7518727 0.4509057 -0.2728381
1578862471.192451 9.4419746 0.0139904 2.2134619 0.3908063 -0.7473141 0.4611207 -0.2759707
1578862471.291377 9.4891453 -0.0114193 2.2161608 0.3911237 -0.7495117 0.4572845 -0.2759447
1578862471.390308 9.5361938 -0.0379379 2.2224336 0.3915826 -0.7537320 0.4503095 -0.2752681
1578862471.884965 9.7782660 -0.1747806 2.2478580 0.3979912 -0.7589687 0.4404476 -0.2675363
1578862472.015629 9.8433828 -0.2152433 2.2523508 0.3971867 -0.7588084 0.4408765 -0.2684782
1578862472.411355 10.0301590 -0.3271654 2.2812815 0.4138279 -0.7469885 0.4368850 -0.2826412
1578862472.510286 10.0755863 -0.3540797 2.2876682 0.4265558 -0.7374354 0.4408975 -0.2825749
1578862472.971344 10.2701330 -0.4613656 2.3500128 0.4795175 -0.6788800 0.4444762 -0.3341044
1578862473.202807 10.3527708 -0.4970415 2.3895578 0.5073877 -0.6429682 0.4308198 -0.3788718
1578862473.695597 10.5119572 -0.5493462 2.4335575 -0.6024150 0.5532364 -0.3921026 0.4210479
1578862473.828128 10.5452147 -0.5549403 2.4507465 -0.6233004 0.5238291 -0.3815076 0.4376663
1578862473.927059 10.5674829 -0.5561244 2.4583044 -0.6379195 0.5031497 -0.3733491 0.4477829
1578862474.057723 10.5936260 -0.5575144 2.4717875 -0.6491124 0.4844289 -0.3401725 0.4777702
1578862474.156655 10.6291561 -0.5719019 2.5179701 -0.6446754 0.4978980 -0.2763584 0.5100169
1578862474.223854 10.6421471 -0.5701889 2.5390315 -0.6483523 0.4886750 -0.2538093 0.5257537
1578862474.388117 10.6849279 -0.5637412 2.6019621 -0.6538281 0.4667037 -0.1651863 0.5721974
1578862474.453449 10.6914330 -0.5653195 2.6209378 -0.6549296 0.4568021 -0.1293110 0.5879437
1578862474.552380 10.7005329 -0.5663333 2.6470876 -0.6582997 0.4415261 -0.0752176 0.6050113
1578862474.617713 10.6984825 -0.5662224 2.6589003 -0.6629593 0.4263061 -0.0441925 0.6138363
1578862474.684911 10.6939030 -0.5677333 2.6707644 -0.6645436 0.4114764 -0.0054707 0.6237301
1578862474.750243 10.6884403 -0.5676255 2.6813331 -0.6633729 0.3959108 0.0409017 0.6336547
1578862474.849174 10.6863728 -0.5740690 2.6876111 -0.6629465 0.3741968 0.0983404 0.6409429
1578862474.914507 10.6816187 -0.5726056 2.6924496 -0.6680888 0.3576552 0.1165147 0.6420004
1578862474.948106 10.6774521 -0.5697389 2.6951637 -0.6727307 0.3469350 0.1212325 0.6421622
1578862475.244901 10.6398478 -0.5515752 2.7160368 -0.6965019 0.2470326 0.1631366 0.6536410
1578862475.310233 10.6326637 -0.5428214 2.7183595 -0.6986203 0.2255667 0.1608902 0.6596695
1578862475.409164 10.6209564 -0.5293512 2.7234526 -0.7017841 0.1935560 0.1704090 0.6640753
1578862475.573427 10.5860796 -0.4957080 2.7334425 -0.6977019 0.1413480 0.2034197 0.6722004
1578862475.672359 10.5666323 -0.4719887 2.7372162 -0.6940171 0.1095255 0.2159836 0.6780085
1578862475.969153 10.5123777 -0.4066806 2.7504573 -0.6834063 0.0097394 0.2380476 0.6900684
1578862476.430211 10.4124041 -0.2794108 2.7397466 -0.6766455 -0.1155932 0.2582344 0.6797825
1578862476.594475 10.3780813 -0.2501478 2.7411387 -0.6780720 -0.1525821 0.2692468 0.6666658
1578862477.253395 10.2325811 -0.1305065 2.7457552 -0.6845030 -0.2714385 0.2606356 0.6243764
1578862478.076579 10.0296192 0.0030756 2.7655067 -0.7022179 -0.3601193 0.2530352 0.5596225
1578862478.537640 9.9086227 0.0790048 2.7556009 -0.7193220 -0.3956961 0.2477718 0.5144021
1578862478.998695 9.7826519 0.1614180 2.7349391 -0.7368972 -0.4199955 0.2380176 0.4732167
1578862479.493355 9.6438046 0.2632916 2.7041130 -0.7498943 -0.4456505 0.2251787 0.4339916
1578862479.889078 9.5276766 0.3593924 2.6689334 -0.7580296 -0.4586361 0.2151906 0.4107760
1578862480.053341 9.4779587 0.4041175 2.6478200 -0.7597303 -0.4632674 0.2106526 0.4047451
1578862480.514399 9.3390226 0.5348878 2.5999742 -0.7727264 -0.4723152 0.1987518 0.3745798
1578862480.811193 9.2429190 0.6225311 2.5729876 -0.7752478 -0.4778197 0.1921960 0.3657047
1578862481.272251 9.0822916 0.7625577 2.5492158 -0.7722636 -0.4732051 0.2055638 0.3707150
1578862481.832240 8.8676195 0.9316059 2.5758734 -0.7600475 -0.4542246 0.2393327 0.3984065
1578862481.931172 8.8266563 0.9613506 2.5872087 -0.7551271 -0.4499514 0.2449421 0.4090601
1578862482.030103 8.7867737 0.9889565 2.5953922 -0.7498801 -0.4447206 0.2537032 0.4189728
1578862482.392230 8.6363535 1.0851483 2.6347814 -0.7381703 -0.4344874 0.2714865 0.4388857
1578862482.590092 8.5531816 1.1325700 2.6599078 -0.7329298 -0.4293302 0.2826936 0.4456163
1578862482.754356 8.4829617 1.1723266 2.6905632 -0.7213283 -0.4230167 0.2896327 0.4656773
1578862483.084750 8.3427544 1.2442684 2.7448959 -0.7126551 -0.4149888 0.2995528 0.4797657
1578862483.215414 8.2834845 1.2721119 2.7589288 -0.7108335 -0.4145033 0.3019344 0.4813922
1578862483.413277 8.1947279 1.3103414 2.7835145 -0.7146553 -0.4150016 0.3039648 0.4739694
1578862483.545808 8.1343660 1.3367801 2.7989869 -0.7141535 -0.4164625 0.3011268 0.4752541
1578862483.939667 7.9464688 1.4037695 2.8389549 -0.7228481 -0.4197419 0.2973618 0.4613929
1578862484.171129 7.8334484 1.4389839 2.8703322 -0.7226939 -0.4131880 0.3024237 0.4642512
1578862484.335392 7.7544780 1.4654315 2.8881960 -0.7309537 -0.4058524 0.2924843 0.4641588
1578862484.434324 7.7085047 1.4828517 2.8947740 -0.7364321 -0.3993804 0.2820706 0.4675460
1578862484.566855 7.6477580 1.5063961 2.9086671 -0.7493747 -0.3778804 0.2845059 0.4633577
1578862484.731118 7.5756593 1.5366497 2.9297645 -0.7579001 -0.3562187 0.2681332 0.4762355
1578862485.126844 7.4192457 1.6100767 3.0043297 -0.7747359 -0.2764834 0.2078561 0.5292796
1578862485.587902 7.2840638 1.7014909 3.0532024 -0.8123171 -0.1524445 0.1451353 0.5439094
1578862485.950028 7.2264776 1.7771225 3.0848162 -0.8319892 -0.0493423 0.0959179 0.5442050
1578862486.312161 7.1934304 1.8514242 3.1024756 -0.8387080 0.0520378 0.0853379 0.5353302
1578862486.773212 7.2037764 1.9396315 3.1143436 -0.8356639 0.2106027 0.0796169 0.5009726
1578862487.234270 7.2667246 2.0102158 3.1247275 -0.7910675 0.3770416 0.0458826 0.4795275
1578862487.432133 7.3099742 2.0343223 3.1237924 -0.7670169 0.4438373 0.0353419 0.4620005
1578862487.926790 7.4376521 2.0874591 3.0825710 -0.7089877 0.5874993 -0.0147044 0.3898269
1578862488.156385 7.5103683 2.1058211 3.0579019 -0.6768115 0.6409457 -0.0471659 0.3590129
1578862488.651043 7.6831346 2.1321020 3.0007975 0.6211312 -0.7164738 0.1025926 -0.3005597
1578862488.848906 7.7622643 2.1383276 2.9722950 0.5979825 -0.7376549 0.1274698 -0.2864155
1578862489.276365 7.9428053 2.1379604 2.8928092 0.5598637 -0.7774986 0.1470620 -0.2458075
1578862489.672090 8.1309977 2.1211662 2.8173075 0.5327563 -0.7981861 0.1721869 -0.2223095
1578862489.968884 8.2877407 2.0871849 2.7807100 0.5122297 -0.8020850 0.2122349 -0.2218939
1578862490.067816 8.3387051 2.0761480 2.7666039 0.5046764 -0.8024219 0.2251236 -0.2252562
1578862490.232079 8.4298573 2.0515218 2.7587759 0.4920838 -0.8015693 0.2501980 -0.2296546
1578862490.528873 8.5930071 1.9990516 2.7519836 0.4688973 -0.7922710 0.3056265 -0.2429705
1578862490.792068 8.7334843 1.9475040 2.7534094 0.4553293 -0.7857782 0.3388350 -0.2458024
1578862490.891000 8.7857494 1.9288430 2.7529793 0.4501089 -0.7821475 0.3499233 -0.2513980
1578862490.989931 8.8371658 1.9100471 2.7519064 0.4484496 -0.7811165 0.3557462 -0.2493888
1578862491.253126 8.9721804 1.8572969 2.7545190 0.4397497 -0.7737954 0.3799846 -0.2519379
1578862491.549920 9.1190643 1.7965045 2.7642508 0.4311427 -0.7728829 0.3911940 -0.2524580
1578862491.714184 9.1976566 1.7644963 2.7674241 0.4246787 -0.7716119 0.3972679 -0.2577623
1578862492.175248 9.4045372 1.6583669 2.8053851 0.4131735 -0.7593083 0.4272422 -0.2649575
1578862492.307772 9.4572411 1.6277468 2.8195467 0.4104642 -0.7557951 0.4358786 -0.2651468
1578862492.406704 9.4975929 1.6051626 2.8255434 0.4082837 -0.7524618 0.4427602 -0.2665879
1578862492.735231 9.6210938 1.5294702 2.8661647 0.3968316 -0.7421167 0.4651413 -0.2746474
1578862492.867762 9.6660023 1.4989629 2.8818769 0.3902237 -0.7352793 0.4767797 -0.2824374
1578862493.097358 9.7386265 1.4447725 2.9191108 0.3828188 -0.7266502 0.4926049 -0.2876974
1578862493.196289 9.7684536 1.4220546 2.9381371 0.3769282 -0.7175391 0.5067135 -0.2937761
1578862493.987740 9.9989719 1.2224402 3.0277987 0.3807009 -0.7215359 0.4976327 -0.2946432
1578862494.349867 10.0998602 1.1221976 3.0615673 0.3822955 -0.7302946 0.4832080 -0.2950083
1578862494.613062 10.1751490 1.0438304 3.0850134 0.3810280 -0.7355651 0.4743395 -0.2979325
1578862494.745593 10.2111864 1.0009917 3.1088014 0.3749639 -0.7275968 0.4895205 -0.3006241
1578862494.909856 10.2565870 0.9478142 3.1357718 0.3668356 -0.7182533 0.5040440 -0.3090040
1578862495.305582 10.3674402 0.8151655 3.1948657 0.3636577 -0.7156987 0.5118116 -0.3059043
1578862495.766639 10.5067368 0.6554523 3.2207899 0.3788022 -0.7360373 0.4806209 -0.2894157
1578862496.227697 10.6535339 0.4942985 3.2334943 0.3915126 -0.7509456 0.4565344 -0.2727177
1578862496.490892 10.7443419 0.4204588 3.2274151 0.4155308 -0.7475020 0.4327257 -0.2851728
1578862496.623423 10.7918816 0.3898454 3.2247581 0.4408079 -0.7365362 0.4319322 -0.2768348
1578862497.050882 10.9449291 0.3218803 3.2255468 0.5251256 -0.6760570 0.4255774 -0.2933835
1578862497.248744 11.0133982 0.3089118 3.2280312 0.5597578 -0.6455464 0.4033762 -0.3274579
1578862497.511939 11.1031818 0.2999666 3.2394247 -0.6070905 0.5931369 -0.3837337 0.3638384
1578862497.972997 11.2563963 0.3270326 3.2268953 -0.7044155 0.5012053 -0.3283937 0.3804599
1578862498.269791 11.3574657 0.3688855 3.1917295 -0.7758139 0.4234904 -0.3388242 0.3224388
1578862498.532986 11.4294567 0.4263716 3.1655540 -0.8270099 0.3101945 -0.3568367 0.3041409
1578862498.665517 11.4639921 0.4566541 3.1657348 -0.8392401 0.2566897 -0.3680753 0.3070946
1578862498.994050 11.5213547 0.5545717 3.1713972 -0.8569356 0.1285347 -0.3621592 0.3434834
1578862499.126575 11.5319328 0.5952432 3.1804512 -0.8599552 0.0851823 -0.3433155 0.3679070
1578862499.455102 11.5497303 0.6934197 3.1806059 -0.8792779 -0.0073784 -0.2771388 0.3873114
1578862499.554033 11.5555391 0.7232096 3.1794860 -0.8850505 -0.0258157 -0.2503543 0.3915890
1578862500.048690 11.5616941 0.8657761 3.1620417 -0.8925516 -0.1482786 -0.1509666 0.3982139
1578862500.147622 11.5576830 0.8951074 3.1554549 -0.8927518 -0.1707334 -0.1287029 0.3965856
1578862500.410816 11.5374413 0.9721057 3.1528025 -0.8821102 -0.2197337 -0.0610684 0.4121521
1578862500.543347 11.5241985 1.0102450 3.1498072 -0.8789585 -0.2361059 -0.0263092 0.4135141
1578862500.871875 11.4819727 1.1070528 3.1553466 -0.8616602 -0.2716804 0.0425568 0.4265214
1578862501.168669 11.4346209 1.1927756 3.1653504 -0.8437465 -0.2946614 0.1014580 0.4370044
1578862501.431867 11.3846788 1.2674450 3.1515694 -0.8424551 -0.3187398 0.1302575 0.4143760
1578862501.892921 11.2758389 1.3989794 3.1353755 -0.8267475 -0.3506401 0.1641540 0.4081588
1578862502.288647 11.1633530 1.5070739 3.1487083 -0.8026825 -0.3609186 0.2054051 0.4280738
1578862502.452911 11.1103325 1.5520504 3.1475267 -0.7947991 -0.3670711 0.2145662 0.4330296
1578862502.913968 10.9541206 1.6732144 3.1624947 -0.7796592 -0.3817614 0.2342566 0.4376227
1578862503.046499 10.9071655 1.7067480 3.1780972 -0.7736914 -0.3832312 0.2426737 0.4423175
1578862503.375026 10.7880602 1.7884498 3.2048597 -0.7597189 -0.3849287 0.2603483 0.4548361
1578862503.507557 10.7416086 1.8205652 3.2202311 -0.7532750 -0.3861252 0.2619500 0.4635369
1578862503.935015 10.5830536 1.9217100 3.2618594 -0.7442189 -0.3917362 0.2719674 0.4676696
1578862504.067546 10.5316334 1.9514184 3.2680101 -0.7422139 -0.3946810 0.2743134 0.4670093
1578862504.166478 10.4931488 1.9734571 3.2711844 -0.7449059 -0.3989272 0.2729551 0.4598563
1578862504.528604 10.3525448 2.0519266 3.2980719 -0.7385062 -0.4050968 0.2771767 0.4622535
1578862504.857132 10.2186356 2.1210721 3.3158574 -0.7377901 -0.4091121 0.2773483 0.4597511
1578862504.989661 10.1642962 2.1489401 3.3178401 -0.7425899 -0.4108682 0.2770598 0.4505391
1578862505.088593 10.1251659 2.1693442 3.3271914 -0.7417430 -0.4109229 0.2762899 0.4523534
1578862505.484318 9.9586458 2.2471132 3.3573503 -0.7347592 -0.4076939 0.2820410 0.4629983
1578862505.648582 9.8886528 2.2774706 3.3714199 -0.7280657 -0.4070701 0.2839483 0.4728506
1578862505.812847 9.8189898 2.3074288 3.3892627 -0.7258581 -0.4067057 0.2853505 0.4757054
1578862506.273903 9.6206255 2.3855562 3.4477134 -0.7103625 -0.4025927 0.2889126 0.4998336
1578862506.406434 9.5626211 2.4071345 3.4663863 -0.7033930 -0.4005879 0.2913802 0.5097699
1578862506.570698 9.4901838 2.4320831 3.4865623 -0.7007229 -0.3989644 0.2965918 0.5117111
1578862506.833892 9.3761177 2.4697776 3.5316486 -0.6910830 -0.3949335 0.3004524 0.5255095
1578862507.031755 9.2896757 2.4961786 3.5653677 -0.6881381 -0.3944119 0.3030540 0.5282648
1578862507.196018 9.2182283 2.5179124 3.5986886 -0.6800533 -0.3925113 0.3046992 0.5390926
1578862507.492813 9.0900507 2.5560188 3.6561661 -0.6728670 -0.3916356 0.3078379 0.5469071
1578862507.756008 8.9740601 2.5879407 3.7071841 -0.6630630 -0.3889519 0.3163657 0.5558568
1578862507.888539 8.9187880 2.6038747 3.7395792 -0.6591650 -0.3878322 0.3167084 0.5610556
1578862508.086401 8.8306122 2.6282682 3.7797689 -0.6499862 -0.3850322 0.3243937 0.5692423
1578862508.513860 8.6476297 2.6776466 3.8748360 -0.6418834 -0.3803898 0.3374084 0.5739731
1578862508.777055 8.5451965 2.7047329 3.9309521 -0.6361328 -0.3785465 0.3422448 0.5787107
1578862509.008517 8.4558086 2.7238650 3.9752197 -0.6322432 -0.3756229 0.3487763 0.5809742
1578862509.172781 8.3925467 2.7340417 4.0093031 0.6269698 0.3730187 -0.3505588 -0.5872601
