1578862343.97593 -0.127461558085637 -0.100689565693308 0.0775362027002211 -0.132262445939203 0.988763538725504 0.00206089669235887 0.0696352108205215
1578862344.43699 -0.194871220295548 0.0382604475092408 0.0598334127326215 -0.126714416104624 0.990770455894028 -0.00595845747215962 0.0477687896366917
1578862345.59056 -0.27771679916376 0.0883759765140054 0.0563946809605968 -0.120264238226958 0.99155928540478 0.00781308277089776 0.047808495781241
1578862346.97374 -0.373316473713487 0.297473635478514 0.0665374717231912 -0.151492057664972 0.986703333282161 0.0124437999799619 0.057548591610594
1578862349.04943 -0.254563555261006 0.0845738040264944 0.139967990465269 -0.166436662102398 0.980881923918643 -0.0140437021668709 0.0998612200372005
1578862351.09153 -0.196334004243745 0.0557983877373864 0.136923689284515 -0.133699426374526 0.985893893706639 -0.0180843377000471 0.0990487277507095
1578862352.7379 -0.198264795247998 0.0200758285626609 0.104082950248965 -0.112663556005659 0.98884200854653 0.0594267516254587 0.0772454948399351
1578862354.35253 -0.298951853448588 0.222694675790327 0.0611496823940725 -0.113945645674725 0.990254429790681 0.0265519453162608 0.0755483177286201
1578862355.70211 -0.366686429618565 0.171038884344216 0.0515017868513181 -0.0908270962373153 0.990701372603711 0.0239236276242111 0.0984321540530107
1578862357.11888 -0.498169069311259 0.312532283287772 0.0747240699936929 -0.130072886896697 0.988532329649474 0.0070704152211159 0.0763864291660618
1578862358.43672 -0.528214685067431 0.209545581173545 0.120891265527509 -0.127592694334514 0.988331525441664 0.0299009737430441 0.0776326731462199
1578862360.41348 -0.450392895327805 0.285870798886507 0.128708919913799 -0.128582062027571 0.989640200465335 -0.0284391324975978 0.0571851614534032
1578862360.57775 -0.404302344271992 0.190421784403693 0.137712988418312 -0.121662249126401 0.99062843352831 -0.00497524451288245 0.0618777081410326
1578862361.03881 -0.42067762126688 0.292684806129915 0.114534993339432 -0.127535514813879 0.990763118457023 -0.0304427565043908 0.0345886418190413
1578862361.89559 -0.498791608902165 0.308141059703441 0.104734032760871 -0.127153454804717 0.990740175325095 -0.0473346913614704 -0.00503298338345659
1578862362.29132 -0.540538714388916 0.222324171730851 0.127708692258527 -0.120800749676918 0.99189686720087 -0.0352668395893401 -0.0174365633073564
1578862362.75237 -0.649565888626524 0.319405628556652 0.13691054672928 -0.128706227947729 0.989747162237872 -0.0614980464832623 -0.00729739736394255
1578862363.1481 -0.703271509467824 0.22197374353058 0.176372185472554 -0.118936571502541 0.991933228853791 -0.0404537176296694 0.0169132547089813
1578862363.47663 -0.797830411383649 0.308103432100673 0.159989912652847 -0.123767549260825 0.989448188278137 -0.0749816903035113 -0.00718488568512821
1578862363.60916 -0.806314122792684 0.214816519315425 0.180886301089756 -0.118808083651908 0.991324925321366 -0.0525681664416849 -0.019902752887644
1578862363.77342 -0.867309423630149 0.30312903090623 0.164990772156758 -0.128544286505881 0.98740406888573 -0.0822607939243958 -0.0417460529574343
1578862363.87235 -0.863586373303024 0.209405821973244 0.202108357013494 -0.123370216691035 0.989966571539673 -0.0599548075245266 -0.0339322548953942
1578862364.33341 -0.9795633288446 0.269172991698584 0.226486068817472 -0.127835937752332 0.987608508032409 -0.0789717630774546 -0.0452865158454295
1578862365.19019 -1.12948725592545 0.117105862429958 0.330311557250046 -0.121102933653386 0.990885954855682 -0.0570036483834391 -0.0151554611035395
1578862365.91445 -1.27850717133706 0.0656833829681208 0.366936495297686 -0.122962152513814 0.990864318485277 -0.0523686021265725 0.0180482939133644
1578862366.04698 -1.33300241248154 0.147134734878479 0.336922674243388 -0.130053255568692 0.988712623511465 -0.0743596022262826 0.00203675767020361
1578862366.27657 -1.36054558933597 0.0401580745373973 0.366584160383503 -0.12487181431933 0.990824066550475 -0.0511792911405627 0.00744172636726281
1578862367.13336 -1.56586362597391 -0.0157876574236819 0.366425031408857 -0.127407725725313 0.990177746889004 -0.0441646578580711 0.0369429829277059
1578862367.69335 -1.70068627889657 -0.045890489373642 0.339866446864688 -0.131058785702225 0.988195954983487 -0.0344681476530232 0.0714443562634564
1578862367.99014 -1.79570924338833 0.0339005395131261 0.303673366646639 -0.133798264650101 0.988071312522129 -0.0570974225814076 0.0505271222411953
1578862368.25334 -1.8351570004019 -0.0670487147273565 0.3132191104581 -0.127868471120539 0.989849505458081 -0.036724209945571 0.0499894292981984
1578862368.87866 -1.98112842720208 -0.0794837210951149 0.284031513472497 -0.129700090789026 0.990566623782694 -0.0368529544830921 0.024444018551331
1578862369.47225 -2.11799802384516 -0.0863269281016034 0.278808712127048 -0.124475286514798 0.990360719759708 -0.0396048018684564 0.046076105228745
1578862369.83437 -2.22609968901797 0.00666193632475146 0.237258541183484 -0.131609004672954 0.988613912196164 -0.0726116316190117 0.0070109524897834
1578862370.03224 -2.25403188884492 -0.0830871368030725 0.250632389798829 -0.126441401328164 0.990891389670099 -0.0458907576235477 0.00639251691931325
1578862370.42796 -2.34528133231936 -0.083505838139972 0.248776250864929 -0.126530168747609 0.9899440641452 -0.0610415020303989 -0.0165771315448887
1578862370.65756 -2.43110046796007 0.0114491590410048 0.230549194573105 -0.140176596456344 0.985881462068682 -0.0864939929880993 -0.0301173327538641
1578862370.88902 -2.45460647878211 -0.0701535745864568 0.257760805030093 -0.158363905445159 0.984732569033563 -0.0714610029908901 -0.010768750542614
1578862371.28474 -2.57201907773234 0.0226449620384379 0.231131383059977 -0.228954926886335 0.964541953671307 -0.12553384515897 -0.0384670610004741
1578862371.35008 -2.54114463932223 -0.0544235057995971 0.264145793368904 -0.237703185291857 0.964991158190727 -0.103712641471926 -0.0391528838623217
1578862371.77754 -2.69832324420473 0.0162958536903971 0.251276238881179 -0.357489706728758 0.916976469215583 -0.162588490269936 -0.0701444746195359
1578862372.37112 -2.78651186791678 -0.0787537165768925 0.294294449442119 -0.514803570434221 0.843585274016138 -0.133616712929395 -0.0740793045137249
1578862372.53539 -2.90911483962821 -0.0724581628702558 0.274526569596521 -0.55851187717879 0.812176963056177 -0.15404141949332 -0.0685879348832727
1578862373.19431 -2.99337331569533 -0.226613695742636 0.340860019288713 -0.655370143600394 0.738312073708752 -0.150669010689934 -0.0518083575380963
1578862373.95216 -2.92412601997574 -0.437637138043913 0.445382585736682 -0.718536697536492 0.690566160819304 -0.0806559390347323 -0.0178328719801892
1578862374.31429 -2.91953411702387 -0.568572899052854 0.466497274302527 -0.736343822869079 0.674533437404227 -0.0528623843440156 0.00282571542300192
1578862375.43427 -2.96566230212994 -1.09269825914973 0.456470117853521 -0.769976856550268 0.635219060032784 -0.0431674319847064 0.0420589938524371
1578862375.59853 -2.86600718965234 -1.15841830861905 0.468993886544171 -0.769295419047787 0.638203063626303 -0.0184449583748361 0.0232635190940636
1578862375.99426 -2.85221071189744 -1.3670316108643 0.461886560240179 -0.775316399322221 0.630610750936294 -0.033478849620014 0.00968134152414185
1578862376.22572 -2.93708357350201 -1.51110409952457 0.445987033507487 -0.781034693115807 0.621060432323989 -0.0594181307680692 0.0271704487829022
1578862376.38998 -2.83781792323008 -1.5764962297576 0.46671653793833 -0.779138100073614 0.625714855325768 -0.0356083959631402 0.0125213008614291
1578862377.17957 -2.90329503344651 -2.02158174687651 0.469800379880674 -0.783979164359866 0.618021499204229 -0.0435967142367273 0.0390566624114688
1578862377.87209 -2.86654469394761 -2.41149847805601 0.486943510556442 -0.784887106117354 0.615502336272495 -0.0135780778515804 0.0701764953220123
1578862378.49741 -2.73702889467063 -2.76101129877119 0.502696443625162 -0.782196983196705 0.621923506233041 -0.0139584656080557 0.0344121070357716
1578862378.7942 -2.80712623064672 -2.95182204815179 0.490604914120101 -0.784152481126883 0.617502544489404 -0.0290819911311891 0.0543114323463225
1578862379.25526 -2.68474749816303 -3.19737766215637 0.517767152250953 -0.783298763845976 0.619587569103168 0.00663710076391683 0.0501022919998649
1578862379.58565 -2.74783957088379 -3.39742216572954 0.502196111281218 -0.786017086977402 0.614943250933358 -0.0231216132703448 0.0590536037075465
1578862379.91418 -2.63116361079789 -3.5595502593201 0.543245106909189 -0.782746979199914 0.620518977172091 -0.00979328341220664 0.0465559568983129
1578862380.37524 -2.67653858214585 -3.80863460290136 0.538136428132297 -0.785394218355823 0.614800003101514 -0.0503333080403606 0.0514143565683507
1578862380.6067 -2.56697337314148 -3.90112291466431 0.567276186319292 -0.785686955222697 0.616852606477314 -0.0253692604406256 0.0393099338555071
1578862380.77096 -2.65194961369263 -3.99163715203198 0.545352466019368 -0.793005546363678 0.60199220341648 -0.0728581175640791 0.0586454189790897
1578862381.00056 -2.56296768935387 -4.05911166337304 0.57965738986229 -0.809357151916418 0.582161497792285 -0.0651720113573543 0.0422090045561594
1578862381.09949 -2.65838162110743 -4.13397818620795 0.558238660503891 -0.819836601793145 0.563589903750638 -0.0885745439443915 0.0488765477060009
1578862381.16669 -2.57339157007004 -4.12875529003003 0.585956289049205 -0.825581765494847 0.558636046805078 -0.0678355271482759 0.0416996037021823
1578862381.33095 -2.66213954284433 -4.24018035310226 0.564509494920051 -0.846359913861968 0.523341494127397 -0.0835372739773514 0.0530103818935181
1578862381.49522 -2.58870340003124 -4.26139674524151 0.601433272431994 -0.865951533160015 0.497516180604223 -0.0388630751804838 0.0330946165156662
1578862381.62775 -2.67272110355781 -4.36882835738065 0.578325845795325 -0.886611749924297 0.456209660038392 -0.05435542125511 0.0532713728376528
1578862382.02161 -2.66290414747189 -4.53925284255069 0.580331306387628 -0.931280900458529 0.353672803523598 -0.0671944762540858 0.055824142177444
1578862382.54986 -2.6042878326044 -4.74203737752863 0.592522153968061 -0.975997405042698 0.206106305270969 -0.0427492404402792 0.0558727010198047
1578862383.57091 -2.4233745536974 -4.93085191304467 0.607812480842262 -0.997892492916711 0.039160382474681 -0.0195623310223858 0.0478993969677912
1578862383.83411 -2.36545291785807 -4.85538207479345 0.629235662283774 -0.999418107983778 0.0149637602695774 -5.49733442264388e-05 0.0306517257368953
1578862384.92049 -2.13449834862106 -4.948956410192 0.616107529859888 -0.996557358857383 -0.0551426721104467 -0.00818933527472845 0.0613649004519191
1578862385.31621 -2.02201791760525 -4.95331750903134 0.618953164688794 -0.994533551576033 -0.0698902042649467 -0.0414857057459761 0.0655538736927414
1578862385.61301 -1.96578334704762 -4.86213421868065 0.660211929012544 -0.996504586358812 -0.0709127561370601 -0.0173360313892231 0.0406134509561615
1578862386.07406 -1.83473612809158 -4.96460924086455 0.658448461371656 -0.992832462130565 -0.0900159080397968 -0.0342986692018574 0.0707420647882894
1578862386.40446 -1.76195249302043 -4.884576620327 0.700147920169543 -0.994927569568435 -0.0873253721744947 -0.0218154731727378 0.0449165428041774
1578862387.19404 -1.52332964862542 -5.00990889029664 0.707015568367378 -0.992458534529604 -0.105784391761456 -0.013199637404878 0.0605102410455296
1578862387.58977 -1.42592025662879 -4.91743624864598 0.732899373934989 -0.994085512665092 -0.0990440603428805 -0.0133017599795835 0.0425127134116435
1578862388.31402 -1.19185861363156 -5.00062981812285 0.725380041493478 -0.991299859795195 -0.10977627905097 0.00483579374276358 0.0724594481529215
1578862388.77508 -1.04200391759479 -4.98744554623242 0.724942280034113 -0.991525528129585 -0.108629979554247 -0.00839004480321706 0.0707549415771817
1578862389.13721 -0.933361371947562 -4.88596041655944 0.75810682028586 -0.993393780052495 -0.100982044511459 -0.0110419931547578 0.0533806971335858
1578862389.53293 -0.762567411901047 -4.96785808453451 0.751627109280273 -0.990388034973966 -0.107726224569786 -0.0366313617966696 0.0786431437142921
1578862389.6972 -0.715354129543238 -4.87123943168277 0.777431625802097 -0.992639637536248 -0.101434849425259 -0.0306194549337389 0.0586512599484432
1578862390.45505 -0.35499173362777 -4.96880122249813 0.804159949776329 -0.989525333171717 -0.104127929637631 -0.0427405887956371 0.0903893320596177
1578862390.65291 -0.279978275626026 -4.87884489860555 0.859928960823838 -0.992183902010716 -0.101746992842342 -0.0200983364403773 0.0693881179356817
1578862390.81717 -0.179222375157409 -4.97620490483523 0.842272000885053 -0.986701545341234 -0.120864520365268 -0.0182082553756755 0.107146103868812
1578862391.11397 -0.0585877105257855 -4.90923605488252 0.884841516191698 -0.984401465921592 -0.154557281654474 0.00645832083366812 0.0838098482936576
1578862391.34543 0.0941779820969303 -5.01179063014423 0.855870807828056 -0.972075263129788 -0.203491633986398 -0.00974819477812472 0.116472358983862
1578862391.57503 0.173395768135831 -4.9450449556774 0.892170146362953 -0.96529813932972 -0.248909135163517 -0.000218237633085955 0.0790170678465303
1578862391.87182 0.322231824746417 -4.96478663687378 0.900401594262275 -0.943450238955944 -0.325698036804133 -0.000503518584261647 0.0618237972381008
1578862392.13502 0.52315950306118 -5.0353659253137 0.88179837234822 -0.91057595543428 -0.40808762092962 0.00019777400988194 0.0656953873144133
1578862392.33288 0.546614548088492 -4.96736636970344 0.914017732544635 -0.889438279229939 -0.456403930501677 0.00731541518199871 0.0232698165832622
1578862392.53074 0.719534900742133 -4.99653411308521 0.898881078877382 -0.858941888250153 -0.510406280933788 0.0114005245475086 0.0396773113081195
1578862392.82754 0.758214193643791 -4.90275335044128 0.923173445653843 -0.824770791409074 -0.565394457759534 0.0075862385310127 0.00496968391359631
1578862393.25499 0.991879917188184 -4.81928560310744 0.916013219170677 -0.772507396967218 -0.63410791357114 0.0201089879002185 0.0271128047795872
1578862393.61712 0.983458562597058 -4.68924349762286 0.942723848974755 -0.746590627882757 -0.664055766863904 0.0345275974980011 -0.0209813694366321
1578862394.17711 1.17027788690431 -4.47322284591458 0.916972785471809 -0.704010982170368 -0.708411552260694 0.0490974256971868 0.0105381401117887
1578862394.57284 1.10488881724184 -4.30780873532192 0.929075304534224 -0.688432086108252 -0.722082837846596 0.0637076261518034 -0.0244739958761504
1578862394.7371 1.20582350575322 -4.23384886479206 0.905654943477316 -0.679120205270187 -0.730886057351979 0.0675362312301598 0.00633840938118746
1578862395.49495 1.0899214406764 -3.9010528260264 0.896553901180418 -0.662680749255002 -0.745885657422016 0.0663607097612756 -0.0102502106774886
1578862396.05494 1.13695535220398 -3.61635286791793 0.860346370285678 -0.646680355896904 -0.759464049516237 0.0682599515975162 0.0189592667936828
1578862396.35174 1.00923398514445 -3.48051350662309 0.88268903725311 -0.648176316753516 -0.759303356277389 0.0576119762121904 0.00259533093471437
1578862396.68026 1.05825570132923 -3.29290075127453 0.86666795936886 -0.639032778119722 -0.765831194393445 0.0584905237651909 0.0414553833919352
1578862396.91172 0.93581978016304 -3.18617784421754 0.895440070931366 -0.64174576219951 -0.765398792728874 0.043855055880192 0.0200947471219423
1578862397.47171 0.955355612844313 -2.86859043299998 0.906541832485873 -0.63616489442803 -0.767614787628925 0.0449326526973743 0.0635831867111918
1578862397.63598 0.848793764713792 -2.80326763605522 0.936976630308596 -0.641511942257375 -0.765306963526423 0.027351973808781 0.0449393930521809
1578862397.93277 0.912927530499109 -2.62654091733334 0.937728693706092 -0.63445209750452 -0.768723336769982 0.0369862127107228 0.0718817608761509
1578862398.16237 0.802020429649703 -2.51243438901303 0.975084480324755 -0.63826157094561 -0.767249966972051 0.0183942373907682 0.0600941533448828
1578862398.62529 0.868838813618477 -2.2533782360486 0.997983413937511 -0.629326883761347 -0.770977408055876 0.0152640039202077 0.0964806707428854
1578862398.78956 0.770075938170879 -2.19228414075727 1.03812602601237 -0.636041081704387 -0.768512081884952 0.0036182525415856 0.0694825922783011
1578862399.05275 0.855868663741891 -2.05001098106354 1.04870477586831 -0.627262632659052 -0.77346593138115 0.0222992609057033 0.0882880831447996
1578862399.41488 0.764651698941135 -1.910319229781 1.11352404533757 -0.63215404252764 -0.772919948132238 0.0233652663109127 0.0492958885246854
1578862399.57914 0.867649993658951 -1.82348591919702 1.09815477868097 -0.625561249674867 -0.776134601909624 0.025277822507813 0.0751613884455971
1578862399.8106 0.785843683782254 -1.74941390218176 1.13815848254439 -0.628716158934031 -0.774556442070953 0.00940180452700062 0.0684829585609307
1578862400.17273 0.81336295459797 -1.60755369574755 1.17382149584958 -0.623791113464216 -0.775930489403313 -0.00663238076921352 0.0936618059976287
1578862400.43593 0.842037213100493 -1.5054469559173 1.20665395626286 -0.621982238227358 -0.777395540801738 -0.0018758922344041 0.0937589968993982
1578862400.73272 0.970535355640776 -1.37392562614587 1.21516810388457 -0.607602959271726 -0.782449190532819 0.0571630281615604 0.12379134190313
1578862400.93058 0.91604853276829 -1.3276682897932 1.26302877278626 -0.591687820200478 -0.791914478033998 0.089677611937739 0.121387432725506
1578862401.22738 0.981303058359049 -1.21827736326703 1.28148246493869 -0.544245656066197 -0.817386762424198 0.130217711065455 0.136817009876817
1578862401.52417 1.12947828351913 -1.06700532002933 1.24812465541322 -0.471630380942533 -0.856609493403786 0.155008518186444 0.140560730192155
1578862401.91803 1.19720856588044 -0.909908892630556 1.2522396985115 -0.365889834705819 -0.913777938119456 0.137905699926527 0.110075095243552
1578862402.14949 1.16790460069123 -0.897688942925083 1.28589838597775 -0.300467080970698 -0.942878559912269 0.12258930101979 0.0753088161252774
1578862402.70948 1.18930996214297 -0.747496125634275 1.29058343499343 -0.15594487714506 -0.982620942498273 0.0946091343410584 0.034444017699019
1578862403.17054 1.14005423541129 -0.671699292843213 1.28800901618215 -0.081334532849297 -0.994354569758504 0.0649247427543963 0.0206993030037192
1578862403.79586 1.0036678552692 -0.619128175554461 1.2930603232722 -0.00819484136292881 -0.999175764133564 0.0351130161186786 -0.0186470652434094
1578862404.45478 0.790760849059913 -0.510551183068354 1.26997205460213 0.0247645424157174 -0.998338716621339 0.0477831922000946 -0.0205740340469698
1578862405.27797 0.480466418372243 -0.487361341062969 1.26094548411981 0.00889336078946062 -0.998581400858807 0.0410498495583272 -0.0327261950731978
1578862405.83796 0.246239281542193 -0.531897392316619 1.27706836033373 -0.0288030866293926 -0.997600901045166 0.0106792985066673 -0.0620385123765468
1578862406.53048 -0.0341514233173137 -0.336285752542113 1.24835063643947 -0.0771957026660866 -0.994392967200839 0.0178821588546231 -0.070026271256561
1578862407.1558 -0.314998443395966 -0.304911387805144 1.23583505904794 -0.136261363532109 -0.986920294579943 -0.000825565922621951 -0.0861422741487245
1578862408.37471 -0.69349446057116 0.047948431084165 1.19199146247133 -0.228837801756566 -0.971560918676292 0.031111053808732 -0.0522947809920978
1578862408.73683 -0.848727567366237 0.0326279961056404 1.20147110671349 -0.265919227212455 -0.961611512303542 0.0194085468006658 -0.0649120352100316
1578862409.69255 -1.11023699675482 0.194803911723126 1.19398637263686 -0.357853292427778 -0.931980554194484 0.0406758260266881 -0.0412158328678013
1578862410.4504 -1.18945921289947 0.355665142044849 1.16193406701656 -0.424937117283025 -0.900537201233417 0.0871801747730159 0.0293396093433728
1578862410.84613 -1.31490392498718 0.340718766707285 1.18362704108881 -0.462331178579413 -0.881690029439791 0.0859931729976827 0.0384414814701397
1578862411.47145 -1.29305230733263 0.440033088379681 1.13831967106012 -0.498864186195017 -0.85237639486069 0.109615358850238 0.112131522420809
1578862412.39356 -1.35155953103326 0.498751354421177 1.1113300829324 -0.538370550368707 -0.812326361999016 0.121362422468142 0.188558199264318
1578862412.75569 -1.37162559897061 0.523448043253897 1.09910231305455 -0.546163385796674 -0.799074248938807 0.124446262632121 0.218401072375779
1578862413.61247 -1.419769110424 0.595250707817687 1.07480059706576 -0.54877161753065 -0.778891062566344 0.115336867750381 0.280848413534054
1578862415.39137 -1.43687618306956 0.755634198609038 1.03125339340222 -0.505519148568019 -0.784050897030433 0.0252714709718104 0.359271393311182
1578862415.85243 -1.39840319027724 0.78047767494575 1.01565671660196 -0.488425978531847 -0.791392671491493 -0.00970658075220115 0.367482632643864
1578862419.3113 -0.761937993913852 0.61439023068836 0.915637458248735 -0.448509494391308 -0.875748388621922 -0.0749497147459262 0.16213122316957
1578862420.7934 -0.699468964755866 0.832962817624355 0.936954027644346 -0.452365156860465 -0.891796664362641 -0.00799104777810911 -0.000785777117626285
1578862422.21018 -0.742303413999934 1.07318345725581 0.922206320370804 -0.460689899225813 -0.887338267011452 0.0189157054210046 -0.00614920619656323
1578862423.85655 -0.706918475529026 1.27064540203668 0.930670148731704 -0.399236568999985 -0.914715395913114 0.0617784043487822 -0.00945173046325129
1578862424.81226 -0.646300850548458 1.40190727187906 0.862566847072601 -0.354333737212227 -0.925014926825348 0.111144497932998 0.080261375534761
1578862424.94479 -0.704206944957373 1.33132126664732 0.893604658093171 -0.357762975420685 -0.926238434065124 0.0963811403473318 0.0692725953322872
1578862425.73438 -0.652199502974787 1.37038994664864 0.816019875801745 -0.369019321362383 -0.905889267531813 0.127600108332801 0.164035324809556
1578862425.89864 -0.711329140868739 1.30505659713499 0.849524206151951 -0.400881669933974 -0.897351064086775 0.112105222761992 0.146585720732827
1578862426.69009 -0.579906961335872 1.3782542898473 0.785819095699685 -0.504274839406185 -0.849731179039483 0.0972486927480873 0.119191029313548
1578862426.85436 -0.636084336872548 1.33530773011022 0.818003603469757 -0.533434888565122 -0.837760193824695 0.081430037783807 0.0835118329989882
1578862427.77647 -0.432822874357201 1.37004841615034 0.761166170376057 -0.630999429011783 -0.767332351526224 0.079615220615694 0.0818669624106831
1578862429.6543 -0.331545599554597 1.36333755602556 0.868665463806322 -0.76990802420621 -0.634366299156314 0.069427089766475 -0.000954968149940005
1578862430.41215 -0.16457750545933 1.36749834389497 0.905126275329033 -0.800426014217364 -0.584256799176283 0.133942637957837 -0.00464307196611347
1578862431.79533 -0.073114940749887 1.44983803461378 0.916367042048723 -0.868212786301189 -0.479155397911206 0.128880097620458 -0.00256569542602314
1578862433.11317 -0.130586988543451 1.5672637140682 0.956750155568087 -0.896538764009525 -0.429928224203373 0.103988148846231 -0.0237998227123453
1578862434.49634 -0.00618073190864601 1.57493907315598 0.997938854696323 -0.900204738869075 -0.42619600142145 0.0885707949086122 0.0119837714966391
1578862435.68352 0.00073724118426835 1.66829897980651 1.07065112934685 -0.901434602500834 -0.425358935405695 0.0793494749771143 -0.0137511565168463
1578862437.09843 0.115697269108393 1.63342211346419 1.06709384303731 -0.890407695570662 -0.448754195779843 0.0671531615839192 0.0358365780706261
1578862439.83304 0.129651277935131 1.65707655945021 1.09653194992117 -0.875730470027065 -0.480320751618821 0.043658242665627 0.0219562582844431
1578862442.89619 0.325357712469453 1.66749132394386 0.997086503295091 -0.8604072363732 -0.507917475667806 0.0365546851926013 0.0195698875404066
1578862445.6308 0.452353575726906 1.8711089801281 0.943738881511648 -0.863611555169496 -0.500894901149357 0.00978240552414505 -0.0564241466258771
1578862447.21184 0.562453704572729 1.88145080705368 0.866639274478942 -0.860864874477224 -0.508401964254328 0.0189145480806424 -0.00901945145545463
1578862449.31926 0.505693765455656 1.97853769163755 0.851444293251532 -0.877977480975909 -0.474861165496667 0.0429630570464954 -0.0426214984668716
1578862450.80324 0.736294810024985 1.83880635492121 0.832240723112061 -0.879273776920194 -0.474207934790996 0.0447237430384712 -0.00206073054601313
1578862451.75708 0.811631515347244 1.83609535912259 0.828163431116229 -0.858523584583859 -0.510151204677915 0.00420236215441738 -0.0516269622510758
1578862453.17386 1.00718288924911 1.73934617079327 0.812761757884701 -0.83982453366556 -0.541576447819149 0.0307663681605079 0.0210507579727684
1578862454.85383 0.903330962950069 1.88902671462347 0.822180990554567 -0.836780914733139 -0.545554579675788 0.0352694570694225 -0.0303968210701518
1578862456.66632 0.85476496560862 2.10202035721157 0.816013557755159 -0.85358340065529 -0.518960708963552 0.0404721889825965 -0.0209084336274126
1578862458.80735 0.849582527018598 2.24546678412279 0.824651117630807 -0.862803193865985 -0.505155954313779 0.0193322502450677 0.00379138186567618
1578862461.01371 1.04923971816149 2.15830234822107 0.886477203683542 -0.851350150880465 -0.524187771765592 0.0147551342335663 0.0145734876052543
1578862461.93582 1.06955298203876 2.1587226516311 0.90887889153928 -0.858361465041377 -0.512054172106384 -0.00328079383925511 -0.0317073580143204
1578862462.62834 1.26043287675753 2.12858184764436 0.904726636291368 -0.85131130919434 -0.523552552562996 -0.0278240516423008 0.0196876025151601
1578862463.02407 1.33233214933526 2.19791463542325 0.907932008432427 -0.848474057352858 -0.525019304343901 -0.0464783935479928 0.0478148826059492
1578862463.64939 1.35691877604949 2.40811188037376 0.955366484035246 -0.854384368437311 -0.515547860109817 -0.039392122613687 0.0518267844087484
1578862463.91259 1.48909727264124 2.45160559012233 0.96437703304542 -0.851585323674107 -0.519607158737347 -0.00439057610898186 0.0692210945680458
1578862464.11045 1.43996526234939 2.56398040491668 0.992678371145364 -0.855398029850967 -0.516521460117837 0.0159752494279476 0.0352786503502317
1578862464.43898 1.49961141677669 2.6871637351481 1.00848587242335 -0.854833426177133 -0.517059804465987 0.0346497555054696 0.0266151561947022
1578862464.93363 1.59001783644643 2.89359796109085 1.02102528468515 -0.855726611551561 -0.513414855190712 0.0620524806985644 0.0169305165643355
1578862465.29576 1.66157256851614 3.05267887409559 1.0211518922992 -0.856047589592958 -0.512699649095999 0.0653597340318136 0.00704977561444936
1578862465.85575 1.8641740854558 3.26386776151618 1.00663958639489 -0.853712279796653 -0.514305499755383 0.0763088734893369 0.0290198565219616
1578862466.15254 1.93601863470156 3.40783450208693 0.998069273082474 -0.853714154784884 -0.515462502072798 0.0667956665744189 0.0317630257321164
1578862466.31681 1.89456268732834 3.5312075402417 1.02635246967439 -0.8559760610945 -0.511764480672171 0.0734713079941419 -0.0020164466555242
1578862466.54827 2.03813895540013 3.59907258345829 0.996738103498996 -0.853083398326396 -0.516293462146914 0.0700969900474598 0.0278601584798917
1578862467.00933 2.16536769887192 3.82212890944596 0.990598329513785 -0.855206720337347 -0.513681684685062 0.0597978822353578 0.0343046001160207
1578862467.27252 2.16175670907315 3.99033547400707 1.00738655906877 -0.857596744632252 -0.509527032928101 0.0700706818023234 0.000354772329388242
1578862467.73358 2.30803823406255 4.19521056750478 0.99032161693579 -0.85844398778927 -0.50726658998808 0.0756638571709062 0.00543205562737564
1578862468.03037 2.49411804563337 4.2803630602 0.95778394060301 -0.857700393438677 -0.509877022523261 0.038366058406152 0.0538841587141003
1578862468.19464 2.46913947217569 4.39526620117168 0.980347047243082 -0.861460240953993 -0.505457681533387 0.0336456039709945 0.035591554725882
1578862468.65569 2.71691744732266 4.53254605451332 0.969675563281152 -0.856774617170964 -0.510276247980213 0.0368767999546371 0.0647727392032133
1578862468.88716 2.71832893451411 4.66914430502804 0.991503766702652 -0.859635628484883 -0.50844064511563 0.0242589122657271 0.0438885156901379
1578862469.44715 2.90849523850366 4.88849994688817 1.01490770029313 -0.858202580356777 -0.509485601819635 0.0424369665847152 0.0459549396097915
1578862469.77567 3.09754401171055 4.98116531760533 0.99240685684859 -0.854055336435359 -0.513013348257023 0.0500742906616544 0.0699953729266048
1578862470.23674 3.15489928881297 5.2310711848746 1.020340603112 -0.858753783922132 -0.507965790731908 0.0530634413978653 0.0411942378560474
1578862470.46819 3.30726912881764 5.29309058127775 0.991625322253743 -0.854364613917532 -0.513938744517385 0.0414079444589947 0.0649111354477766
1578862470.63246 3.27244036999328 5.42014896813478 1.02052834957175 -0.857392247955609 -0.510893905505799 0.0477842239062366 0.0397821367995183
1578862470.92925 3.44071325030943 5.53277318178028 0.989662017291621 -0.853432300969896 -0.514892313106431 0.0255189174394849 0.0767332940636178
1578862471.09351 3.40368109888056 5.66527602508934 1.0243767246216 -0.858932375654473 -0.508989399329858 0.0215547765424512 0.0519649596420118
1578862471.32498 3.55391735039172 5.7523194954351 1.00554423673014 -0.854596701716166 -0.512885041052688 0.0214710573668118 0.0784372728731924
1578862471.6535 3.56483279821675 5.98143546907608 1.05128487675495 -0.858910881682702 -0.509224460742963 0.0318938994360954 0.0441058396002149
1578862472.01563 3.76036105081246 6.14605427724809 1.04827085174411 -0.854265416713701 -0.514059932807298 0.0389069191390282 0.0667775031895537
1578862472.31242 3.77257759999352 6.3481606577686 1.08562992908609 -0.854204426215051 -0.518058464158489 0.0370699146176917 0.0240009870338423
1578862472.41136 3.89244993017761 6.36038908179941 1.06030713941212 -0.843801608683411 -0.530777568407486 0.0392774314480066 0.0687844563660333
1578862472.57562 3.86853490129821 6.48285432781435 1.08925904075971 -0.836706202305555 -0.545705233983063 0.0270764269869027 0.0373549960316864
1578862472.73988 4.01675917519537 6.51948378971997 1.07338256636543 -0.818509225665121 -0.570138513571708 0.018488203704303 0.0681388961395374
1578862472.87241 3.97962868917112 6.61196604439271 1.0945218456486 -0.806833683890906 -0.587428566325841 0.0149043299693278 0.0610323434873645
1578862473.13561 4.17218762755528 6.69552120282447 1.08287008456827 -0.764311250838303 -0.636156528171964 -0.000306148367993475 0.105513457811581
1578862473.26814 4.12577475210956 6.75422777205438 1.11217044705585 -0.745401530125664 -0.659908620576375 -0.00102940272587232 0.0943192011487093
1578862473.53133 4.324063566503 6.86121287051569 1.11876640523139 -0.690077207289819 -0.716836608250468 -0.0010074688279611 0.0996880637669711
1578862473.6956 4.28771227905395 6.9263926869996 1.1430978568941 -0.659490315713673 -0.746550940443126 -0.00704535779405241 0.0876617347359421
1578862473.82813 4.42243043703333 7.00055007723147 1.13439293309079 -0.62074419659193 -0.775326400808641 -0.00436443976798156 0.116303767230763
1578862474.05772 4.3944588989286 7.07302631052531 1.16980488646167 -0.57455010674461 -0.811419720175821 -0.0045299987860517 0.107096646355262
1578862475.57343 4.48547363392847 7.566994311302 1.17330698711928 -0.0123865950659665 -0.9324585334503 0.276171888497889 0.23258706684142
1578862475.93555 4.41344517439584 7.64117408705048 1.19391706387285 0.109785571661914 -0.92893615495359 0.254799645566594 0.245156865892113
1578862476.26595 4.35515837156 7.69862465349895 1.22608688870543 0.202340475916096 -0.922371874079806 0.232722282757661 0.23265596235776
1578862477.12273 4.2861253360186 7.71782236400087 1.3864038458742 0.349621195156638 -0.910436391826854 0.131257591279502 0.177882098779063
1578862477.81338 4.2145821733643 7.72141275491825 1.49280208523589 0.417094103085384 -0.896686610038394 0.0832580735751164 0.122693625481562
1578862478.37337 4.08776333788075 7.745392426907 1.55293290291371 0.463575487877402 -0.878803309056603 0.0734162043298836 0.0860962947645586
1578862479.06589 4.11559481376626 7.62803203972395 1.61983112192739 0.482610416285275 -0.875521320073465 0.0196968112977379 0.012713764763812
1578862479.69122 3.95803825240922 7.59385690935999 1.61576881671296 0.506247539146286 -0.861565125067707 0.018385955312586 -0.0328773633772296
1578862480.35014 3.85603170246148 7.49331736686278 1.61055027209474 0.508098408816825 -0.858137990072873 -0.00995045824718599 -0.0730491980255151
1578862480.81119 3.85282349912051 7.36485725523832 1.60394596800134 0.50736911608896 -0.855198691868056 -0.0484226121551596 -0.0941648984406686
1578862481.37118 3.73737289428291 7.25870494449401 1.56207245450416 0.51020902629182 -0.854633877310322 -0.0303136748810345 -0.0914809617301982
1578862481.89757 3.54268052534846 7.18290075577769 1.51520581982517 0.513936398977275 -0.855106670363093 0.0305979612680579 -0.0610387161812324
1578862482.2933 3.45818088613399 7.07885388244712 1.50407957460493 0.513349530294435 -0.855405460491657 0.0594119076870391 -0.0349854703058992
1578862482.68902 3.37454618843294 6.9612521585532 1.50461044166652 0.516091360369708 -0.852367676631606 0.084253967033427 -0.0045078403378471
1578862483.21541 3.27123526418951 6.78867197274533 1.53169099713483 0.515490775326986 -0.849994288640629 0.104234895446271 0.0302333657140187
1578862483.47861 3.22518437870566 6.69962803995389 1.56038634881737 0.517111501586567 -0.849113928187285 0.105450916736824 0.0219393720194116
1578862484.0722 3.21784196285118 6.44587513234212 1.63494214857891 0.514714480833389 -0.85460282890685 0.0668338367069916 0.0160076955194839
1578862484.89538 3.08950574791942 6.15402518924375 1.67858142556283 0.428964382586174 -0.898039635637295 0.0943856263494101 0.0246114777192578
1578862486.21322 3.09533617437606 5.61904635873431 1.78270358335796 0.0596584633804807 -0.989291732221424 0.122245909535521 0.0529024943386071
1578862486.97108 2.99650367330659 5.30204715854626 1.89798224390372 -0.18140921045237 -0.96152161768508 0.20604694676361 0.0105609098427034
1578862488.15639 2.69365419361481 5.20842096889558 2.01989916128159 -0.554582356725298 -0.783677153659987 0.279185349879693 -0.0185490930491862
1578862489.4089 2.46568985347829 5.48993039361008 1.98005237524516 -0.736812377076764 -0.619811481570497 0.262285236910285 -0.0644026614262705
1578862490.23208 2.52410348334485 5.75624177782946 1.81957825893479 -0.794539210295011 -0.572359928682388 0.202198684850271 -0.0150747201397354
1578862490.891 2.4782397694197 6.0480533483953 1.75345528042413 -0.828271195316019 -0.549760809816442 0.10829634284028 -0.00133458876090697
1578862491.54992 2.63777735649141 6.2561447553655 1.69939257445869 -0.837000267074469 -0.540996778462198 0.0729957082719684 0.0377447371783409
1578862492.17525 2.63170301566948 6.5076749619013 1.69988525797789 -0.847462385611933 -0.52879580678247 0.0345467730374784 0.0314486911476807
1578862492.93309 2.7420711895328 6.72290703282878 1.70649597724545 -0.851676821455214 -0.520061128501056 -0.0191992580914515 0.0617608525433941
1578862493.39415 2.90272863016472 6.79194470069475 1.70304388135191 -0.843128766288427 -0.52255611723486 -0.0577412049202221 0.112849196061569
1578862493.95414 2.91445563230225 6.94203589546868 1.77814940319121 -0.850170910325542 -0.519283015924605 -0.0418911334819475 0.0761557978362843
1578862494.4488 3.09358441060569 7.00267311351686 1.79200727767859 -0.844361692734074 -0.525554675339709 -0.0240062133238216 0.101337637596656
1578862494.81092 3.16116416212926 7.07447170004885 1.81421742463411 -0.845095418491325 -0.521997917607005 -0.0349497970351525 0.110047350472983
1578862495.37091 3.30550201283723 7.21437420518017 1.85966846722559 -0.845476578602261 -0.517707447935642 -0.0536302445316011 0.119466105061054
1578862495.9309 3.38398084940098 7.40575652218103 1.93873207896886 -0.854269245348356 -0.516216922353883 -0.01378610648415 0.0596161789738268
1578862496.62342 3.71870049715635 7.59664208251044 1.93375060842358 -0.826045633766337 -0.560199616596989 0.0227602999029656 0.0575062539945176
1578862497.01728 3.8605532052918 7.74855132254408 1.92707875500495 -0.773691330656134 -0.632375389522729 0.00490194662032517 0.0384585817841375
1578862497.18341 3.82283221999196 7.83571715584013 1.9412810025123 -0.749448202822773 -0.662030847409055 0.00352670953751255 0.00548732032957444
1578862498.17086 4.08388076267063 8.31868563546612 1.92976525764356 -0.523129570888224 -0.851901334258332 0.0056938029707449 -0.0238148978352835
1578862499.05938 3.94536879590548 8.69102628871503 1.94649822144485 -0.234516757940459 -0.942451564846105 -0.218352393874217 -0.0954419732278222
1578862499.7519 3.76599528245471 8.91184635563711 1.99734202381459 -0.0103634314914847 -0.977907192066498 -0.191297656521846 -0.0836380870273016
1578862500.77294 3.34982480798765 9.15476742287094 1.9935201971899 0.264962237592793 -0.960140958712441 -0.059879400211043 -0.0658696400699022
1578862501.16867 3.19479695981297 9.14127787516002 1.96114952777732 0.329880209493829 -0.942724904292224 -0.00500875701123293 -0.04923123566118
1578862501.43187 3.16059547019656 9.04323908986334 1.96352204558605 0.358645403166529 -0.931019785400821 -0.014473804382422 -0.0660767959757661
1578862502.09078 2.87474167912638 9.00594999611829 1.90302661948799 0.423600569916933 -0.903677129289657 0.0369523259310469 -0.0506431512954894
1578862502.81504 2.66850384338712 8.82773143042161 1.8810004294897 0.462765144292433 -0.883708104736882 0.0632694891411032 -0.0300895097031015
1578862503.2761 2.55201362041857 8.69583988848563 1.87987920254556 0.481453324759306 -0.8729177353115 0.0782243999910393 -0.00991295631451089
1578862503.77075 2.44214534124014 8.54464653786901 1.89348496499012 0.492900325822485 -0.863734084438324 0.103615447307128 0.0166294697125501
1578862504.46327 2.38086929608786 8.29383793180481 1.95380989889936 0.504150019183238 -0.861349332350559 0.0620785817721029 0.00750569796539957
1578862505.25286 2.24768795928316 8.05887532203526 1.97703314450488 0.510728803449193 -0.85723576826335 0.0652664118673702 0.00657437595951973
1578862506.2739 2.10168535077467 7.74991737801345 2.00659769040073 0.512645542166909 -0.853711106075529 0.0775425687692544 0.0485700060567768
