1578862335.016094446 0.279878972 -0.111969309 0.086080320 0.997779331 -0.013261029 -0.062892603 -0.017466336
1578862335.641415834 0.294896889 -0.139480886 0.118238887 0.996746772 -0.001107115 -0.077128048 -0.023364741
1578862336.037142038 0.295791428 -0.142016413 0.147494291 0.995821915 0.003645230 -0.085954083 -0.030615705
1578862336.333936453 0.276426194 -0.119882783 0.162664399 0.995161144 0.008911871 -0.091495371 -0.034691119
1578862336.597131491 0.263055995 -0.100077172 0.174980292 0.994913140 0.012812261 -0.092622112 -0.037481129
1578862336.992857456 0.238580425 -0.056618919 0.188332007 0.995092507 0.013530803 -0.091447071 -0.035288151
1578862337.519247293 0.198731516 0.017787130 0.192425208 0.996101726 0.006746164 -0.082151941 -0.031414967
1578862338.376031637 0.130518565 0.146892158 0.175077081 0.997533169 -0.012925984 -0.068157220 -0.010727912
1578862338.936020851 0.097011333 0.216420394 0.152988198 0.998046300 -0.031932896 -0.053656200 -0.002210157
1578862339.232815504 0.082452368 0.243532047 0.139849704 0.998088761 -0.044004660 -0.043364873 0.001379496
1578862339.496010780 0.071041367 0.259624109 0.128005636 0.998017697 -0.052978183 -0.033575772 0.005162877
1578862339.792805195 0.062193885 0.273341131 0.116081889 0.997608795 -0.064080214 -0.024412632 0.008627941
1578862340.056000233 0.057133949 0.280651814 0.105560171 0.996962520 -0.074821679 -0.018336973 0.011454503
1578862340.352794409 0.052436781 0.284316380 0.096249909 0.996052357 -0.084431583 -0.019576758 0.019177096
1578862340.582390308 0.047807916 0.285985421 0.094663713 0.995448687 -0.088175031 -0.028109792 0.022735780
1578862340.813852549 0.044795591 0.282912962 0.096229922 0.995019324 -0.088765204 -0.039304609 0.022636951
1578862341.110647202 0.042762213 0.272680530 0.095596827 0.994650813 -0.087587962 -0.050355224 0.021504890
1578862341.439174414 0.051538167 0.252325854 0.091291945 0.994658263 -0.080611369 -0.060373152 0.022623634
1578862341.834900379 0.080702290 0.231023974 0.082931721 0.995133452 -0.073171456 -0.065087586 0.010906771
1578862342.131694317 0.103971827 0.214973549 0.079178571 0.994970468 -0.073812998 -0.066415042 -0.013207991
1578862342.460222006 0.127984086 0.186315452 0.082028235 0.995036247 -0.063594091 -0.072930184 -0.023234594
1578862342.757016420 0.155697009 0.149430074 0.083314697 0.995889842 -0.045042891 -0.074293706 -0.025593080
1578862343.020211458 0.182702507 0.114912094 0.082613536 0.996359136 -0.035272933 -0.071916029 -0.029195515
1578862343.415937424 0.216284045 0.061688619 0.083681858 0.996683089 -0.033322030 -0.069576785 -0.025913945
1578862343.613800049 0.231936591 0.033257133 0.085759779 0.996680656 -0.035762611 -0.070773049 -0.018435874
1578862343.811663389 0.249910661 0.005132620 0.089276012 0.996459964 -0.039881261 -0.073369695 -0.009690916
1578862343.975926876 0.265050051 -0.018440611 0.091005088 0.996200848 -0.044406217 -0.074896637 -0.001566262
1578862344.108457804 0.277516962 -0.036204792 0.091093696 0.996004842 -0.048601966 -0.074756285 0.004868486
1578862344.272721291 0.291093034 -0.059215569 0.089017257 0.995885108 -0.053300528 -0.072273295 0.012185111
1578862344.436985016 0.302266551 -0.082612586 0.086669384 0.995839860 -0.057219525 -0.068676492 0.017675960
1578862344.569515467 0.310311838 -0.102968399 0.084128253 0.995867685 -0.059953506 -0.065301120 0.019720415
1578862344.799111605 0.322365026 -0.140545301 0.079265482 0.996068043 -0.061751631 -0.060140558 0.020452475
1578862345.129505396 0.337049284 -0.195565765 0.075207827 0.996303934 -0.061562087 -0.057380426 0.017206579
1578862345.491631746 0.349093968 -0.253960025 0.073730996 0.996558787 -0.060384460 -0.055842483 0.010291700
1578862345.919090748 0.358807770 -0.318275055 0.072990331 0.996741554 -0.059114096 -0.054717303 0.004220739
1578862346.215885162 0.363210692 -0.355949598 0.073510875 0.996609947 -0.057147791 -0.058644575 0.007972348
1578862346.512679577 0.367312038 -0.387642530 0.077919477 0.996279725 -0.046821341 -0.068595206 0.023003689
1578862346.940138340 0.380938029 -0.406521829 0.088994990 0.995390112 -0.034514481 -0.082465970 0.034736701
1578862347.171600342 0.387323509 -0.403566229 0.092390251 0.995728519 -0.030510656 -0.083443300 0.025120331
1578862347.335864305 0.389977037 -0.398336351 0.094353278 0.996173977 -0.027870444 -0.081990127 0.011758598
1578862347.533727169 0.390501501 -0.390464809 0.096404458 0.996512797 -0.024880851 -0.079486542 -0.005007811
1578862347.697990656 0.388756622 -0.381064267 0.099384917 0.996457205 -0.024022191 -0.078628045 -0.017708843
1578862347.929453373 0.384797637 -0.364301542 0.107554058 0.995942736 -0.023038082 -0.081990136 -0.029067696
1578862348.192648411 0.378306843 -0.342622052 0.119991045 0.995162442 -0.020426118 -0.089569871 -0.034809868
1578862348.489442348 0.368806646 -0.313662273 0.132394770 0.994683329 -0.017548001 -0.095301624 -0.034853153
1578862348.885168314 0.349398132 -0.274688382 0.145336483 0.994735352 -0.009073628 -0.098289157 -0.027540717
1578862349.575821877 0.327074293 -0.210001165 0.154875006 0.995445372 -0.004711452 -0.095209648 -0.001198390
1578862350.070479631 0.312398370 -0.164359391 0.161339407 0.994984978 -0.020704032 -0.097789149 0.003676751
1578862350.432606220 0.314252507 -0.143791049 0.169140740 0.993591408 -0.029888249 -0.108984186 -0.002291956
1578862351.091526747 0.318955175 -0.138880622 0.171837953 0.992620691 -0.042564380 -0.113480367 -0.003826796
1578862351.552585125 0.316083335 -0.154119906 0.165945720 0.993663306 -0.046937031 -0.102126853 -0.000505601
1578862351.849379301 0.312309899 -0.166900348 0.162600016 0.993864858 -0.051156031 -0.097991801 0.003648534
1578862352.112574577 0.308743576 -0.188697784 0.161357783 0.994012488 -0.052806162 -0.094723374 0.013347851
1578862352.276838064 0.309087534 -0.201539109 0.161897183 0.993852439 -0.053910499 -0.093836270 0.023361123
1578862352.474701166 0.307040294 -0.221032821 0.160852304 0.993389539 -0.056976802 -0.092932488 0.035978046
1578862352.935758591 0.300706449 -0.270718085 0.158217905 0.991328980 -0.064176015 -0.094291586 0.065248673
1578862353.198953629 0.300766994 -0.297594448 0.156316739 0.990115678 -0.067074382 -0.096284598 0.076819576
1578862353.430416346 0.308076291 -0.321016180 0.146734324 0.989203198 -0.070006006 -0.099439895 0.081779583
1578862354.287199974 0.334289267 -0.402131427 0.124669969 0.992430600 -0.063392513 -0.096392634 0.042087443
1578862354.847189665 0.359233450 -0.449068383 0.115167397 0.993440639 -0.069667896 -0.088825920 0.018221902
1578862355.373579741 0.389957015 -0.489342076 0.116170551 0.992687577 -0.074713349 -0.093982842 0.012510640
1578862355.769305229 0.419246377 -0.519678819 0.129312373 0.991472304 -0.079027974 -0.103154296 0.009820388
1578862356.097832680 0.449301635 -0.545137148 0.140764690 0.991825353 -0.079180012 -0.099707751 0.008447407
1578862356.394627094 0.470610560 -0.572682518 0.149689765 0.992832152 -0.075013443 -0.092767705 0.007173134
1578862356.723154306 0.487556163 -0.603311132 0.166640401 0.993751723 -0.058497954 -0.093240012 0.018487923
1578862357.118882895 0.534126020 -0.646795848 0.193560691 0.994850533 -0.039561939 -0.090924454 0.020976523
1578862357.415674448 0.568549123 -0.663987017 0.217568543 0.995497881 -0.035186949 -0.086568812 0.015864679
1578862357.876732349 0.612201383 -0.682232865 0.228741527 0.995563397 -0.034911041 -0.086556118 0.011949062
1578862358.207126141 0.645130226 -0.694972263 0.236917291 0.995625493 -0.034923442 -0.085214558 0.015770558
1578862358.535653114 0.675858005 -0.700362760 0.244673559 0.995551401 -0.035785247 -0.084096698 0.022903495
1578862358.931378841 0.706814260 -0.697622639 0.254377632 0.995805278 -0.035283899 -0.083037105 0.015222803
1578862359.228173256 0.723462445 -0.698979613 0.260731711 0.996065655 -0.035216698 -0.081289478 0.002239603
1578862359.689231157 0.733876810 -0.707934885 0.265306640 0.996422972 -0.036132102 -0.075951653 -0.008190149
1578862360.478816271 0.719515734 -0.714251887 0.273141631 0.997637806 -0.035891182 -0.057868906 -0.009045462
1578862360.809210062 0.745077043 -0.731974666 0.279962599 0.998117444 -0.036101211 -0.049085346 -0.006992816
1578862361.171336889 0.793760174 -0.761941164 0.281835892 0.998795036 -0.034484981 -0.033977996 -0.008047229
1578862361.335600376 0.824409733 -0.783711616 0.279634686 0.998959214 -0.032761924 -0.028049531 -0.014844859
1578862361.567062616 0.863218571 -0.802266263 0.275475631 0.999335795 -0.033847149 -0.006091652 -0.012051226
1578862361.830257654 0.929450842 -0.836033758 0.284471890 0.999226322 -0.033378563 -0.002932571 -0.020591955
1578862362.093452454 0.984432098 -0.859081187 0.285291293 0.999006254 -0.033714664 0.018863184 -0.022226230
1578862362.356647491 1.040701101 -0.877995380 0.295313639 0.998670025 -0.034465233 0.029517561 -0.024475363
1578862362.653441906 1.159481455 -0.916490000 0.309217058 0.998908725 -0.031743720 0.006280631 -0.033678604
1578862363.148099184 1.339928344 -0.960598495 0.336994029 0.998666378 -0.035325943 -0.010122739 -0.036263949
1578862363.312362909 1.420093992 -0.979321636 0.337317711 0.998426642 -0.034833075 -0.002711309 -0.043858249
1578862363.476626158 1.490594320 -0.996914738 0.350204982 0.998280920 -0.035657022 0.005858263 -0.046146093
1578862363.674489260 1.571232362 -1.016704399 0.339090581 0.997717109 -0.032989416 0.039421410 -0.043797502
1578862363.937690258 1.674331269 -1.030129144 0.341361595 0.997526755 -0.030760420 0.048624948 -0.040370582
1578862364.333409786 1.836909025 -1.034007789 0.370286902 0.997783317 -0.033292776 0.042717635 -0.038668412
1578862364.531272888 1.938328167 -1.040696564 0.377296462 0.997540735 -0.034368015 0.042916828 -0.043467998
1578862364.794467926 2.051103999 -1.031978040 0.386383238 0.997726081 -0.036602478 0.039160522 -0.040858051
1578862364.992331028 2.137973625 -1.038171951 0.395301499 0.997935349 -0.034851234 0.023999301 -0.048316300
1578862365.354457140 2.296331234 -1.036647460 0.402476883 0.998085461 -0.033479424 0.007585828 -0.051448971
1578862365.486988306 2.357176592 -1.037097531 0.394940511 0.998028793 -0.034559178 0.007593510 -0.051831745
1578862365.880847454 2.554633514 -1.047362244 0.392088609 0.997930590 -0.033617605 -0.012097889 -0.053460603
1578862366.013378143 2.626414159 -1.046504871 0.376121645 0.998290985 -0.032434764 -0.008421821 -0.047876599
1578862366.112309933 2.671600898 -1.059644249 0.357291882 0.998135117 -0.030724107 0.000467646 -0.052745605
1578862366.440836668 2.836620229 -1.068131891 0.337581486 0.998450144 -0.029717935 0.005583187 -0.046722403
1578862366.737630844 3.026057599 -1.088364779 0.338102047 0.998224723 -0.029485756 -0.010181440 -0.050737858
1578862366.935494184 3.122827929 -1.098116275 0.313211334 0.998284535 -0.028272009 -0.009332530 -0.050414129
1578862367.297620535 3.334018887 -1.119753385 0.301609917 0.997467525 -0.027381259 -0.043787626 -0.048902425
1578862367.594414711 3.532226867 -1.152563522 0.291820161 0.996506740 -0.027424936 -0.065416278 -0.044078344
1578862367.758678198 3.632497023 -1.175536769 0.277139641 0.996266214 -0.027598690 -0.066272407 -0.047957380
1578862367.857609749 3.704953326 -1.189341014 0.272020946 0.996199077 -0.029429814 -0.066703000 -0.047665448
1578862368.154404163 3.883089513 -1.235057707 0.243541871 0.997733127 -0.030845250 -0.040084541 -0.044389261
1578862368.451198578 4.049919693 -1.279040754 0.231507916 0.998245586 -0.031594364 -0.030433795 -0.039765933
1578862368.779725790 4.231761421 -1.333698339 0.225593908 0.998644616 -0.031470058 -0.016350159 -0.038095119
1578862369.076519966 4.388587376 -1.378848053 0.224168502 0.998305491 -0.035281054 -0.019507191 -0.041962642
1578862369.339715004 4.530438920 -1.417207507 0.222614053 0.997803301 -0.036237353 -0.035372785 -0.042710571
1578862369.571177244 4.662862545 -1.459899782 0.224356601 0.998173465 -0.037217246 -0.025708998 -0.040045694
1578862369.834372282 4.796072248 -1.513950940 0.221488739 0.998208803 -0.035876822 -0.005788760 -0.047523999
1578862370.131166935 4.949080683 -1.568866586 0.224441727 0.998202154 -0.034603140 0.011831553 -0.047487868
1578862370.360762119 5.060661102 -1.596221182 0.233439163 0.997995522 -0.035822768 0.025550315 -0.045484590
1578862370.657556295 5.210007405 -1.635571949 0.246412760 0.997680538 -0.026988250 0.031815180 -0.053786369
1578862370.889019012 5.323916554 -1.689784540 0.257123237 0.997535385 -0.000576011 0.023263002 -0.066194084
1578862371.118614674 5.435408344 -1.711293508 0.273156376 0.997052513 0.034110647 0.027589033 -0.062941213
1578862371.316477537 5.532294550 -1.748224557 0.275734036 0.991412837 0.076063471 0.052633874 -0.092437060
1578862371.613271952 5.662515234 -1.795688348 0.295625554 0.974230458 0.157129065 0.089878205 -0.134563663
1578862371.811134815 5.768248817 -1.826489864 0.316157077 0.966605375 0.212569408 0.083426962 -0.116310953
1578862371.910066128 5.775777866 -1.847191606 0.317214894 0.958320729 0.242369782 0.090219744 -0.121402908
1578862372.008997917 5.824356541 -1.860550288 0.318802360 0.948988251 0.273982896 0.089994767 -0.127497503
1578862372.173261166 5.915890266 -1.846331814 0.328734623 0.934913568 0.321806547 0.089993443 -0.119492035
1578862372.305792332 5.954087364 -1.879452338 0.340474991 0.919545025 0.361352821 0.097657518 -0.119683311
1578862372.470055580 6.030899807 -1.873659899 0.350493084 0.902852571 0.404943069 0.094769540 -0.109073736
1578862372.634319305 6.100181999 -1.860459080 0.366830024 0.884619120 0.442120855 0.089353915 -0.118296411
1578862372.733250856 6.141291505 -1.844481814 0.372550085 0.876440790 0.459460895 0.089788751 -0.112628632
1578862372.798582792 6.146634597 -1.808395727 0.358249357 0.872204105 0.469339410 0.088613100 -0.105490458
1578862372.931113482 6.196601631 -1.789027711 0.374458085 0.860219531 0.492212405 0.078298146 -0.107790109
1578862373.030044794 6.234423565 -1.756310262 0.384925008 0.853083594 0.505509303 0.070829280 -0.108129269
1578862373.194308758 6.267813675 -1.706097951 0.392933381 0.840601925 0.525576411 0.077288527 -0.105755961
1578862373.293240070 6.295893012 -1.670590864 0.393242273 0.832407830 0.538497856 0.074619717 -0.107467021
1578862373.392171621 6.326699825 -1.643687445 0.400919982 0.825115382 0.550981715 0.061977409 -0.108455323
1578862373.556435108 6.357790517 -1.580207225 0.416074184 0.815900417 0.567573723 0.057025770 -0.094417371
1578862373.720698595 6.387595896 -1.515394123 0.421540426 0.805996277 0.584052245 0.043342425 -0.085874389
1578862373.952160835 6.433900350 -1.413283160 0.445925348 0.797073972 0.599170495 0.031495304 -0.068380162
1578862374.215355873 6.485553109 -1.289662898 0.462120180 0.787074297 0.614419394 0.006659220 -0.054392222
1578862374.512150288 6.531454608 -1.140132846 0.464509848 0.775694236 0.630058080 -0.003213329 -0.036262125
1578862374.808944702 6.562067772 -0.998384713 0.459212397 0.767251655 0.640818862 -0.014447713 -0.021618217
1578862375.038540363 6.616487185 -0.871043621 0.458101926 0.760994980 0.647850377 -0.025030259 -0.023452391
1578862375.270002842 6.650325117 -0.750993983 0.431930613 0.756362785 0.653522331 -0.016532454 -0.023464420
1578862375.533197641 6.705310726 -0.599363024 0.437065641 0.753845924 0.656346449 -0.024685419 -0.017784590
1578862375.632129192 6.707012348 -0.605281282 0.411376548 0.751876358 0.658744441 -0.012296941 -0.024217551
1578862375.895324230 6.775131177 -0.431398837 0.411724934 0.747312308 0.663672334 -0.007318880 -0.031777054
1578862375.994255543 6.770070705 -0.443755532 0.394679205 0.745733351 0.665366324 0.001939762 -0.034141787
1578862376.225717545 6.821902613 -0.299980912 0.399129355 0.742801303 0.668496899 -0.006307148 -0.036308960
1578862376.389981508 6.849743099 -0.211256469 0.395425552 0.741872296 0.669592961 -0.000978808 -0.035634334
1578862376.752107620 6.915474438 -0.015703753 0.408546224 0.741137808 0.670593486 -0.010865309 -0.030017833
1578862377.114234447 6.980737707 0.179159448 0.423074990 0.740950630 0.670795228 -0.023437642 -0.021831249
1578862377.476360559 7.039156875 0.371839451 0.428341705 0.738399374 0.673097733 -0.040848144 -0.006102045
1578862377.937418699 7.118794460 0.636805111 0.436712768 0.737204500 0.673844444 -0.049595589 0.001862199
1578862378.036350012 7.145807125 0.707139203 0.422823821 0.737366016 0.674131415 -0.042696162 -0.003902814
1578862378.168880939 7.177242828 0.783957171 0.413475895 0.737911921 0.673602437 -0.039742839 -0.012894248
1578862378.267812252 7.195029603 0.834776680 0.403971113 0.739246181 0.672530475 -0.030925166 -0.016170276
1578862378.794202566 7.250367665 1.114007179 0.406301105 0.738921708 0.672572893 -0.039909383 -0.006903225
1578862379.189928055 7.298648459 1.341524158 0.411164565 0.736540506 0.674610198 -0.048754411 0.005671908
1578862379.453122854 7.334009772 1.488456809 0.406535571 0.735612197 0.675128348 -0.055465186 -0.000149912
1578862379.585654020 7.348147725 1.560761558 0.392858174 0.736066659 0.675342619 -0.045981166 -0.001987972
1578862379.815249681 7.376399082 1.694659514 0.386970445 0.736261765 0.675021238 -0.046144637 -0.011645354
1578862379.914180756 7.383769953 1.743969747 0.379528504 0.736983047 0.674558564 -0.040582161 -0.013409692
1578862380.210975647 7.398781428 1.868966519 0.364049992 0.736024308 0.675459230 -0.034881419 -0.028395991
1578862380.474170208 7.409944202 2.024011203 0.358540592 0.736121847 0.675149580 -0.034277450 -0.033507123
1578862380.770964622 7.415108067 2.181219535 0.363350179 0.723989764 0.687051635 -0.034338478 -0.051183404
1578862380.869896412 7.442266515 2.226915402 0.350984611 0.714204390 0.695492622 -0.035201083 -0.070448462
1578862381.067759275 7.465709036 2.290533746 0.347791188 0.693440459 0.717346208 -0.018949219 -0.064774031
1578862381.232022524 7.500273867 2.357326314 0.340686995 0.667567068 0.740646423 -0.024752673 -0.072002714
1578862381.330954313 7.513913233 2.391202931 0.333971631 0.652455056 0.755119730 -0.021544148 -0.060269756
1578862381.627748728 7.536303720 2.512236994 0.342611183 0.589580268 0.806768159 -0.024815359 -0.030073955
1578862381.890943527 7.565327003 2.635312178 0.343605815 0.528294901 0.847381985 -0.023374046 -0.047978355
1578862382.021607637 7.575189921 2.684760479 0.334943923 0.495419203 0.867137148 -0.022014084 -0.046350412
1578862382.088806391 7.577084443 2.720947180 0.327975447 0.478124174 0.877089786 -0.020146717 -0.041290324
1578862382.187737942 7.581669731 2.768847963 0.325176886 0.451052083 0.891444689 -0.019698733 -0.038604991
1578862382.352001667 7.580077704 2.820424186 0.325097911 0.408188136 0.912141639 -0.016430128 -0.033318552
1578862382.516265154 7.568409227 2.883189109 0.322334416 0.364144764 0.930821435 -0.020506888 -0.023441725
1578862382.648795843 7.556891821 2.942100509 0.326493739 0.332424797 0.942392887 -0.027269544 -0.025412069
1578862382.911990881 7.520432646 3.022832881 0.328860706 0.280237013 0.959631481 -0.018182616 -0.015621464
1578862383.109853983 7.464126358 3.065903681 0.337753538 0.253812116 0.967078583 -0.018389149 0.000512097
1578862383.208785295 7.430633712 3.087226719 0.329476367 0.240353395 0.970581680 -0.013685834 0.003761006
1578862383.373048782 7.368148413 3.123435672 0.328028051 0.220154271 0.975258182 -0.019821897 0.003266147
1578862383.505579233 7.326206875 3.140133134 0.326916573 0.205324894 0.978535387 -0.017611862 0.000080192
1578862383.669842958 7.261484975 3.172396387 0.319267183 0.184869518 0.982640002 -0.015070228 -0.003843907
1578862383.834106922 7.186515929 3.199669390 0.324702483 0.167896695 0.985574741 -0.021187274 0.002056408
1578862384.130901098 7.043125358 3.224323201 0.325287903 0.144381757 0.989307423 -0.018966007 0.008063549
1578862384.394099712 6.902969407 3.251002082 0.328422087 0.130869767 0.991166536 -0.021466483 -0.001091647
1578862384.591958761 6.833746619 3.270952549 0.330470768 0.120619565 0.992259331 -0.029299526 0.003725294
1578862384.756222248 6.725854943 3.286604279 0.334814324 0.113815215 0.993127982 -0.026138128 0.007727019
1578862384.920492411 6.636130583 3.301153966 0.330236684 0.105243040 0.993997768 -0.029779387 0.002351087
1578862385.086616039 6.588368429 3.332715084 0.336547534 0.099350357 0.994326797 -0.032968529 -0.018889257
1578862385.514074802 6.410666263 3.382774168 0.359335251 0.087933526 0.995304566 -0.030544993 -0.026523936
1578862385.777269602 6.275855209 3.433752003 0.379512865 0.078506745 0.995941252 -0.038829948 -0.020735181
1578862386.008731842 6.172603890 3.470373849 0.393537224 0.072944755 0.996321823 -0.035505255 -0.027591018
1578862386.238327503 6.057922636 3.535797035 0.411051566 0.069056249 0.996249444 -0.043296439 -0.029046477
1578862386.436190605 5.974304099 3.564969196 0.412660536 0.066805719 0.996716631 -0.035628543 -0.028697749
1578862386.831922531 5.764115415 3.642247252 0.438987919 0.059563225 0.997678631 -0.031702134 -0.009194851
1578862387.128710985 5.585118909 3.709352366 0.459471907 0.055985342 0.997876620 -0.033277776 0.000694328
1578862387.292974234 5.505280755 3.741651703 0.446746344 0.053960364 0.997907375 -0.034312929 -0.009579821
1578862387.425505161 5.420598182 3.767977692 0.446535374 0.054995402 0.997654772 -0.038935808 -0.012019352
1578862387.589768887 5.351103112 3.786792306 0.434701715 0.055748387 0.997660540 -0.035209319 -0.018051840
1578862388.050826550 5.073219024 3.854100075 0.444638220 0.052293213 0.997734119 -0.041227705 0.009608559
1578862388.314021587 4.905736503 3.910238264 0.450780500 0.049653220 0.997663564 -0.045744533 0.010459891
1578862388.412953138 4.883096409 3.907907749 0.431192563 0.049093692 0.997939597 -0.041220194 0.002695564
1578862388.676147938 4.702329853 3.961101546 0.436349845 0.050393434 0.997697591 -0.045386306 0.000318290
1578862388.840411425 4.615254257 3.975083926 0.425585120 0.051770191 0.997707144 -0.043067254 -0.006746449
1578862389.071873903 4.465452039 4.018344153 0.435584348 0.053145776 0.997311575 -0.048356557 -0.014380254
1578862389.170805216 4.386304225 4.034553252 0.430884714 0.053612727 0.997269329 -0.044350867 -0.024749963
1578862389.335069180 4.316441418 4.054397243 0.429219580 0.051742357 0.997225905 -0.046747944 -0.026035590
1578862389.532932043 4.193168916 4.086148072 0.442565579 0.054345464 0.996822200 -0.043829055 -0.038354752
1578862389.697195292 4.108270965 4.115632852 0.443152925 0.053329600 0.996422769 -0.048219535 -0.044412797
1578862389.993989706 3.931444132 4.152625931 0.467953268 0.056669868 0.996037740 -0.044313028 -0.052284814
1578862390.324383736 3.708663127 4.203917874 0.506924816 0.058347910 0.996350533 -0.045879009 -0.042145618
1578862390.455047846 3.622986952 4.230376615 0.507397582 0.056369332 0.995922734 -0.054507805 -0.044601633
1578862390.718242884 3.460205970 4.251089125 0.534576808 0.047959115 0.996569325 -0.061434566 -0.027844161
1578862390.850773335 3.365295496 4.293624337 0.537813259 0.031796787 0.996265229 -0.077888610 -0.019440236
1578862391.015037298 3.291516778 4.311073085 0.543289010 0.008916825 0.997484039 -0.070029442 -0.006477631
1578862391.212900162 3.131312948 4.381281084 0.547897546 -0.026905945 0.995198346 -0.092904113 -0.015004930
1578862391.410763025 3.037785505 4.413603888 0.538269871 -0.066043260 0.995326661 -0.068487136 -0.016511749
1578862391.806488752 2.795657930 4.518444802 0.543811643 -0.171210773 0.983874055 -0.050799339 -0.009906697
1578862391.970752001 2.702104637 4.545518244 0.538893190 -0.217247671 0.974898564 -0.048033603 -0.008307411
1578862392.069683552 2.653899796 4.556019308 0.528391807 -0.248234890 0.968013400 -0.036275449 -0.003686399
1578862392.200347900 2.547047328 4.568351898 0.529541836 -0.288110257 0.957363357 -0.020939884 0.003066541
1578862392.431810379 2.424517016 4.562600547 0.525245968 -0.351278400 0.936204164 -0.002356911 0.010940497
1578862392.596073866 2.300853344 4.548265103 0.523136672 -0.391614946 0.919988631 -0.002351678 0.015909826
1578862392.760337591 2.229449679 4.519663883 0.514664557 -0.425922600 0.904682837 0.004290451 0.010977027
1578862392.892868042 2.138440137 4.490140561 0.504263836 -0.453335527 0.891201380 0.004257042 0.015128726
1578862393.156063318 2.015841215 4.419390458 0.497925938 -0.494248832 0.869100190 0.004982169 0.018924312
1578862393.387525320 1.914131884 4.342641645 0.483605674 -0.523974026 0.851013854 0.007435835 0.034224961
1578862393.551788807 1.867090181 4.278688082 0.475912572 -0.538925347 0.840932778 0.025775054 0.041559354
1578862393.913915396 1.712590711 4.092541249 0.453649524 -0.572091612 0.818872820 0.016702438 0.043353445
1578862394.078179121 1.688192095 4.029093032 0.429079362 -0.585521542 0.809727248 0.017188699 0.034797361
1578862394.408572435 1.602722548 3.839496132 0.413268635 -0.604039486 0.794727537 0.026801676 0.053161181
1578862394.572836161 1.555596531 3.723236069 0.400198606 -0.611420819 0.788130678 0.022850469 0.067025907
1578862394.770699024 1.521149704 3.601468821 0.380687864 -0.619259468 0.783114190 0.015293339 0.054918037
1578862395.099225998 1.460697193 3.381426933 0.359202806 -0.628838181 0.775495988 0.004315045 0.056123924
1578862395.265356302 1.456847976 3.299531153 0.342848503 -0.633914384 0.771346770 0.007431644 0.055870246
1578862395.659215212 1.409425349 3.019589171 0.326719185 -0.643924923 0.763560373 -0.005133962 0.048061340
1578862395.956009626 1.395458189 2.822515701 0.326934606 -0.648660484 0.759014454 0.002363867 0.055955767
1578862396.054941177 1.393010803 2.734362424 0.312434505 -0.651100892 0.756991798 0.002092332 0.055015174
1578862396.286403418 1.384674084 2.574887223 0.315006588 -0.652775266 0.755282798 -0.004575705 0.058407281
1578862396.515999079 1.374688709 2.398079433 0.297928553 -0.656496240 0.753009644 -0.020936475 0.039380549
1578862396.680263042 1.377405866 2.296757563 0.303730430 -0.657531921 0.751991830 -0.020651090 0.041636438
1578862396.977057219 1.370747838 2.078567797 0.306385842 -0.660022422 0.749797108 -0.026372681 0.038460125
1578862397.273851395 1.366209604 1.885909778 0.313617033 -0.659179607 0.750558525 -0.038440371 0.025816365
1578862397.372782946 1.365405012 1.828089305 0.315082165 -0.658932300 0.750559320 -0.041112537 0.027905035
1578862397.537046432 1.361492921 1.714757584 0.320419235 -0.657800463 0.751651450 -0.043856013 0.019882114
1578862397.669577360 1.355395591 1.610924654 0.316630887 -0.658769524 0.750706957 -0.047126728 0.015519379
1578862397.998104572 1.333718579 1.394759838 0.341793008 -0.659119845 0.750120804 -0.052814944 0.009507375
1578862398.229566813 1.312032849 1.257934963 0.356599879 -0.659689217 0.748851997 -0.063474341 0.001353400
1578862398.328498363 1.305730648 1.191116154 0.359838682 -0.659109884 0.749262775 -0.064262304 -0.007057638
1578862398.492761850 1.289622339 1.083753495 0.363697823 -0.660208236 0.747753055 -0.069438635 -0.012989634
1578862398.789556026 1.260458183 0.912215718 0.397145176 -0.661061279 0.747111846 -0.068110155 -0.013523410
1578862399.151682615 1.215981339 0.715621643 0.443648634 -0.663718530 0.745989480 -0.054562370 0.000597717
1578862399.414877653 1.173211803 0.567744112 0.474184762 -0.665967128 0.744296624 -0.048393005 0.012978316
1578862399.579141140 1.151650870 0.485840009 0.485519033 -0.666356854 0.743978726 -0.049396472 0.004918065
1578862399.810603142 1.103745695 0.375337264 0.500128778 -0.668165243 0.740977321 -0.067051727 -0.003447309
1578862399.974866867 1.082058505 0.310609826 0.506580570 -0.668241073 0.739988101 -0.073992119 -0.019915937
1578862400.370592833 1.020444837 0.142746465 0.546962625 -0.671628987 0.735651685 -0.084834238 -0.023113945
1578862400.534856081 1.004036222 0.086904618 0.551194246 -0.673195848 0.732445552 -0.101611708 -0.002434097
1578862400.667386770 1.028422310 0.043926036 0.568337271 -0.676153178 0.731106393 -0.090149001 0.013171172
1578862400.831650496 1.007229080 -0.024808274 0.579982676 -0.686371976 0.715156153 -0.122160168 0.050220333
1578862401.061246395 0.946746611 -0.110373001 0.602284852 0.710385185 -0.687080542 0.133214387 -0.074344776
1578862401.292708397 0.865779036 -0.188049288 0.609857809 0.742364917 -0.643095438 0.153039575 -0.109093885
1578862401.589502811 0.757183181 -0.280149218 0.615493770 0.801662081 -0.572465802 0.128730428 -0.114233487
1578862401.753766298 0.724971227 -0.324792745 0.600329941 0.830810532 -0.533126126 0.120829371 -0.104549780
1578862401.918029547 0.694307805 -0.374931225 0.598546228 0.859342597 -0.491693305 0.097666158 -0.101140083
1578862402.082293272 0.674620660 -0.424470555 0.574765318 0.886303105 -0.442281707 0.089884712 -0.103799983
1578862402.412687302 0.649692010 -0.548249317 0.568039889 0.928551230 -0.354837457 0.063271604 -0.088767650
1578862402.545217991 0.654289144 -0.595788143 0.556066929 0.941291485 -0.322426988 0.049070214 -0.087196852
1578862402.709481478 0.675027925 -0.636127843 0.547510101 0.952732461 -0.289951341 0.035602422 -0.083435875
1578862402.873744965 0.675486443 -0.655416701 0.502948073 0.963320542 -0.258401863 0.031582594 -0.065150210
1578862403.170539618 0.797015549 -0.731911484 0.506642111 0.974096332 -0.218435509 0.017133019 -0.055934993
1578862403.269470930 0.808784224 -0.754757378 0.473697188 0.977868055 -0.202817066 0.010424630 -0.050305384
1578862403.631597281 0.996803429 -0.824168302 0.467294742 0.986141026 -0.161888717 -0.018637403 -0.031153913
1578862403.795861006 1.099267054 -0.860611881 0.454127392 0.988019800 -0.148054704 -0.026888111 -0.034259448
1578862404.191586494 1.338946087 -0.925042019 0.426922522 0.990614941 -0.127750747 -0.038132748 -0.030127719
1578862404.454781294 1.555941119 -0.976630134 0.399203531 0.991170018 -0.122775695 -0.042434327 -0.026597961
1578862404.816907883 1.790677781 -1.078515464 0.368370383 0.990690033 -0.125383580 -0.044776599 -0.028412542
1578862405.113702536 1.950981112 -1.158864405 0.346629529 0.989296369 -0.134395194 -0.049499887 -0.027935410
1578862405.311565638 2.072481811 -1.227276059 0.318965238 0.988505894 -0.140811504 -0.048908047 -0.025223432
1578862405.444096327 2.132331321 -1.262817245 0.317023422 0.986981373 -0.149420788 -0.052855022 -0.027341250
1578862405.837955236 2.352700922 -1.421398032 0.294048160 0.982778789 -0.172996103 -0.061705401 -0.020264345
1578862405.970486164 2.395041977 -1.460988887 0.285642306 0.981165165 -0.182380598 -0.062277556 -0.013181124
1578862406.233680964 2.558176503 -1.594948117 0.273455746 0.976151302 -0.202851204 -0.075830076 -0.015159940
1578862406.431543827 2.659248837 -1.678320233 0.261507291 0.972314284 -0.218913167 -0.081139813 -0.009914107
1578862406.793670654 2.888392914 -1.883503515 0.237075163 0.964213790 -0.249872495 -0.087651839 -0.013139964
1578862407.155796766 3.088809967 -2.114353530 0.210020824 0.955919684 -0.280758875 -0.084275743 -0.017017983
1578862407.353659630 3.174622100 -2.217843614 0.196418134 0.951847662 -0.295376114 -0.080502978 -0.016070143
1578862407.650454044 3.310075852 -2.386872153 0.182011901 0.945135325 -0.317701808 -0.074765748 -0.013959253
1578862407.947248697 3.422441872 -2.528736992 0.178509069 0.937154166 -0.341296645 -0.070467357 -0.017117866
1578862408.210443497 3.511984788 -2.652803614 0.178231017 0.929398087 -0.362201822 -0.066064024 -0.025779468
1578862408.572570086 3.634196134 -2.816955394 0.183374883 0.917331718 -0.392360257 -0.060633966 -0.029655866
1578862408.869364500 3.728046947 -2.939876330 0.188799159 0.906256781 -0.418324162 -0.053821066 -0.028404855
1578862409.231490612 3.835618849 -3.091044154 0.199823218 0.890545432 -0.451389216 -0.044662250 -0.034378658
1578862409.494685650 3.900222877 -3.199332790 0.211200256 0.877450322 -0.475979632 -0.038077044 -0.045546250
1578862409.757880688 3.962183050 -3.298572844 0.220093814 0.864284967 -0.499366607 -0.031498485 -0.051500807
1578862409.989342928 4.009195144 -3.384557675 0.229026603 0.851562884 -0.520951405 -0.015329511 -0.056703570
1578862410.351469278 4.053549330 -3.513343463 0.236780070 0.832111474 -0.550152250 0.013906789 -0.068772069
1578862410.549332142 4.068037145 -3.578457212 0.242332606 0.821353893 -0.564721328 0.030782774 -0.074296866
1578862410.846126795 4.080286825 -3.653769647 0.250928723 0.805221908 -0.584932425 0.056225057 -0.079438532
1578862411.239985466 4.079037305 -3.746443551 0.263535106 0.784131708 -0.608758199 0.087998869 -0.082505265
1578862411.536780119 4.078738453 -3.801362701 0.272990573 0.768893912 -0.624275162 0.110536378 -0.082851576
1578862411.799975157 4.076883437 -3.843586627 0.280783698 0.756235527 -0.635716740 0.130751419 -0.082922377
1578862411.932506084 4.078907532 -3.866173562 0.284676409 0.750156604 -0.640741154 0.140614481 -0.083327128
1578862412.328231812 4.079791056 -3.931561855 0.293001055 0.733372481 -0.651861378 0.173010667 -0.085491853
1578862412.591426611 4.085392393 -3.978438741 0.298210107 0.723520069 -0.656891113 0.194007475 -0.085871266
1578862412.755690336 4.087969903 -4.011253579 0.300253367 0.718115580 -0.658990036 0.206777102 -0.085354412
1578862412.888221264 4.091808935 -4.038740250 0.301718129 0.714153268 -0.660263898 0.216643623 -0.084274763
1578862413.052484512 4.096738008 -4.072033970 0.303269285 0.709686708 -0.661293413 0.228734774 -0.081952436
1578862413.250347376 4.102695302 -4.112141041 0.305305983 0.705108437 -0.661667734 0.242753990 -0.078028217
1578862413.448210239 4.110485110 -4.155361113 0.308168342 0.701340896 -0.661312165 0.255856296 -0.072970704
1578862413.612473726 4.119370779 -4.191427820 0.309978627 0.698917207 -0.660431723 0.266091450 -0.067379652
1578862413.745004892 4.126812726 -4.220956301 0.311689993 0.697266683 -0.659468078 0.273956690 -0.062199348
1578862413.909268141 4.136393108 -4.254858408 0.313161613 0.695681302 -0.657855698 0.283273882 -0.054857212
1578862414.073531389 4.148198353 -4.286057174 0.314202981 0.694682656 -0.655858485 0.291762192 -0.046265303
1578862414.237795115 4.157397048 -4.315169206 0.314402055 0.694241414 -0.653290933 0.299737370 -0.037380805
1578862414.370326042 4.164874511 -4.339656949 0.315611654 0.694299420 -0.651059771 0.305272787 -0.029631325
1578862414.633527517 4.170170877 -4.383056500 0.315194570 0.695255283 -0.645641127 0.315536087 -0.014303982
1578862414.831383944 4.169018708 -4.412603962 0.314605199 0.696656074 -0.641031622 0.322093358 -0.002154401
1578862414.995647430 4.169619668 -4.435601098 0.313794059 0.698361311 -0.637003290 0.326252579 0.008805819
1578862415.159911156 4.170973713 -4.457250370 0.312186827 0.700485171 -0.632780516 0.329382617 0.020406759
1578862415.326041222 4.165051425 -4.478358145 0.310077799 0.702756291 -0.628264207 0.332254097 0.032014003
1578862415.456705332 4.160831883 -4.495189652 0.308507403 0.704848822 -0.624649383 0.333556565 0.041728929
1578862415.688167810 4.153483435 -4.519219273 0.302498387 0.708620062 -0.618004022 0.335183670 0.059837637
1578862415.852431297 4.144919592 -4.537031000 0.298349133 0.711350698 -0.613265462 0.335493784 0.073003955
1578862416.016694546 4.137902837 -4.558738986 0.296022633 0.714266965 -0.608643266 0.334490660 0.086556779
1578862416.180958033 4.129578831 -4.578628834 0.290647943 0.717311897 -0.603764468 0.332926794 0.100458247
1578862416.412420511 4.112584812 -4.599122274 0.278909904 0.721639696 -0.596162410 0.330701025 0.120263721
1578862416.643882513 4.100874187 -4.619446965 0.267295539 0.725934417 -0.588709837 0.326568039 0.140688544
1578862416.873478413 4.073266285 -4.631358416 0.251308982 0.729859492 -0.580990783 0.322520234 0.160422974
1578862417.037741661 4.050813736 -4.650879615 0.245900592 0.733037309 -0.575396509 0.317929674 0.174630704
1578862417.202005148 4.012537764 -4.701563634 0.238682715 0.736856823 -0.569556101 0.312552897 0.186972073
1578862417.532398939 3.967197428 -4.726135450 0.213027154 0.743227171 -0.556798988 0.302677755 0.214416502
1578862417.664929628 3.957865892 -4.689085111 0.200225060 0.745017326 -0.551267772 0.299598138 0.226481752
1578862417.829193592 3.941980978 -4.656114390 0.186448152 0.746653943 -0.545561698 0.295318081 0.240119875
1578862417.993456602 3.921466720 -4.650610478 0.171183114 0.748838838 -0.540106858 0.289292616 0.252655414
1578862418.092388391 3.909188001 -4.647592607 0.161280183 0.750004625 -0.537049619 0.285372490 0.260064053
1578862418.157720327 3.897732483 -4.641622168 0.154777569 0.750729159 -0.535061398 0.282917797 0.264712204
1578862418.290251255 3.883933821 -4.638024811 0.140037284 0.752270600 -0.531682166 0.276718009 0.273551022
1578862418.389182806 3.882920500 -4.634976534 0.128378842 0.753215068 -0.530723739 0.271009296 0.278483994
1578862418.553446054 3.886315310 -4.627948874 0.114053723 0.758556359 -0.533598516 0.257523961 0.271194181
1578862418.652377367 3.894348767 -4.621511261 0.108146914 0.763677358 -0.538302112 0.246263628 0.257646955
1578862418.751308918 3.907376181 -4.615449856 0.104332937 0.768285547 -0.545226267 0.233036690 0.241162885
1578862418.915572882 3.930117913 -4.607886342 0.102591770 0.775073017 -0.558683027 0.209578186 0.207875148
1578862419.079836369 3.932551049 -4.639764932 0.122781770 0.786782978 -0.567437137 0.182802757 0.159908703
1578862419.147034883 3.956247384 -4.612364806 0.107486246 0.788547159 -0.572301783 0.171649117 0.145604358
1578862419.311298370 3.974405115 -4.630046176 0.113615350 0.795627970 -0.579168457 0.143704055 0.104351217
1578862419.410229683 3.982782353 -4.649699055 0.116368629 0.798322767 -0.582535547 0.127612125 0.083953811
1578862419.574493170 4.008019500 -4.678797385 0.117253018 0.799592231 -0.588840212 0.102522478 0.058383311
1578862419.673424721 4.016157316 -4.690282046 0.115435806 0.799627006 -0.591975523 0.089673302 0.046047031
1578862419.772356272 4.021297866 -4.720418597 0.116343070 0.799879255 -0.594228897 0.076860173 0.034317767
1578862419.936619997 4.038873617 -4.764977948 0.113579572 0.799947050 -0.597025261 0.056670431 0.020833085
1578862420.100883245 4.048201138 -4.812894162 0.108856424 0.800716566 -0.597697744 0.038368005 0.011759378
1578862420.233413935 4.026730345 -4.775598995 0.101094633 0.801135524 -0.597674793 0.029168162 0.010767216
1578862420.397677660 4.043518179 -4.881969456 0.101500341 0.802922758 -0.595922012 0.012940207 0.004954815
1578862420.629139900 4.061806661 -4.964376222 0.088725140 0.806981382 -0.590564713 0.001557267 0.003455809
1578862421.056598186 3.986436617 -5.094993413 0.075670781 0.812625917 -0.582566323 -0.012573119 0.009874958
1578862421.288060665 3.939076126 -5.171741322 0.074457344 0.808020202 -0.588809989 -0.014049201 0.014448884
1578862421.517656326 3.943750846 -5.261094385 0.072122759 0.802658203 -0.596324080 -0.004403229 0.010863325
1578862421.978713989 3.933413395 -5.348686805 0.082042670 0.803046601 -0.595642498 0.010198236 -0.014905288
1578862422.210176468 3.911183738 -5.318996994 0.103539769 0.806796294 -0.590415995 0.000668598 -0.022096298
1578862422.572303057 3.883265916 -5.298692401 0.128689418 0.816626796 -0.576677583 -0.015003157 -0.018399643
1578862422.835497856 3.858113582 -5.330315239 0.141778848 0.824182956 -0.565319857 -0.030328213 -0.014700809
1578862423.132292509 3.859990114 -5.344871622 0.171246878 0.828592216 -0.557353261 -0.048793943 -0.020283797
1578862423.296555758 3.862980432 -5.355198953 0.182146237 0.832028308 -0.552145349 -0.045784341 -0.027716460
1578862423.593350410 3.864179668 -5.388418293 0.186856257 0.839568278 -0.540848473 -0.017079297 -0.048128297
1578862423.856545448 3.851671137 -5.434718869 0.184997229 0.846216708 -0.529594678 0.006673942 -0.058328550
1578862424.252270937 3.828383443 -5.478457580 0.194350750 0.855806569 -0.511846065 0.032289673 -0.067572921
1578862424.351202250 3.821804145 -5.495508661 0.200644913 0.858541719 -0.506318628 0.039628955 -0.070548638
1578862424.812260628 3.780426589 -5.524591198 0.219832674 0.865897915 -0.487746843 0.080756468 -0.076172248
1578862424.944791317 3.771686454 -5.528943106 0.225564707 0.866788024 -0.484629479 0.090575841 -0.074891965
1578862425.174386740 3.747743595 -5.541293135 0.241042032 0.866587419 -0.480418240 0.110533499 -0.077504221
1578862425.338650465 3.734916314 -5.549956300 0.248571970 0.863975487 -0.480716769 0.126902340 -0.079709105
1578862425.504781008 3.713119095 -5.567837196 0.252681888 0.859446045 -0.483557588 0.143266290 -0.083661970
1578862425.734376192 3.674298879 -5.607132663 0.248919960 0.848036082 -0.498090036 0.157695879 -0.088730659
1578862425.898640156 3.647869681 -5.619787342 0.242736358 0.833970314 -0.521028561 0.158648790 -0.088618938
1578862426.031170607 3.630651585 -5.622531483 0.235995105 0.821568275 -0.542494485 0.152849686 -0.085803707
1578862426.294365883 3.595644968 -5.629122644 0.224823569 0.799339446 -0.580270825 0.132931751 -0.081678449
1578862426.492228746 3.569807968 -5.641024929 0.213968487 0.784368275 -0.603821941 0.116424224 -0.081307277
1578862426.690091610 3.551409708 -5.647267057 0.202536184 0.768294243 -0.628020533 0.096876666 -0.077000505
1578862426.854355097 3.534534638 -5.652579715 0.195101246 0.752217245 -0.649223121 0.083561212 -0.075472380
1578862427.151149273 3.524999014 -5.659744257 0.178807294 0.717008768 -0.688952571 0.073119924 -0.076787100
1578862427.250081062 3.529503841 -5.656705013 0.169925493 0.706481596 -0.699812310 0.072789724 -0.076473140
1578862427.513276100 3.518276240 -5.658727448 0.145918015 -0.684096441 0.722168468 -0.071404250 0.073390701
1578862427.711139202 3.495192425 -5.656667612 0.125917528 -0.669523124 0.736653702 -0.067002804 0.067754958
1578862427.875402689 3.484917277 -5.654949160 0.114698467 -0.653457979 0.752846387 -0.052883568 0.058466362
1578862428.172196865 3.480867045 -5.639504998 0.102745851 -0.623764836 0.780239627 -0.021464394 0.041022368
1578862428.370060205 3.471827708 -5.629383326 0.101632342 -0.611885819 0.790058520 -0.006791870 0.036839525
1578862428.567922831 3.458510587 -5.624100277 0.101386899 -0.600188993 0.798838518 -0.008451304 0.039481268
1578862428.864717484 3.447452507 -5.622375040 0.099436756 -0.571765644 0.818987099 -0.023487554 0.042338113
1578862429.193244219 3.440821761 -5.622257877 0.103579432 -0.537914088 0.841462243 -0.028882817 0.041898815
1578862429.490038872 3.431247730 -5.622958373 0.123461962 -0.515966564 0.854716932 -0.018651495 0.053754925
1578862429.852165222 3.425161168 -5.623134834 0.165505891 -0.488314795 0.868122534 -0.002462444 0.088914922
1578862430.115360498 3.413870716 -5.627510858 0.188961779 -0.468903652 0.875998730 0.003994059 0.112869999
1578862430.445753813 3.395569106 -5.643462452 0.208561543 -0.437086089 0.889045095 0.009024628 0.135915875
1578862430.807880402 3.375635104 -5.662529750 0.220232711 -0.400380468 0.904906808 0.006104476 0.144228588
1578862430.972144365 3.365802739 -5.669607550 0.227052009 -0.384876256 0.911583970 0.005163909 0.144423917
1578862431.300671339 3.345868343 -5.677464935 0.237525963 -0.357150450 0.923465809 0.002593777 0.140170355
1578862431.631065130 3.325219404 -5.689311093 0.249801948 -0.331062995 0.933475874 0.006407289 0.137764414
1578862431.927859545 3.311845487 -5.704921827 0.255885177 -0.309254345 0.941800852 0.011110757 0.131337184
1578862432.289986134 3.299907891 -5.725607184 0.261865103 -0.286482353 0.949963998 0.014736327 0.123608676
1578862432.652112246 3.288119679 -5.741413229 0.267951701 -0.275438771 0.954084439 0.014878444 0.116769000
1578862432.948906660 3.278592724 -5.754188611 0.273504971 -0.270524165 0.956206576 0.011989965 0.111094110
1578862433.212101936 3.267956084 -5.766677242 0.278158534 -0.266762857 0.957844301 0.007181943 0.106396862
1578862433.475296736 3.256366022 -5.778373757 0.284248073 -0.264261273 0.958969426 0.005680106 0.102524906
1578862433.738492012 3.242858902 -5.788916177 0.293122256 -0.263218303 0.959600826 0.005900277 0.099234909
1578862433.969954014 3.230631085 -5.797194225 0.301573920 -0.262233334 0.960240422 0.005212586 0.095628652
1578862434.266748905 3.212230085 -5.806280125 0.315549720 -0.260867277 0.960928001 0.003865768 0.092469976
1578862434.529943466 3.194260021 -5.811914842 0.329853875 -0.259911402 0.961337467 0.003028379 0.090923961
1578862434.793138504 3.174829891 -5.815193371 0.345292572 -0.260142659 0.961338191 0.005294984 0.090147888
1578862435.056333542 3.155069849 -5.815839464 0.359061384 -0.261851810 0.961046001 0.007570139 0.088130055
1578862435.452059507 3.129263006 -5.816505041 0.375767412 -0.262007797 0.961391098 0.006547380 0.083882081
1578862435.683521509 3.116278289 -5.815248993 0.382299854 -0.262604333 0.961572903 0.003702640 0.080017545
1578862436.077380896 3.097857164 -5.812318797 0.390938798 -0.267005794 0.960760809 0.002061372 0.075115408
1578862436.538438797 3.077928708 -5.814277319 0.400138876 -0.275636184 0.958371399 -0.001462661 0.074476955
1578862436.835233212 3.067623405 -5.818884913 0.403124045 -0.279892227 0.957331099 -0.009098623 0.071377333
1578862437.098428488 3.060052305 -5.823052261 0.403607374 -0.284076976 0.956420743 -0.018041166 0.065070349
1578862437.395222664 3.055952004 -5.828579807 0.403619119 -0.286544634 0.955969522 -0.028398340 0.056639028
1578862437.725616693 3.050951702 -5.830108608 0.407000241 -0.292749244 0.954310707 -0.030705241 0.051440664
1578862438.186674356 3.035870216 -5.827798218 0.416527920 -0.307893642 0.949804316 -0.024981299 0.049489410
1578862438.580533504 3.019656706 -5.819372582 0.421375566 -0.319860482 0.946033104 -0.024621647 0.045873879
1578862439.371984959 2.995674081 -5.784844719 0.420681719 -0.324394638 0.944660187 -0.028359411 0.039761719
1578862439.767710686 2.985540950 -5.762210673 0.415786277 -0.323032431 0.945276601 -0.024926356 0.038482102
1578862440.228769064 2.968923632 -5.737930903 0.402741958 -0.323461374 0.945358234 -0.021330694 0.034864733
1578862440.689826965 2.951787779 -5.716967157 0.382062931 -0.324283544 0.945407746 -0.018677073 0.026373176
1578862440.953022003 2.942544136 -5.710234519 0.370130235 -0.322999005 0.946051266 -0.011901247 0.022737759
1578862441.315148830 2.929186174 -5.709039884 0.357702410 -0.319166060 0.947501653 -0.000052753 0.019329795
1578862441.546611071 2.922408695 -5.714476714 0.349250315 -0.314235929 0.949187406 0.007991016 0.015335989
1578862441.776206493 2.916800026 -5.723947567 0.342529838 -0.309822084 0.950479593 0.020714730 0.013027640
1578862442.270864248 2.905952327 -5.752897715 0.341174462 -0.314464335 0.948288355 0.036393408 0.023171057
1578862442.500459433 2.893925723 -5.761059049 0.341958668 -0.328101759 0.943809930 0.028594067 0.027466893
1578862442.632990599 2.886453838 -5.763091702 0.342895099 -0.336727050 0.940909170 0.019938329 0.030121270
1578862442.963384390 2.870601164 -5.768474425 0.343704525 -0.349871404 0.936012644 -0.001166819 0.038327148
1578862443.917233229 2.819098764 -5.793920098 0.336173287 -0.353382993 0.934618087 0.005100862 0.039792870
1578862444.214027405 2.793009151 -5.807091449 0.328544680 -0.348986552 0.936273129 0.008589008 0.039079962
1578862444.675085306 2.752498684 -5.815303892 0.317982361 -0.345105810 0.937783809 0.012645527 0.036105389
1578862444.938280582 2.728146083 -5.815741487 0.310598114 -0.344729979 0.937909873 0.020346207 0.032746650
1578862445.169742823 2.708001572 -5.815248573 0.302787302 -0.344024440 0.938019681 0.031337697 0.028003798
1578862445.334006548 2.695649399 -5.820000826 0.297536038 -0.342293473 0.938329947 0.042022110 0.024621752
1578862445.531869650 2.680272291 -5.827082146 0.292396326 -0.342105826 0.937766347 0.055582780 0.021643397
1578862445.927595139 2.652230060 -5.842389447 0.275395568 -0.343596504 0.937308890 0.056332222 0.014838075
1578862446.420386076 2.636989386 -5.853950970 0.257329742 -0.345872968 0.937210512 0.040134812 0.019938491
1578862447.211837530 2.628066493 -5.872931967 0.233621049 -0.344416280 0.937825190 0.034801985 0.025498261
1578862448.068621397 2.612033974 -5.919895620 0.217889374 -0.335079239 0.940991398 0.027393983 0.038815738
1578862448.792874575 2.587613621 -5.921562381 0.212967935 -0.328834590 0.942899845 0.021862216 0.048267364
1578862448.990737677 2.580533397 -5.916941080 0.207483087 -0.324046263 0.944483021 0.026784883 0.047206068
1578862449.155000687 2.573482585 -5.912322922 0.204705879 -0.318680232 0.946068887 0.032279818 0.048524051
1578862449.451795101 2.559386748 -5.900846636 0.200038348 -0.308361999 0.949002109 0.039329816 0.052545608
1578862449.847521067 2.538761518 -5.881043628 0.196652063 -0.296424939 0.952221376 0.040541421 0.061344106
1578862450.110716343 2.521542042 -5.862028174 0.194586204 -0.292374604 0.953431744 0.034505129 0.065531642
1578862450.472842455 2.492053409 -5.828532559 0.188548316 -0.295171112 0.953200486 0.024262200 0.060779874
1578862450.736040592 2.463762936 -5.796741068 0.181485491 -0.304033211 0.950990568 0.022772265 0.051596212
1578862450.967499971 2.434140186 -5.763550929 0.173749020 -0.314868228 0.947884049 0.025204693 0.041695955
1578862451.131763458 2.411788392 -5.741431772 0.170054875 -0.322858415 0.945227578 0.033226049 0.034688607
1578862451.329626083 2.384762140 -5.715982673 0.164033938 -0.332173394 0.941816395 0.045096484 0.024678343
1578862452.152810335 2.307833731 -5.645795567 0.153619225 -0.361205369 0.931531278 0.036801937 0.020634383
1578862452.679200649 2.278153353 -5.619035490 0.155100730 -0.370144621 0.928346333 0.012522507 0.031768421
1578862453.173857450 2.250103500 -5.594729458 0.148363652 -0.386089164 0.921985600 0.004165104 0.029331950
1578862453.866377592 2.234063274 -5.616137976 0.138063224 -0.388242315 0.920983891 0.023048543 0.022920324
1578862454.327435493 2.229134772 -5.661097984 0.135993834 -0.388966301 0.920167186 0.032929556 0.030219388
1578862454.590630531 2.227313965 -5.692363556 0.135716125 -0.391643530 0.918803870 0.034871186 0.034623604
1578862454.788493395 2.226499486 -5.719356399 0.134117981 -0.393748394 0.917979527 0.029764739 0.037280709
1578862455.051688671 2.223504541 -5.754371968 0.133849654 -0.396924627 0.916699490 0.017427344 0.042534390
1578862455.184219360 2.221674188 -5.770679067 0.135186326 -0.397895087 0.916235741 0.008673749 0.046003610
1578862455.348482609 2.218192622 -5.791938104 0.136833218 -0.397789530 0.916087724 -0.002740459 0.050391094
1578862455.908472061 2.199885052 -5.860923990 0.144431192 -0.390340768 0.918645260 -0.011576201 0.059924639
1578862456.171667337 2.189877880 -5.892376110 0.147912044 -0.385183032 0.921127124 -0.002577069 0.056144556
1578862456.434862137 2.183772146 -5.926486378 0.147522895 -0.373414595 0.926397583 0.006321752 0.048053041
1578862456.666324139 2.176362193 -5.956542776 0.149713665 -0.365173790 0.929754426 0.017027994 0.043759098
1578862456.994851351 2.166809919 -5.995253629 0.154168765 -0.354853907 0.933674505 0.024241528 0.041748920
1578862457.455909252 2.151154371 -6.039528335 0.154041639 -0.346193945 0.937193795 0.027272504 0.032768187
1578862457.916966915 2.141165148 -6.080384630 0.158301284 -0.340543010 0.939327283 0.027241937 0.030864071
1578862458.114830256 2.133634577 -6.091194797 0.159189230 -0.345902889 0.937546062 0.023317703 0.028545704
1578862458.411624432 2.125077237 -6.104443011 0.159097586 -0.350568196 0.936178888 0.010646373 0.023615351
1578862458.609487295 2.121927147 -6.110730113 0.159475771 -0.350765029 0.936249146 0.002174719 0.019917380
1578862458.971613646 2.119351453 -6.120945138 0.164664200 -0.347184819 0.937600292 -0.009287412 0.016796980
1578862459.432671309 2.108845556 -6.124039753 0.179389551 -0.344121998 0.938727677 -0.010540937 0.016102398
1578862459.992660761 2.079839726 -6.106294566 0.199362272 -0.356579843 0.934189447 0.006821643 0.009713747
1578862460.519050360 2.044061570 -6.079399928 0.214755410 -0.367282061 0.930005530 0.011220261 0.008228523
1578862460.849444151 2.021309413 -6.060448835 0.223467798 -0.365196713 0.930769688 0.010577248 0.013684646
1578862461.112639189 1.999875959 -6.044691587 0.229771780 -0.362130492 0.931862690 0.014471048 0.016852971
1578862461.375834465 1.976599679 -6.025993893 0.232299512 -0.359232761 0.932895733 0.020204920 0.015784060
1578862461.540097713 1.961159699 -6.014827158 0.232813164 -0.357199473 0.933605049 0.024761372 0.013305044
1578862461.870491266 1.926451598 -5.991817289 0.231760914 -0.353839211 0.934685708 0.033756422 0.004576508
1578862462.003022194 1.915675241 -5.985867107 0.230341434 -0.351601816 0.935385538 0.037795880 -0.001236588
1578862462.133686304 1.899192119 -5.975395310 0.222987983 -0.352769193 0.935196156 0.028297660 -0.012699982
1578862462.396881342 1.861217426 -5.973115752 0.221329635 -0.353301546 0.934748856 0.027153932 -0.026177420
1578862462.693675518 1.795211783 -5.983212315 0.224098409 -0.358592246 0.932874027 0.011539299 -0.032007755
1578862462.792606831 1.773759807 -5.993654934 0.221416467 -0.358633109 0.932497093 0.008229277 -0.041996945
1578862462.990469694 1.725838929 -6.012262032 0.223053775 -0.360161275 0.931323439 -0.011033803 -0.052903334
1578862463.089401245 1.704079989 -6.024800156 0.229245770 -0.359142295 0.931237789 -0.015559583 -0.059756945
1578862463.253664970 1.662880468 -6.050366003 0.231509908 -0.358885369 0.930472711 -0.024614046 -0.069397218
1578862463.417934418 1.622252221 -6.078163870 0.246373280 -0.358770156 0.930645814 -0.036600186 -0.061990090
1578862463.878986359 1.502854366 -6.177602035 0.291450117 -0.357533028 0.932867975 -0.040823876 -0.016151946
1578862464.110448360 1.432945776 -6.240169979 0.305125005 -0.360692686 0.931931519 -0.036377832 0.009004651
1578862464.274711847 1.384172906 -6.284985863 0.319604702 -0.360698307 0.931756874 -0.035990959 0.020748748
1578862464.438975573 1.328609565 -6.335582833 0.323932309 -0.362941730 0.930840350 -0.032122962 0.027886521
1578862464.571506262 1.284895943 -6.376858300 0.329257150 -0.363193510 0.930250681 -0.036736749 0.037075008
1578862464.834701300 1.199974720 -6.459486925 0.335646525 -0.362250966 0.930433220 -0.029954600 0.046593813
1578862465.066163540 1.120170676 -6.538918596 0.350720383 -0.360535265 0.929864005 -0.022640566 0.069675383
1578862465.230426788 1.062578356 -6.596430890 0.346373083 -0.361930833 0.930009985 -0.018045390 0.061334035
1578862465.394690275 1.002946395 -6.655234065 0.348238916 -0.362358502 0.929907799 -0.019300516 0.059960751
1578862465.460022688 0.984441891 -6.676589033 0.350829804 -0.361613040 0.930287294 -0.018281183 0.058884278
1578862465.592553139 0.934747176 -6.727254785 0.349368110 -0.361584787 0.930470519 -0.014353757 0.057227837
1578862465.855748177 0.840320859 -6.821594653 0.355717798 -0.359749247 0.930119833 -0.012452459 0.072818350
1578862465.988278866 0.790884804 -6.870516941 0.351187982 -0.359752428 0.930828861 -0.010572024 0.063435431
1578862466.087210417 0.755193515 -6.905566320 0.346108861 -0.360382870 0.930891309 -0.013788053 0.058098604
1578862466.251473904 0.691991824 -6.963933196 0.354468856 -0.360678967 0.930052475 -0.011355745 0.069167364
1578862466.384004831 0.640066808 -7.010934992 0.352494118 -0.361216863 0.930139197 -0.005777510 0.065803279
1578862466.449336529 0.616091425 -7.033339466 0.348923312 -0.361648072 0.930184961 -0.007136335 0.062575414
1578862466.613600254 0.554336417 -7.089315762 0.352379287 -0.360602802 0.930171552 -0.011411751 0.067943182
1578862466.876795292 0.455283301 -7.178216902 0.342997523 -0.358739071 0.932001898 -0.014539137 0.049672471
1578862467.074658155 0.381253698 -7.241259681 0.348485551 -0.356755492 0.932522272 -0.014239066 0.054083082
1578862467.173589468 0.339025238 -7.280699894 0.347803083 -0.356301148 0.932637027 -0.010748726 0.055876050
1578862467.337852955 0.269161295 -7.333292906 0.348306318 -0.357174343 0.930761537 -0.008836240 0.077661899
1578862467.634647131 0.143465354 -7.425770976 0.343295516 -0.354176475 0.932035141 -0.011259508 0.075780892
1578862467.965040684 0.014076628 -7.503489598 0.334786774 -0.351166360 0.935204728 -0.029018909 0.035102808
1578862468.095705271 -0.034770214 -7.532426658 0.327444496 -0.351239700 0.935374859 -0.035554386 0.020986456
1578862468.194636345 -0.078036899 -7.558344271 0.334291359 -0.350625881 0.935428938 -0.038769758 0.023045597
1578862468.491430521 -0.192647132 -7.621684766 0.340027628 -0.350248720 0.935615264 -0.039347993 0.020041133
1578862468.754625559 -0.299545643 -7.677621697 0.356350272 -0.350973426 0.935229683 -0.040147057 0.023479927
1578862469.051419735 -0.414639904 -7.736938173 0.363183201 -0.353804237 0.933967452 -0.045518648 0.021340408
1578862469.215683699 -0.474954928 -7.772257460 0.364674292 -0.353916328 0.934007273 -0.044067197 0.020778107
1578862469.512477636 -0.581605427 -7.833770883 0.373746274 -0.352841017 0.933951777 -0.047416766 0.031447501
1578862469.676741123 -0.636896196 -7.870356248 0.369700309 -0.353784515 0.933519829 -0.046431075 0.034948535
1578862469.908203602 -0.722691705 -7.926508974 0.379790353 -0.351217513 0.934084455 -0.045736718 0.045173463
1578862470.171398401 -0.815765818 -7.991369016 0.372570051 -0.351931992 0.933781084 -0.049659073 0.041602135
1578862470.468192816 -0.919670789 -8.073693924 0.369500644 -0.353667843 0.933814671 -0.043259098 0.032215964
1578862470.731387377 -1.012372363 -8.149946351 0.376119475 -0.354159901 0.933609146 -0.047383166 0.026449241
1578862471.093513966 -1.130136476 -8.262416612 0.381853179 -0.350730372 0.934945343 -0.053107920 0.006705224
1578862471.257777214 -1.185955797 -8.318988791 0.383204680 -0.350460501 0.935095981 -0.052479375 0.004342724
1578862471.489239693 -1.269348762 -8.396796717 0.404919552 -0.349087635 0.935544376 -0.049858229 0.020216365
1578862471.653503180 -1.326858197 -8.451553498 0.406376790 -0.351035139 0.934954599 -0.046611199 0.021485473
1578862471.851365805 -1.406101547 -8.519023286 0.423549180 -0.351631111 0.934405373 -0.046856558 0.032351574
1578862472.049228907 -1.480482474 -8.580129183 0.424169794 -0.351296704 0.934648009 -0.045728862 0.030538419
1578862472.346023083 -1.602974420 -8.670575207 0.435990669 -0.364700363 0.929950346 -0.035659603 0.030238909
1578862472.739881992 -1.779537886 -8.764036542 0.442016999 -0.415576324 0.908565327 -0.042060475 0.006023458
1578862472.971344471 -1.884268443 -8.806690049 0.445897423 -0.459419224 0.885952868 -0.062576566 -0.010279385
1578862473.070275545 -1.922406656 -8.824179929 0.451855967 -0.477838872 0.875772724 -0.065507254 -0.020023681
1578862473.268138885 -2.015804847 -8.852204268 0.460419578 -0.524659721 0.846099597 -0.091509071 -0.021765568
1578862473.432401896 -2.088597655 -8.877647254 0.480969790 -0.562562384 0.823344828 -0.071123776 -0.023838321
1578862473.760929346 -2.231954911 -8.941035015 0.505902061 -0.640042502 0.763559897 -0.081306407 -0.026667353
1578862473.992391109 -2.300075563 -8.986596218 0.523229615 -0.690077344 0.717844435 -0.085944951 -0.033257967
1578862474.091322660 -2.322427658 -9.014227586 0.527604455 0.710758810 -0.695111278 0.106790451 0.015428065
1578862474.388117313 -2.368146253 -9.093247135 0.553189058 0.769457590 -0.610568921 0.178557429 -0.057077614
1578862474.651311874 -2.395139384 -9.164468517 0.572959386 0.817736842 -0.510413903 0.225575179 -0.141067157
1578862474.716643810 -2.402706650 -9.181755215 0.578272210 0.827791666 -0.482087967 0.234346262 -0.165632058
1578862474.849174738 -2.407282778 -9.225141822 0.583264657 0.842349045 -0.418439026 0.252703520 -0.226931265
1578862474.948106050 -2.407976908 -9.263941719 0.586156115 0.853253381 -0.383263976 0.253181173 -0.246914332
1578862475.112369537 -2.392413178 -9.317733698 0.585693640 0.878203932 -0.330320901 0.241855387 -0.247289157
1578862475.211300850 -2.368926037 -9.339643267 0.578277514 0.890712356 -0.291349464 0.243891106 -0.249527787
1578862475.310232878 -2.283660005 -9.395402424 0.542634898 0.904469533 -0.268704845 0.237218077 -0.231214520
1578862475.474496126 -2.284727529 -9.378136678 0.561196624 0.920944953 -0.214864890 0.245075254 -0.213615526
1578862475.638759613 -2.141742892 -9.429371353 0.536609463 0.930658864 -0.157140752 0.247858146 -0.218511334
1578862475.705958128 -2.203186166 -9.446650108 0.550618376 0.932820191 -0.132444747 0.257111117 -0.214938955
1578862475.870221615 -2.144094212 -9.501840818 0.552237878 0.941461739 -0.078017045 0.260191289 -0.199658776
1578862475.969153166 -2.109176617 -9.511171508 0.551527259 0.944580440 -0.047229017 0.264585924 -0.188498016
1578862476.133416891 -2.060377519 -9.512721347 0.552186153 0.948771312 0.001522662 0.262360541 -0.176061425
1578862476.232348442 -1.972960341 -9.577015734 0.556585225 0.952083625 0.027408404 0.249720231 -0.174428660
1578862476.331279516 -1.963160135 -9.551216706 0.565944445 0.954333343 0.049870943 0.247086749 -0.160339947
1578862476.495543003 -1.918855419 -9.556342073 0.574047496 0.954330404 0.085321094 0.248027085 -0.143025718
1578862476.659806490 -1.812571696 -9.572906616 0.586558174 0.954642287 0.120993465 0.234228075 -0.138404819
1578862476.792337418 -1.834130272 -9.561721617 0.599993852 0.953998340 0.143377309 0.234315130 -0.120110511
1578862476.891268730 -1.829277749 -9.548155127 0.605597949 0.954518790 0.161386368 0.224142563 -0.112287272
1578862476.990200281 -1.910892732 -9.656905241 0.596122161 0.953447072 0.182420723 0.208533882 -0.119058725
1578862477.122730970 -1.887645530 -9.607906423 0.630766894 0.956609571 0.194013510 0.194791874 -0.096503948
1578862477.253395319 -1.862520961 -9.597198492 0.637925714 0.955866878 0.209484448 0.189819532 -0.080020766
1578862477.352326632 -1.818389594 -9.630951335 0.620452489 0.953656211 0.225045762 0.180747273 -0.084998002
1578862477.516589880 -1.830472057 -9.604421631 0.661511897 0.954579802 0.236711051 0.166744807 -0.070295444
1578862477.649121046 -1.807234121 -9.596685380 0.663564682 0.953057482 0.248960165 0.161608243 -0.059858566
1578862477.813384295 -1.784400922 -9.588994388 0.685444100 0.953735016 0.263227299 0.133319877 -0.057677718
1578862478.011252403 -1.741702117 -9.566454555 0.698601114 0.952156497 0.278384255 0.119431094 -0.040452753
1578862478.110178709 -1.719068945 -9.557493059 0.693770048 0.949882466 0.286993071 0.117106916 -0.040549321
1578862478.209109783 -1.694499299 -9.551382503 0.716197187 0.949418605 0.294572933 0.099361639 -0.044253420
1578862478.472305059 -1.668282599 -9.538912697 0.725464439 0.946411663 0.310998962 0.082897268 -0.026695547
1578862478.571236610 -1.674248885 -9.561129533 0.725802089 0.945406303 0.317327452 0.067464219 -0.030964338
1578862478.834431648 -1.580664839 -9.490516795 0.745631027 0.944545179 0.325117828 0.043750242 -0.014789188
1578862479.097626209 -1.517874635 -9.455303935 0.763373122 0.942615404 0.333279852 0.015484408 -0.012687495
1578862479.329088449 -1.466436643 -9.430244021 0.761587389 0.939059419 0.343632484 0.000115528 -0.009171160
1578862479.493355274 -1.438995880 -9.416476549 0.774240114 0.937602872 0.347081739 -0.020441311 -0.004156041
1578862479.790146351 -1.336929712 -9.362688848 0.766952931 0.934044848 0.354655823 -0.042110373 0.002487007
1578862480.053341389 -1.268310272 -9.325733977 0.762110372 0.932353084 0.357365553 -0.052331486 0.016401325
1578862480.251204491 -1.190462703 -9.279714097 0.763376670 0.931618194 0.355419032 -0.073097866 0.020531774
1578862480.547998428 -1.085551826 -9.229317539 0.752043151 0.928495549 0.359228498 -0.089947684 0.027573829
1578862480.811193466 -0.991425681 -9.180917148 0.743298056 0.926757674 0.360685084 -0.099500279 0.033558582
1578862481.042655945 -0.896498146 -9.130877110 0.736464577 0.926020864 0.360173960 -0.108380674 0.031838780
1578862481.272251368 -0.810601895 -9.088706240 0.718534219 0.926589370 0.363316278 -0.094175752 0.023756053
1578862481.667977333 -0.686906451 -9.017689942 0.706534297 0.928927460 0.363822028 -0.068734241 0.001705820
1578862481.931172132 -0.597219301 -8.959385881 0.709882490 0.931407315 0.360401657 -0.048609389 -0.015105812
1578862482.129034996 -0.529169530 -8.911206617 0.703529722 0.932073214 0.359853079 -0.029831953 -0.029246195
1578862482.227966070 -0.493200867 -8.885731711 0.711681466 0.932314074 0.358826187 -0.029101283 -0.034457960
1578862482.392229795 -0.434859792 -8.844694054 0.714434181 0.932423233 0.358953059 -0.011247683 -0.040163491
1578862482.689023972 -0.330839725 -8.771591011 0.732271978 0.931132948 0.360157457 0.009042298 -0.056535627
1578862482.918619633 -0.251484687 -8.707629859 0.742016181 0.929866985 0.360244859 0.034428877 -0.066224496
1578862482.985818386 -0.227709006 -8.690736079 0.750573473 0.929495457 0.360301965 0.036051993 -0.070149432
1578862483.084749937 -0.196574060 -8.661506313 0.763909563 0.929995304 0.358658288 0.040677781 -0.069413865
1578862483.314345598 -0.120786723 -8.590337568 0.784239273 0.929274922 0.360132407 0.040789316 -0.071337227
1578862483.478609085 -0.068085898 -8.536485079 0.810966232 0.929837724 0.359677114 0.032916866 -0.070360926
1578862483.611140013 -0.025586190 -8.493431359 0.821010668 0.929343297 0.360677482 0.037021038 -0.069729716
1578862484.006865501 0.098293580 -8.354103661 0.865435740 0.929864837 0.361513497 0.020660849 -0.065057713
1578862484.105796814 0.127636064 -8.320267111 0.871711627 0.929648427 0.362382904 0.029156395 -0.059852635
1578862484.270060539 0.167942432 -8.261290370 0.889831709 0.930982324 0.356266520 0.021300324 -0.076761810
1578862484.434323788 0.205640792 -8.197160387 0.904054912 0.938273328 0.339663336 0.021239366 -0.061813183
1578862484.566854954 0.237195840 -8.144391531 0.918042031 0.943705939 0.322838527 0.014754578 -0.070545642
1578862484.731118441 0.270126907 -8.076755981 0.935222266 0.952403957 0.295425392 0.017897928 -0.073008254
1578862484.928981066 0.308148360 -7.992000484 0.947889519 0.964598701 0.252988665 0.036960473 -0.064652959
1578862485.126844168 0.339103086 -7.915958903 0.969378345 0.976114142 0.200660880 0.058036222 -0.059734331
1578862485.291107416 0.382422547 -7.842698791 0.984978914 0.985397619 0.150266010 0.069077840 -0.040495801
1578862485.423638344 0.412473251 -7.821002372 0.994249801 0.989488988 0.111779959 0.059905169 -0.069484925
1578862485.587901831 0.419485855 -7.732992145 1.019036200 0.994583743 0.059979122 0.064783689 -0.054852134
1578862485.752165318 0.452778363 -7.668279568 1.032211490 0.996012120 0.010306187 0.059121559 -0.066017280
1578862485.851096630 0.469969957 -7.626246462 1.044627702 0.995758526 -0.022741455 0.063417734 -0.062657604
1578862486.048959494 0.548867450 -7.555000458 1.056511118 0.993588731 -0.077911222 0.048793682 -0.065806161
1578862486.312160730 0.589511401 -7.463350636 1.090940684 0.983222856 -0.145174798 0.057931261 -0.094026925
1578862486.510017157 0.658783373 -7.409693501 1.109563119 0.971721984 -0.201714544 0.048412009 -0.112800290
1578862486.674280882 0.699172228 -7.381833608 1.127751843 0.954132721 -0.250435598 0.052088440 -0.155562065
1578862486.838544607 0.757906655 -7.356586320 1.145798223 0.935478913 -0.304017831 0.041706074 -0.175251149
1578862487.004674435 0.790030640 -7.345151310 1.162701354 0.909105904 -0.355895169 0.049253396 -0.210806043
1578862487.234269857 0.848665882 -7.337652749 1.180464948 0.870426101 -0.433705744 0.060192284 -0.225021374
1578862487.366800785 0.881171667 -7.331781392 1.192136936 0.845501226 -0.474580302 0.064809634 -0.236010436
1578862487.531064272 0.927017676 -7.353349082 1.217217923 0.813929023 -0.519215019 0.059615905 -0.253734611
1578862487.695327759 0.964958416 -7.378368383 1.230306023 0.781251232 -0.561879472 0.048519726 -0.267551504
1578862488.091053963 1.061767315 -7.482005620 1.257052302 0.690823787 -0.666731081 0.032339211 -0.277824290
1578862488.387848139 1.127593339 -7.574282107 1.266379697 -0.630188288 0.726941786 -0.015754925 0.272341962
1578862488.552111387 1.144282687 -7.639763794 1.258984868 -0.600906755 0.748277617 -0.009794662 0.280883863
1578862488.815306664 1.176147292 -7.728325771 1.242747666 -0.559767017 0.786299932 -0.003514590 0.261497517
1578862489.211032152 1.184239873 -7.905731586 1.202938392 -0.502703138 0.823099630 0.011330775 0.263947281
1578862489.507826567 1.151917122 -8.064928541 1.162982548 -0.468570615 0.840187005 0.025283755 0.271823668
1578862489.672090054 1.123596834 -8.158050322 1.124429980 -0.455400755 0.850089404 0.023486671 0.263451198
1578862490.067815542 1.035259083 -8.356849029 1.048351979 -0.429923993 0.874884059 0.013272618 0.222636655
1578862490.429942369 0.948329419 -8.515314909 0.994128655 -0.410434963 0.897127681 -0.002252891 0.163401317
1578862490.594205618 0.913377978 -8.581267359 0.974585189 -0.403229187 0.904569782 -0.011331945 0.137954048
1578862490.758468866 0.873130838 -8.643733158 0.966583841 -0.396093437 0.910533498 -0.012436886 0.117830648
1578862490.825667858 0.859022470 -8.666455361 0.960202933 -0.394083929 0.912355904 -0.015238462 0.109874248
1578862491.088862658 0.787948200 -8.767518722 0.955715979 -0.386798753 0.917329884 -0.013559429 0.093320689
1578862491.450989246 0.686365185 -8.904235170 0.949190435 -0.378704652 0.922275292 -0.022548162 0.074044942
1578862491.615252733 0.636889022 -8.964915978 0.947856173 -0.374233115 0.924789059 -0.023461694 0.064531555
1578862491.779516220 0.587399849 -9.019106795 0.948758232 -0.371198317 0.925974522 -0.030359516 0.062139305
1578862491.912046909 0.546584869 -9.067061534 0.953866929 -0.367261184 0.928212650 -0.030255559 0.051235735
1578862492.175247908 0.465212883 -9.153193281 0.951411198 -0.365057264 0.929842007 -0.035624397 0.029290573
1578862492.406703711 0.391249180 -9.226980577 0.961531053 -0.361450980 0.931620248 -0.035219473 0.014017528
1578862492.570967436 0.336341917 -9.276474923 0.965161493 -0.360318041 0.931772926 -0.044082682 0.005180918
1578862492.735230923 0.286735021 -9.322278384 0.977752222 -0.356064741 0.933316487 -0.045048565 -0.010433721
1578862492.867761612 0.242583880 -9.360532736 0.978702330 -0.354114919 0.933507392 -0.050290910 -0.025246719
1578862492.966693163 0.207010312 -9.385947175 0.985438432 -0.353510821 0.933276790 -0.056336489 -0.029167318
1578862493.196288586 0.134259855 -9.439506088 1.002988911 -0.348842113 0.933329194 -0.061900338 -0.058087373
1578862493.394151926 0.070443398 -9.481270498 1.014992049 -0.348971508 0.931642826 -0.071926668 -0.071323814
1578862493.493083239 0.042325222 -9.499777020 1.027851098 -0.348351314 0.932028685 -0.069644217 -0.071579156
1578862493.724545479 -0.033651562 -9.544146750 1.049180542 -0.350886030 0.931999385 -0.066194623 -0.062244780
1578862493.987740278 -0.117543028 -9.595136672 1.082577164 -0.351477869 0.932521189 -0.063350309 -0.053425433
1578862494.185602903 -0.190629723 -9.631779916 1.101067242 -0.353304424 0.931994440 -0.068812658 -0.042745372
1578862494.349866867 -0.245107294 -9.660130592 1.121225195 -0.352572737 0.932691126 -0.066531807 -0.036786508
1578862494.514130116 -0.311083134 -9.691069769 1.134233133 -0.353997060 0.932207165 -0.068799769 -0.030699751
1578862494.678393841 -0.379835649 -9.720821389 1.157434663 -0.351856572 0.932766935 -0.072860413 -0.028881802
1578862494.975188017 -0.488435530 -9.764716842 1.169804243 -0.346744343 0.931638636 -0.085619934 -0.066985371
1578862495.173050880 -0.558435139 -9.792637868 1.193025068 -0.342456296 0.932505203 -0.082513861 -0.079681830
1578862495.535176992 -0.690124490 -9.846614743 1.240187430 -0.343987549 0.934386247 -0.072381879 -0.057929019
1578862495.766639471 -0.781561507 -9.885572937 1.264408687 -0.347787120 0.934733140 -0.062733573 -0.037183002
1578862495.930902958 -0.842172435 -9.918872164 1.287937603 -0.346374746 0.936385251 -0.051779279 -0.022936935
1578862496.227697134 -0.950836783 -9.985659957 1.304672619 -0.347833754 0.936573614 -0.042586978 -0.005281421
1578862496.490891933 -1.072038140 -10.025056370 1.309905233 -0.372160471 0.926656621 -0.049881370 0.017774688
1578862496.623423100 -1.126562513 -10.046115485 1.310373014 -0.392931594 0.918941815 -0.029858754 0.016098394
1578862496.853018522 -1.235354873 -10.077974640 1.301026764 -0.438185821 0.898215239 -0.032780541 0.011314045
1578862497.116213083 -1.320357508 -10.122042802 1.297529638 -0.497121740 0.867659756 0.003616531 -0.004841890
1578862497.314076185 -1.417214290 -10.165352602 1.297649726 -0.549788459 0.835190091 -0.013694176 -0.001622440
1578862497.413007736 -1.457159771 -10.187569061 1.302079504 -0.575171532 0.817906464 -0.012867054 -0.006415893
1578862497.709802151 -1.578916826 -10.268149834 1.304260851 -0.649942230 0.759701529 -0.019497539 -0.006966374
1578862498.071928263 -1.694174708 -10.374206012 1.323200479 0.725070873 -0.688254908 -0.023298697 -0.005880633
1578862498.170859575 -1.728540323 -10.415540002 1.331661007 0.739752007 -0.671147865 -0.048234898 -0.000951961
1578862498.269791126 -1.742231636 -10.442093895 1.334115641 0.753269171 -0.651574247 -0.085602175 0.026623743
1578862498.532986403 -1.800708285 -10.567655743 1.346068558 0.804288688 -0.571347332 -0.138195191 0.087086289
1578862498.829780102 -1.831105739 -10.707880082 1.354193232 0.852267019 -0.479951826 -0.143851787 0.150312460
1578862498.928711653 -1.833326029 -10.755014555 1.358484483 0.866638415 -0.447757467 -0.140781380 0.169209077
1578862499.059376001 -1.826525400 -10.809348917 1.369215882 0.881928062 -0.402687094 -0.138195870 0.202355872
1578862499.191906929 -1.815834867 -10.866306670 1.379474275 0.904371618 -0.357610735 -0.118771918 0.200299204
1578862499.389769316 -1.786345716 -10.965667472 1.405097544 0.930275292 -0.288090105 -0.113059620 0.197001257
1578862499.554032803 -1.742166607 -11.047712707 1.425716059 0.944148210 -0.247294681 -0.119318556 0.182188311
1578862499.686563730 -1.710021158 -11.050404420 1.435933095 0.955137900 -0.209192924 -0.117564019 0.173575959
1578862499.850827217 -1.657039574 -11.126223700 1.458234164 0.963598950 -0.159073359 -0.123794326 0.175635119
1578862499.949764967 -1.640697020 -11.160872424 1.467281027 0.971195886 -0.129565900 -0.115581595 0.163193516
1578862500.147621632 -1.567441354 -11.222047615 1.478798649 0.978271682 -0.071524261 -0.122770449 0.150984149
1578862500.246553183 -1.527825238 -11.254955700 1.486922707 0.982831041 -0.042031119 -0.117055756 0.136288224
1578862500.543347359 -1.408007250 -11.326066832 1.495874803 0.989114465 0.033781341 -0.102116186 0.100417535
1578862500.707610846 -1.343988174 -11.345425188 1.506333818 0.989978256 0.065826896 -0.096524517 0.079327741
1578862500.970805645 -1.215572283 -11.374449714 1.507387286 0.989342880 0.115157864 -0.076262410 0.046080110
1578862501.267600298 -1.105048496 -11.397878723 1.511775996 0.985203722 0.162097592 -0.052902676 0.017300401
1578862501.629726171 -0.957148845 -11.386163609 1.531912631 0.974992824 0.204243427 -0.086920595 0.010882317
1578862501.793989897 -0.865835676 -11.372852763 1.535634853 0.971153677 0.220376930 -0.091059961 0.001621127
1578862502.124383450 -0.718356937 -11.337880531 1.524638350 0.966723217 0.249208344 -0.053302885 -0.022365699
1578862502.353979111 -0.647748787 -11.312465303 1.526654565 0.963391166 0.262414792 -0.044576413 -0.032076178
1578862502.486509800 -0.581367164 -11.284342497 1.523440605 0.961277503 0.270590327 -0.038981128 -0.034740602
1578862502.650773287 -0.505963965 -11.252631469 1.534120105 0.958735873 0.278505109 -0.041513728 -0.039205118
1578862502.979300261 -0.372088798 -11.188199889 1.540025995 0.953995791 0.295182170 -0.026725022 -0.045224894
1578862503.210762739 -0.286799470 -11.132989877 1.547544391 0.952011978 0.302539385 -0.008465699 -0.045513147
1578862503.309693813 -0.237013871 -11.107881948 1.549096490 0.950334410 0.306807555 -0.004060301 -0.052126273
1578862503.442224741 -0.190302716 -11.081958146 1.558998806 0.948960593 0.309516501 0.002305762 -0.060564124
1578862503.606488228 -0.123559229 -11.036086312 1.566554727 0.947993080 0.312116061 0.019172036 -0.059372700
1578862503.968614340 0.017304064 -10.939470191 1.596128981 0.944835818 0.320828167 0.021640586 -0.062339797
1578862504.132877827 0.086843237 -10.890989330 1.605786097 0.943197809 0.325996801 0.018593196 -0.061304745
1578862504.330740690 0.158353031 -10.838396427 1.630656547 0.942323425 0.330204769 0.008424744 -0.054040696
1578862504.463271618 0.226320413 -10.789528906 1.635051782 0.940843559 0.333838821 0.017231678 -0.055390504
1578862504.627535105 0.296476120 -10.734525477 1.651319135 0.939315016 0.337100485 0.016860765 -0.061370010
1578862504.791798592 0.351137105 -10.686877583 1.661469438 0.939188625 0.338231311 0.016737511 -0.056957561
1578862504.989661217 0.426660834 -10.624451093 1.675315223 0.938240217 0.340921678 0.006695131 -0.058590785
1578862505.153924704 0.497542542 -10.560265817 1.690022635 0.938600147 0.340127268 0.010689144 -0.056823822
1578862505.252856255 0.530191247 -10.531337870 1.688645164 0.938157907 0.340593057 0.018149288 -0.059386140
1578862505.648581982 0.675944324 -10.397130831 1.715823653 0.937342497 0.341191421 0.032886585 -0.062417394
1578862505.812846899 0.724022323 -10.349878192 1.730138686 0.936952239 0.341573578 0.036360358 -0.064233298
1578862505.945375919 0.777815958 -10.293861985 1.743627044 0.937215737 0.339959259 0.048129954 -0.061138138
1578862506.109639645 0.828676014 -10.240362227 1.749821584 0.935981549 0.340991800 0.060832515 -0.062948691
1578862506.208571196 0.858379148 -10.207817929 1.764794021 0.935910030 0.340735847 0.061714860 -0.064519559
1578862506.471765757 0.933705854 -10.118978288 1.788876167 0.934827037 0.339608084 0.081187292 -0.064601733
1578862506.570697308 0.972806770 -10.079694573 1.806058258 0.934301466 0.340298569 0.081610535 -0.067951275
1578862506.734961033 1.014538665 -10.028169639 1.830223014 0.934279989 0.338075032 0.089926063 -0.068843875
1578862506.966422796 1.085080194 -9.949906947 1.858168095 0.932421076 0.339614569 0.099617872 -0.073001098
1578862507.229618073 1.165598344 -9.854126957 1.899096647 0.930814145 0.338791791 0.116627633 -0.072132831
1578862507.362149000 1.201826221 -9.814301212 1.917729718 0.929690300 0.340454327 0.118983563 -0.074897998
1578862507.492813110 1.235127407 -9.772145661 1.942885207 0.929517709 0.339510927 0.123549582 -0.073923336
1578862507.591744423 1.267210117 -9.733262248 1.957886021 0.928279314 0.339284602 0.133232389 -0.073706205
1578862507.756007910 1.314357605 -9.678156970 1.981993552 0.926199498 0.341441929 0.139084190 -0.078914423
1578862507.854939461 1.335838922 -9.649968445 2.001292736 0.925956804 0.341173684 0.140965781 -0.079581166
1578862508.086401463 1.404048843 -9.565611026 2.037883201 0.922565373 0.342154437 0.157765104 -0.083148333
1578862508.217065811 1.436904362 -9.526271053 2.064405650 0.921422504 0.343569882 0.158492951 -0.088432404
1578862508.315997124 1.466121579 -9.490077413 2.086477803 0.920806792 0.343395354 0.161171617 -0.090654244
1578862508.513859749 1.519107139 -9.424634702 2.120753165 0.918731361 0.344605883 0.167341654 -0.095792704
1578862508.777054787 1.583497202 -9.347800752 2.169424159 0.916755805 0.345557763 0.173079900 -0.100955308
1578862508.909585476 1.621051913 -9.309588233 2.191844994 0.915210748 0.346543497 0.177615609 -0.103680214
1578862509.073848724 1.661268657 -9.265339200 2.222782635 0.914023013 0.346929903 0.180163968 -0.108362905
