cur_kf_id cur_kf_ts matched_kf_id matched_kf_ts relative_tx relative_ty relative_tz relative_qx relative_qy relative_qz relative_qw
1126 1547563210.937793732 444 1547563140.774942160 -1.171943406  1.850823865 -1.706557504  0.004160741 0.004065880 -0.001446470 -0.014724097 0.016300427 -0.009983985 0.999708868
1139 1547563213.111915588 458 1547563142.783474445  -5.331356333   3.146960266 -15.359805166  -0.055195598 -0.295025902 0.328596326 -0.132178021 0.033396137 -0.042407923 0.989755141
1144 1547563214.924206495 463 1547563144.859474421  0.336526759 -1.093487211  4.169092509  0.133127370 -0.036842051 0.089327210 0.036400362 -0.009429159 0.003281762 0.999287415
1150 1547563216.966464520 471 1547563146.934454679  0.086132725 -1.612210561  5.599465464  0.156654105 -0.043153073 0.068956929 0.048850825 -0.014015219 0.001437867 0.998706717
1151 1547563216.999171495 472 1547563146.999868631  0.459980610 -0.471913904  6.863341890  0.128298793 -0.026304529 0.056821213 0.059873665 -0.003870523 0.004253352 0.998189398
1152 1547563217.525586843 472 1547563146.999868631  0.273188850 -0.182102199  5.431916646  0.110736489 -0.069537811 0.120261263 0.047388255 -0.001474385 0.002456640 0.998872438
1153 1547563218.085729837 473 1547563147.296300173  0.397939083 -1.586486361 -4.108448583  0.144769078 -0.077019899 0.123641024 -0.035793600 -0.013959749 0.002973854 0.999257276
1158 1547563219.567861795 486 1547563150.030565023 -2.411926170 -1.234845668 -0.744635653  -0.024113750 -0.040572395 -0.117039843 -0.006723099 -0.010636484 -0.021114813 0.999697871
1171 1547563222.269419432 492 1547563151.414560795  1.991618773 -0.410728700 -6.774053551  0.045116887 -0.002346788 0.266446727 -0.059008859 -0.004604242 0.017137080 0.998099734
1175 1547563223.225136042 495 1547563152.237409353 1.549304009 2.051407150 9.471693152  0.081863791 -0.113554416 0.317436440 0.082300064 0.018954247 0.011993696 0.996355153
1176 1547563223.290549517 495 1547563152.237409353 0.723677647 1.211753042 9.139621331  0.175041176 -0.090190889 0.473852272 0.079601097 0.011043647 0.005452328 0.996750710
1178 1547563224.246265173 500 1547563154.148841381 0.883319678 2.478210813 2.024285408  0.096757082 -0.010514465 0.037729874 0.017492983 0.021756898 0.007323362 0.999583415
1179 1547563224.476248741 501 1547563154.576100588  2.265597458  1.926929360 -1.990204055  0.071616089 -0.130515947 -0.119192124 -0.017693460 0.016465725 0.020055968 0.999506670
1220 1547563234.490314960 581 1547563170.552400351   2.620455271 -11.470523821  -1.749319069  -0.015183742 -0.067423995 -0.048867077 -0.012899950 -0.100241657 0.021223607 0.994653087
2001 1547563343.292731285 1556 1547563276.686977386 -2.069087537  3.696607604  3.223992464  0.026059033 0.030074351 -0.254693040 0.028693822 0.031727726 -0.018945848 0.998904943
2002 1547563343.688304901 1555 1547563276.390545845 -0.775640524 -2.859533452  8.513651661  0.414418932 -0.052771995 0.247636663 0.074034062 -0.025384409 -0.004895871 0.996920575
2012 1547563347.015434980 1560 1547563278.367406607 -2.976518102  3.256499614  4.549791550  0.042513646 -0.007953955 0.057048721 0.040401981 0.027352004 -0.027068656 0.998442211
