cur_kf_id cur_kf_ts matched_kf_id matched_kf_ts relative_tx relative_ty relative_tz relative_qx relative_qy relative_qz relative_qw
548 1547563208.533674002 203 1547563138.172526360   3.080058620  -7.445926976 -16.967163437  0.211114077 0.025459684 -0.061428134 -0.145435514 -0.068155027 0.016949449 0.986871886
555 1547563210.312238216 211 1547563139.226377726  24.036210156   9.668995529 -15.936622365  -0.018267075 -0.828057264 0.685638881 -0.152483558 0.052872733 0.216903713 0.962759585
562 1547563211.497936964 229 1547563142.026055098 -1.045829249  1.825611934 -9.882657733  0.000872192 0.014437163 -0.102033759 -0.085976220 0.016656939 -0.007719231 0.996128029
568 1547563212.848205328 230 1547563142.257074118  0.590651765  1.864721865 -6.823666358  0.026305929 -0.178575361 0.238149016 -0.059587591 0.015936283 0.006112947 0.998077144
574 1547563214.725909710 238 1547563144.825747252  0.761540476 -1.018673314  0.114719088  0.146838258 -0.013046702 0.049830817 0.001060127 -0.008882631 0.006654279 0.999937846
575 1547563214.989619493 238 1547563144.825747252  0.053041309 -4.162614541  5.000480739  0.321269697 -0.028253805 0.193989792 0.043611590 -0.036262920 0.002046434 0.998388122
576 1547563215.220623016 245 1547563146.374312401 0.702275674 1.773685492 1.539146666  0.010600286 0.013301011 -0.301479299 0.013334477 0.015558324 0.005919306 0.999772520
577 1547563215.714332342 241 1547563145.287755013 -1.206842383  2.153726424 -3.544920637  0.010250226 -0.005205174 0.134406627 -0.030725326 0.019109353 -0.009943331 0.999295711
581 1547563217.131034136 247 1547563146.934454679 1.962436977 1.195722141 5.960122461  0.082286169 -0.061827508 0.003145921 0.051799535 0.011309052 0.016558176 0.998456178
591 1547563219.996141195 264 1547563149.997858286 -2.226826654 -1.124374800  0.624176569  -0.004456291 -0.010647411 0.016652537 0.005254994 -0.009915703 -0.019376847 0.999749269
593 1547563220.688147783 264 1547563149.997858286  3.493089741 -7.494356278 -1.264478726  0.252935096 -0.113932243 0.061514620 -0.009013976 -0.065655237 0.029690419 0.997359823
598 1547563221.741983414 265 1547563150.096999407   3.429363343  14.065350041 162.855322134  -0.379263170 2.775936301 14.152130359 0.980403474 0.047607284 -0.116586744 0.151492925
602 1547563222.730406284 269 1547563151.249991655  2.107921552 -1.719248335 -1.665836357  0.085918126 -0.035142934 0.353254172 -0.014256626 -0.015265944 0.018171983 0.999616666
604 1547563222.994132519 273 1547563152.303842783 9.628918310 1.684754104 8.474394080  0.040111067 -0.195860245 0.345500022 0.072386469 0.020810311 0.082608453 0.993731842
704 1547563245.986511707 353 1547563171.145249844   3.207358786 -14.112782850   5.147550117  0.006839264 -0.027730920 -0.026236582 0.047982643 -0.121426967 0.033260179 0.990881889
1098 1547563346.093446016 826 1547563278.564683199 -10.754983492   6.965672460   0.338534816  0.178930330 -0.096651508 1.073806284 0.008629086 0.060205545 -0.093722387 0.993738872
1100 1547563346.784416199 826 1547563278.564683199 -2.608007293  3.903106224 -0.772110449  -0.023092773 0.031369747 -0.151791826 -0.005957266 0.034198096 -0.022514081 0.999143692
