1578862329.317267 0.0000000 0.0000000 0.0000000 -0.0000000 -0.0000000 -0.0000000 1.0000000
1578862329.877257 -0.0017884 -0.0089131 -0.0286433 0.0055485 0.0089987 -0.0011493 0.9999434
1578862330.338315 -0.0038117 -0.0177705 -0.0411260 0.0088228 0.0230106 -0.0069988 0.9996718
1578862331.030835 -0.0136113 -0.0482345 -0.0427527 0.0177441 0.0350863 -0.0199069 0.9990284
1578862331.755089 -0.0201468 -0.1048815 -0.0145716 0.0321182 0.0414664 -0.0146495 0.9985161
1578862332.315078 -0.0222940 -0.1566465 0.0148106 0.0476877 0.0375223 -0.0112717 0.9980937
1578862332.611872 -0.0184637 -0.1826590 0.0332919 0.0582304 0.0347433 -0.0050558 0.9976856
1578862332.875068 -0.0107700 -0.2036681 0.0469244 0.0649620 0.0329730 0.0002899 0.9973428
1578862333.237195 0.0040585 -0.2254715 0.0666920 0.0667540 0.0328045 0.0044959 0.9972199
1578862333.765451 0.0364878 -0.2457057 0.0974853 0.0606809 0.0330943 0.0057763 0.9975917
1578862335.641416 0.1379893 -0.3199626 0.1342294 0.0274777 -0.0026865 0.0093393 0.9995752
1578862337.750710 -0.0802925 -0.2920309 -0.0198681 0.0258203 -0.0100181 0.0138708 0.9995202
1578862338.079237 -0.1347397 -0.2747205 -0.0496521 0.0301085 0.0008047 0.0120374 0.9994738
1578862338.540295 -0.1998134 -0.2427226 -0.0741732 0.0371252 0.0163891 0.0088259 0.9991373
1578862338.837089 -0.2306375 -0.2263311 -0.0870386 0.0450932 0.0273437 0.0126789 0.9985280
1578862339.100285 -0.2493315 -0.2143745 -0.0960971 0.0535483 0.0382837 0.0171329 0.9976841
1578862339.430678 -0.2629401 -0.1994234 -0.1051814 0.0655672 0.0509622 0.0206635 0.9963317
1578862339.693873 -0.2690226 -0.1904768 -0.1082825 0.0741019 0.0614412 0.0235896 0.9950766
1578862340.253863 -0.2547072 -0.1769306 -0.1080652 0.0816073 0.0839507 0.0289303 0.9927012
1578862340.978116 -0.2272950 -0.1476628 -0.0917644 0.0518268 0.0901586 0.0284969 0.9941697
1578862342.230626 -0.1617951 -0.1652665 -0.0072307 0.0294311 0.0532525 0.0539103 0.9966904
1578862343.647400 -0.0159342 -0.2551697 0.1137078 0.0287065 0.0265749 0.0321624 0.9987168
1578862344.502317 0.1411853 -0.2991473 0.1726298 0.0359103 0.0639499 0.0175363 0.9971526
1578862344.898043 0.2148478 -0.3145887 0.1911999 0.0437094 0.0662409 0.0178784 0.9966855
1578862345.491632 0.3211544 -0.3327363 0.2131669 0.0457405 0.0585136 0.0245726 0.9969354
1578862345.986289 0.3951801 -0.3416018 0.2270792 0.0458920 0.0550690 0.0281640 0.9970297
1578862347.895854 0.4077757 -0.3676983 0.2319385 0.0192271 0.0067964 0.0319780 0.9992805
1578862348.719038 0.3178880 -0.3631995 0.1936062 0.0029437 -0.0039003 0.0276606 0.9996054
1578862352.573632 0.2983434 -0.3446570 0.1411414 0.0082446 0.0774966 -0.0051704 0.9969451
1578862353.594680 0.4207160 -0.3301821 0.1582286 -0.0046340 0.1096065 -0.0301067 0.9935082
1578862355.011453 0.5601311 -0.3610057 0.2076499 0.0048443 0.0723016 0.0186827 0.9971961
1578862356.032501 0.6468979 -0.4169408 0.2717183 -0.0072964 0.0737143 0.0304861 0.9967867
1578862356.723154 0.6869051 -0.4794080 0.3014772 0.0004251 0.0636857 0.0098453 0.9979214
1578862357.350343 0.7102941 -0.5467396 0.3308937 0.0090294 0.0465002 -0.0000686 0.9988775
1578862358.074598 0.7363045 -0.6161996 0.3602738 0.0114465 0.0430726 0.0011585 0.9990057
1578862358.832448 0.7473256 -0.6719471 0.3950619 0.0150633 0.0450021 -0.0027030 0.9988697
1578862360.413484 0.7521285 -0.7209911 0.3816504 0.0377252 0.0304268 0.0192728 0.9986389
1578862361.038806 0.7849625 -0.7633320 0.4053509 0.0573953 0.0310979 0.0179649 0.9977054
1578862361.499865 0.8290567 -0.8451854 0.4571985 0.0867802 0.0283952 0.0210509 0.9956002
1578862361.632395 0.8399271 -0.8721556 0.4784047 0.0988490 0.0287861 0.0211483 0.9944612
1578862361.895589 0.8678696 -0.9246600 0.5205802 0.1040722 0.0269925 0.0256316 0.9938729
1578862362.127052 0.8843529 -1.0139682 0.5520239 0.1166074 0.0246719 0.0289762 0.9924487
1578862362.291315 0.9084277 -1.0470513 0.5826501 0.1256269 0.0241387 0.0297018 0.9913390
1578862362.520911 0.9334962 -1.0929024 0.6440410 0.1166731 0.0184042 0.0323660 0.9924722
1578862362.851305 0.9693084 -1.1631601 0.7397578 0.0981081 0.0150941 0.0351946 0.9944387
1578862363.049168 0.9849672 -1.2193172 0.7947283 0.0908368 0.0158205 0.0394436 0.9949586
1578862363.148099 1.0081795 -1.2389969 0.8241855 0.0965220 0.0153737 0.0404876 0.9943882
1578862363.312363 1.0219368 -1.2790852 0.8726485 0.1056881 0.0112870 0.0456713 0.9932859
1578862363.377695 1.0257424 -1.3005533 0.8891138 0.1084639 0.0110590 0.0463268 0.9929588
1578862363.476626 1.0492978 -1.3107643 0.9126058 0.1206879 0.0103891 0.0463949 0.9915513
1578862363.510226 1.0257090 -1.3539696 0.9210658 0.1231373 0.0150992 0.0439050 0.9913030
1578862363.609157 1.0351263 -1.4035587 0.9392405 0.1410977 0.0137819 0.0432579 0.9889541
1578862363.773421 1.0409983 -1.4713422 0.9792680 0.1465534 0.0088080 0.0443681 0.9881680
1578862363.937690 1.0454373 -1.5342340 1.0224977 0.1538177 0.0136143 0.0384323 0.9872577
1578862364.135547 1.0469254 -1.5980949 1.0858967 0.1487772 0.0107545 0.0410420 0.9879602
1578862364.465941 1.0532933 -1.7218697 1.1842885 0.1509853 0.0142696 0.0431755 0.9874896
1578862364.630204 1.0538081 -1.7827694 1.2279891 0.1440583 0.0138765 0.0461729 0.9883940
1578862364.729136 1.0538754 -1.8189799 1.2594482 0.1472609 0.0166666 0.0440064 0.9879777
1578862364.859800 1.0503585 -1.8632801 1.3036313 0.1420141 0.0139506 0.0446161 0.9887602
1578862364.992331 1.0493639 -1.9095854 1.3450216 0.1310333 0.0093699 0.0482522 0.9901587
1578862365.025930 1.0478352 -1.9203935 1.3556689 0.1295853 0.0092885 0.0484235 0.9903417
1578862365.156595 1.0473393 -1.9652660 1.4021586 0.1297612 0.0103723 0.0470307 0.9903750
1578862365.354457 1.0408478 -2.0304067 1.4769729 0.1158001 0.0061605 0.0499694 0.9919957
1578862365.486988 1.0391897 -2.0771568 1.5224979 0.1171754 0.0078761 0.0500761 0.9918166
1578862365.750183 1.0385749 -2.1629734 1.6309133 0.1023343 0.0042426 0.0517381 0.9933946
1578862366.013378 1.0368940 -2.2520168 1.7441475 0.1012754 0.0068356 0.0472719 0.9937112
1578862366.112310 1.0393569 -2.2917397 1.7811761 0.1087741 0.0042340 0.0498299 0.9928077
1578862366.276573 1.0425520 -2.3548393 1.8464119 0.1057690 0.0084139 0.0457732 0.9933010
1578862366.375505 1.0457286 -2.3916681 1.8912048 0.1103496 0.0083163 0.0438964 0.9928882
1578862366.508036 1.0476586 -2.4395854 1.9508562 0.1074470 0.0039676 0.0467402 0.9931036
1578862366.672299 1.0541044 -2.4963765 2.0247219 0.0937952 0.0022641 0.0484534 0.9944092
1578862366.771230 1.0588970 -2.5376813 2.0723832 0.0996255 0.0048283 0.0455337 0.9939709
1578862366.901895 1.0638771 -2.5853255 2.1338894 0.0972286 0.0031365 0.0470963 0.9941422
1578862367.068025 1.0771880 -2.6430502 2.2127352 0.0781927 0.0041369 0.0472213 0.9958107
1578862367.297621 1.0898963 -2.7145987 2.3343737 0.0605844 0.0015340 0.0462572 0.9970895
1578862367.529083 1.1106447 -2.7917328 2.4494064 0.0400293 0.0040129 0.0423118 0.9982942
1578862367.857610 1.1436530 -2.9210601 2.6101303 0.0406367 0.0055145 0.0424672 0.9982559
1578862367.990141 1.1585119 -2.9779701 2.6699672 0.0562530 0.0091412 0.0400212 0.9975722
1578862368.089072 1.1723148 -3.0204334 2.7149746 0.0649154 0.0088943 0.0413947 0.9969922
1578862368.253336 1.1946810 -3.0906484 2.7874303 0.0643556 0.0106832 0.0414408 0.9970090
1578862368.385866 1.2131944 -3.1446996 2.8487244 0.0730668 0.0124038 0.0389197 0.9964902
1578862368.550130 1.2360319 -3.2139230 2.9199495 0.0739700 0.0089880 0.0415373 0.9963545
1578862368.714393 1.2613714 -3.2877064 2.9870596 0.0844035 0.0121131 0.0382159 0.9956249
1578862368.813325 1.2780343 -3.3288701 3.0298333 0.0913352 0.0127259 0.0376213 0.9950280
1578862368.912256 1.2930560 -3.3681664 3.0732069 0.0892558 0.0100410 0.0415161 0.9950925
1578862369.011188 1.3082287 -3.4102681 3.1119416 0.0869558 0.0102589 0.0438651 0.9951931
1578862369.076520 1.3198934 -3.4362080 3.1396515 0.0841592 0.0135472 0.0416377 0.9954898
1578862369.274383 1.3518646 -3.5040424 3.2322206 0.0727690 0.0122545 0.0435558 0.9963220
1578862369.406914 1.3763901 -3.5591660 3.2860038 0.0701970 0.0118056 0.0453423 0.9964322
1578862369.571177 1.4057993 -3.6320055 3.3530965 0.0867622 0.0150223 0.0418352 0.9952369
1578862369.735441 1.4314754 -3.7078543 3.4125481 0.1008941 0.0115265 0.0447337 0.9938241
1578862369.800779 1.4427322 -3.7356513 3.4355800 0.1021931 0.0107514 0.0457829 0.9936523
1578862369.867972 1.4538106 -3.7634344 3.4608028 0.1024023 0.0122211 0.0445112 0.9936715
1578862369.933304 1.4649103 -3.7909718 3.4867449 0.1071433 0.0138744 0.0429073 0.9932204
1578862370.032235 1.4818481 -3.8358450 3.5218010 0.1170609 0.0124797 0.0436442 0.9920868
1578862370.097567 1.4931403 -3.8643205 3.5461149 0.1205217 0.0107367 0.0450250 0.9916310
1578862370.131167 1.4963672 -3.8806581 3.5573099 0.1227669 0.0103661 0.0459841 0.9913154
1578862370.196499 1.5068431 -3.9101470 3.5769744 0.1262093 0.0101504 0.0465509 0.9908588
1578862370.295430 1.5221105 -3.9538169 3.6094074 0.1318517 0.0133537 0.0446163 0.9901748
1578862370.329029 1.5271959 -3.9686742 3.6215162 0.1351297 0.0128231 0.0453853 0.9897048
1578862370.360762 1.5331312 -3.9835358 3.6322119 0.1381019 0.0102008 0.0483086 0.9891866
1578862370.427961 1.5402812 -4.0133801 3.6545384 0.1425181 0.0035480 0.0555809 0.9882240
1578862370.493293 1.5504804 -4.0414028 3.6769235 0.1438888 0.0005367 0.0555407 0.9880339
1578862370.592225 1.5609901 -4.0824490 3.7084792 0.1436067 0.0013194 0.0483970 0.9884499
1578862370.657557 1.5711905 -4.1090841 3.7267706 0.1433215 -0.0023148 0.0474168 0.9885369
1578862370.691156 1.5736439 -4.1233735 3.7378941 0.1437087 -0.0068426 0.0479208 0.9884354
1578862370.756495 1.5772943 -4.1469598 3.7588496 0.1431466 -0.0179852 0.0479065 0.9883777
1578862370.889019 1.5852451 -4.1932683 3.8019080 0.1365167 -0.0291058 0.0349972 0.9895914
1578862370.954351 1.5858170 -4.2162795 3.8199973 0.1370954 -0.0333731 0.0249870 0.9896801
1578862370.987950 1.5866988 -4.2300119 3.8291333 0.1379699 -0.0358991 0.0213786 0.9895547
1578862371.053282 1.5899930 -4.2522979 3.8453271 0.1415595 -0.0450044 0.0184453 0.9887342
1578862371.118615 1.5870430 -4.2805610 3.8584478 0.1479690 -0.0611344 0.0185714 0.9869260
1578862371.152214 1.5890857 -4.2926769 3.8674188 0.1525209 -0.0715240 0.0191139 0.9855234
1578862371.217546 1.5863020 -4.3198338 3.8746333 0.1609345 -0.0879229 0.0185236 0.9828665
1578862371.316478 1.5812862 -4.3524203 3.8893664 0.1762364 -0.1078091 0.0087282 0.9783874
1578862371.350077 1.5796069 -4.3650103 3.8935626 0.1815410 -0.1137401 0.0036583 0.9767767
1578862371.449008 1.5702090 -4.3470783 3.8922715 0.1991232 -0.1347397 0.0056032 0.9706512
1578862371.514340 1.5637234 -4.3531380 3.9033823 0.2108381 -0.1616868 0.0061514 0.9640368
1578862371.613272 1.5545815 -4.3639483 3.9185591 0.2209492 -0.2001490 0.0005809 0.9545268
1578862371.678604 1.5414593 -4.3642368 3.9363086 0.2238736 -0.2126353 -0.0155307 0.9510130
1578862371.842867 1.5245764 -4.3844242 3.9645700 0.2240405 -0.2392066 -0.0582009 0.9429734
1578862371.910066 1.5203565 -4.3879089 3.9752998 0.2284191 -0.2604291 -0.0668786 0.9356969
1578862372.173261 1.5098218 -4.3949022 4.0059328 0.2366269 -0.3253781 -0.1147142 0.9082827
1578862372.634319 1.4221330 -4.4068422 4.0646939 0.2425136 -0.4151613 -0.1915512 0.8556497
1578862372.996446 1.3330650 -4.4296303 4.1005383 0.2263609 -0.4606444 -0.2281107 0.8273651
1578862373.392172 0.9357345 -4.6112528 3.8144190 0.1817621 -0.4611889 -0.2840467 0.8207222
1578862373.655366 0.8661242 -4.5852261 3.8947444 0.1746567 -0.4779063 -0.3088734 0.8035533
1578862374.017493 0.7048059 -4.6081815 3.9268723 0.1526698 -0.4845816 -0.3396875 0.7915081
1578862374.215356 0.6175594 -4.6119061 3.9425983 0.1281132 -0.4848680 -0.3566705 0.7882108
1578862374.347887 0.5563664 -4.6149073 3.9545388 0.1298998 -0.4835638 -0.3685750 0.7832271
1578862374.577482 0.4437852 -4.6260691 3.9797969 0.1072655 -0.4874512 -0.3820857 0.7777506
1578862374.676414 0.3966851 -4.6313715 3.9882431 0.1050716 -0.4856133 -0.3901720 0.7751809
1578862374.874277 0.2897077 -4.6388431 4.0064664 0.1014580 -0.4902381 -0.3970394 0.7692417
1578862375.038541 0.2047181 -4.6512070 4.0191011 0.0943905 -0.4923527 -0.4013675 0.7665399
1578862375.270003 0.0787549 -4.6555305 4.0374947 0.1000415 -0.4964001 -0.4027770 0.7624627
1578862375.533198 -0.0557027 -4.6840482 4.0741496 0.0949666 -0.4960099 -0.4102868 0.7593551
1578862375.731060 -0.1618810 -4.7093711 4.0901728 0.1016673 -0.5051291 -0.4055836 0.7549903
1578862375.994255 -0.2991457 -4.7392502 4.1109338 0.1135791 -0.5120750 -0.4038785 0.7495072
1578862376.291050 -0.4540339 -4.7806511 4.1365528 0.1095024 -0.5163288 -0.4045418 0.7468331
1578862376.619583 -0.6246424 -4.8178110 4.1720276 0.0967763 -0.5165909 -0.4080416 0.7465054
1578862377.015303 -0.8274698 -4.8622599 4.2202435 0.0861303 -0.5118421 -0.4152911 0.7470827
1578862377.411029 -1.0320840 -4.8981185 4.2718449 0.0690729 -0.5043526 -0.4272411 0.7472097
1578862377.773155 -1.2195749 -4.9184113 4.3285375 0.0509710 -0.4972677 -0.4382248 0.7470514
1578862378.036350 -1.3636918 -4.9494681 4.3529778 0.0709963 -0.5041449 -0.4292683 0.7460068
1578862378.333145 -1.5245171 -4.9900732 4.3730536 0.0883329 -0.5095454 -0.4202984 0.7455938
1578862378.596339 -1.6626480 -5.0083375 4.4015193 0.0747919 -0.5093172 -0.4209683 0.7468520
1578862378.893134 -1.8189046 -5.0182343 4.4354267 0.0679010 -0.5036224 -0.4293593 0.7465953
1578862379.189928 -1.9749401 -5.0310755 4.4628763 0.0650072 -0.5001234 -0.4355301 0.7456301
1578862379.288860 -2.0264685 -5.0335860 4.4693322 0.0634152 -0.5031717 -0.4330514 0.7451599
1578862379.518455 -2.1470857 -5.0476627 4.4858174 0.0645683 -0.5032335 -0.4323247 0.7454410
1578862379.650986 -2.2170768 -5.0520325 4.4942160 0.0710163 -0.5081092 -0.4268931 0.7446771
1578862379.815250 -2.3015895 -5.0621424 4.4986153 0.0686356 -0.5101343 -0.4234780 0.7454653
1578862379.914181 -2.3537009 -5.0687385 4.4996848 0.0764717 -0.5120149 -0.4208182 0.7449194
1578862379.979513 -2.3886168 -5.0701809 4.5018516 0.0820886 -0.5158126 -0.4167728 0.7439753
1578862380.078444 -2.4401100 -5.0746503 4.5031900 0.0842473 -0.5198728 -0.4123963 0.7433465
1578862380.210975 -2.5052578 -5.0836844 4.5038700 0.0778446 -0.5207915 -0.4110457 0.7441491
1578862380.375239 -2.5891626 -5.0891409 4.5098338 0.0802701 -0.5225098 -0.4086335 0.7440154
1578862380.474170 -2.6382005 -5.0899644 4.5134115 0.0790540 -0.5250251 -0.4063181 0.7436429
1578862380.606701 -2.7017415 -5.0972581 4.5128570 0.0825941 -0.5250175 -0.4117087 0.7402911
1578862380.672033 -2.7333481 -5.0994420 4.5140114 0.0806630 -0.5331371 -0.4054392 0.7381581
1578862380.770964 -2.7769320 -5.1031332 4.5050964 0.0762949 -0.5529997 -0.3941042 0.7301043
1578862380.836297 -2.8065100 -5.1077242 4.4997406 0.0765404 -0.5634803 -0.3903955 0.7240324
1578862381.099492 -2.9178803 -5.1061239 4.4789639 0.0871645 -0.5849962 -0.4113224 0.6935385
1578862381.232023 -2.9684076 -5.0966592 4.4686346 0.0803093 -0.6014096 -0.4218464 0.6737229
1578862381.495218 -3.0573673 -5.0650716 4.4532681 0.0786018 -0.6131489 -0.4744695 0.6266968
1578862381.693081 -3.1128101 -5.0367403 4.4362278 0.0675437 -0.6408211 -0.4987602 0.5796763
1578862381.956275 -3.1764398 -5.0102172 4.3865895 0.0634476 -0.6820512 -0.5134060 0.5169089
1578862382.055207 -3.1973267 -4.9919815 4.3795490 0.0621688 -0.6906089 -0.5269600 0.4914342
1578862382.253070 -3.2308321 -4.9554019 4.3496161 0.0582162 -0.7102504 -0.5473924 0.4387673
1578862382.352001 -3.2458611 -4.9347334 4.3402023 0.0572152 -0.7167272 -0.5599797 0.4116445
1578862382.417334 -3.2554770 -4.9193587 4.3331008 0.0542006 -0.7203909 -0.5684015 0.3937246
1578862382.549865 -3.2696781 -4.8949003 4.3159256 0.0419747 -0.7301620 -0.5786228 0.3609670
1578862382.878391 -3.3051319 -4.8274755 4.2696395 0.0414663 -0.7441412 -0.5999621 0.2908262
1578862383.175186 -3.3323565 -4.7617850 4.2249494 0.0379466 -0.7418886 -0.6214690 0.2488728
1578862383.274117 -3.3363028 -4.7358255 4.2076497 0.0336167 -0.7458372 -0.6220093 0.2360111
1578862383.505579 -3.3504620 -4.6871481 4.1593642 0.0312336 -0.7531628 -0.6232382 0.2081933
1578862383.834107 -3.3549194 -4.6075621 4.0851450 0.0226577 -0.7562326 -0.6310613 0.1713494
1578862384.065569 -3.3653030 -4.5433178 4.0363398 0.0229529 -0.7565561 -0.6358340 0.1510335
1578862384.295165 -3.3629441 -4.4845319 3.9730954 0.0174679 -0.7617510 -0.6322598 0.1402776
1578862384.591959 -3.3744755 -4.4041142 3.8945255 0.0077645 -0.7612062 -0.6363286 0.1248627
1578862384.954085 -3.3837819 -4.2997050 3.7909262 0.0036292 -0.7681540 -0.6310242 0.1083267
1578862385.316212 -3.4074078 -4.2165461 3.6627021 0.0045869 -0.7865830 -0.6099203 0.0962466
1578862385.777270 -3.4509892 -4.0820007 3.5175884 -0.0041404 -0.7801415 -0.6199880 0.0835288
1578862386.107664 -3.4938369 -3.9933136 3.4018066 -0.0059939 -0.7863245 -0.6131188 0.0757842
1578862386.568721 -3.5603638 -3.8565865 3.2558684 -0.0043684 -0.7794991 -0.6225398 0.0693276
1578862386.831923 -3.5966201 -3.7664275 3.1788080 0.0015300 -0.7747098 -0.6290755 0.0639255
1578862387.095112 -3.6345739 -3.6786957 3.0983424 0.0002641 -0.7690456 -0.6363165 0.0605815
1578862387.358307 -3.6694722 -3.5948019 3.0036266 -0.0042647 -0.7769005 -0.6267353 0.0600855
1578862387.655101 -3.7109489 -3.4902291 2.9034810 -0.0021659 -0.7793229 -0.6236906 0.0605074
1578862387.819364 -3.7323885 -3.4286199 2.8533244 -0.0076461 -0.7695158 -0.6356564 0.0610578
1578862388.050827 -3.7594304 -3.3370438 2.7786684 -0.0090639 -0.7633394 -0.6433426 0.0578023
1578862388.149759 -3.7706113 -3.2981410 2.7446291 -0.0131692 -0.7601076 -0.6471363 0.0572502
1578862388.215090 -3.7768016 -3.2774868 2.7198653 -0.0145277 -0.7611492 -0.6459288 0.0567171
1578862388.314022 -3.7878790 -3.2366199 2.6824007 -0.0101322 -0.7652797 -0.6411636 0.0561566
1578862388.379354 -3.7974396 -3.2122505 2.6552181 -0.0085132 -0.7680473 -0.6379429 0.0553162
1578862388.412953 -3.7998571 -3.1972716 2.6457422 -0.0083159 -0.7690210 -0.6368088 0.0548847
1578862388.511884 -3.8110309 -3.1590972 2.6055319 -0.0121348 -0.7681131 -0.6378266 0.0550660
1578862388.610816 -3.8224082 -3.1229131 2.5649004 -0.0133455 -0.7685964 -0.6371011 0.0564246
1578862388.676148 -3.8322239 -3.1002502 2.5375161 -0.0103366 -0.7700104 -0.6353686 0.0573047
1578862388.775080 -3.8431997 -3.0583248 2.5000124 -0.0090238 -0.7732151 -0.6314212 0.0580038
1578862388.907610 -3.8595047 -3.0025940 2.4482026 -0.0127956 -0.7733446 -0.6311210 0.0588277
1578862389.071874 -3.8838925 -2.9522228 2.3670821 -0.0134152 -0.7797789 -0.6230340 0.0599462
1578862389.137206 -3.8901782 -2.9230282 2.3379526 -0.0106718 -0.7836965 -0.6181576 0.0598927
1578862389.335069 -3.9150338 -2.8434534 2.2498941 -0.0140106 -0.7849768 -0.6166023 0.0584534
1578862389.368668 -3.9195099 -2.8302121 2.2352242 -0.0147143 -0.7860841 -0.6151377 0.0588302
1578862389.467600 -3.9349012 -2.7955072 2.1890888 -0.0118238 -0.7902630 -0.6097632 0.0594424
1578862389.532932 -3.9436126 -2.7693729 2.1580269 -0.0092205 -0.7930588 -0.6061248 0.0598795
1578862389.631863 -3.9581971 -2.7286520 2.1113775 -0.0119596 -0.7954508 -0.6029659 0.0595581
1578862389.697196 -3.9637504 -2.7022150 2.0811265 -0.0145719 -0.7964880 -0.6014786 0.0601501
1578862389.796127 -3.9793420 -2.6680892 2.0308497 -0.0155781 -0.7977917 -0.5996504 0.0608699
1578862389.861459 -3.9907074 -2.6466892 1.9963357 -0.0129871 -0.7990984 -0.5978626 0.0619150
1578862389.928658 -3.9996395 -2.6217356 1.9630299 -0.0102988 -0.8006505 -0.5957835 0.0624075
1578862390.027589 -4.0112109 -2.5757844 1.9207261 -0.0119862 -0.8003790 -0.5961089 0.0624824
1578862390.092921 -4.0223851 -2.5487533 1.8910570 -0.0150353 -0.7985008 -0.5985656 0.0623667
1578862390.191853 -4.0386500 -2.5099959 1.8448772 -0.0172796 -0.7955099 -0.6024249 0.0628468
1578862390.257185 -4.0473876 -2.4822869 1.8109660 -0.0149117 -0.7950115 -0.6030399 0.0638534
1578862390.324384 -4.0606141 -2.4509699 1.7825487 -0.0117047 -0.7963812 -0.6013262 0.0636146
1578862390.389715 -4.0681281 -2.4211268 1.7529747 -0.0147063 -0.7979891 -0.5991228 0.0636322
1578862390.455048 -4.0767837 -2.3969264 1.7195580 -0.0276796 -0.7978630 -0.5986747 0.0650929
1578862390.553979 -4.0869551 -2.3544395 1.6756506 -0.0273270 -0.7950308 -0.6027220 0.0624941
1578862390.652910 -4.1040325 -2.3131001 1.6325321 -0.0271514 -0.7903239 -0.6091614 0.0597774
1578862390.718243 -4.1087999 -2.2837720 1.6056645 -0.0341633 -0.7883022 -0.6118909 0.0547910
1578862390.817174 -4.1166768 -2.2383993 1.5687587 -0.0470870 -0.7859783 -0.6148512 0.0444854
1578862390.850774 -4.1188951 -2.2235403 1.5564675 -0.0481870 -0.7846704 -0.6167031 0.0405923
1578862391.015037 -4.1313963 -2.1542153 1.4956541 -0.0449561 -0.7790254 -0.6251651 0.0163415
1578862391.048636 -4.1326184 -2.1424701 1.4812632 -0.0475947 -0.7794465 -0.6245356 0.0123777
1578862391.113968 -4.1340799 -2.1169310 1.4556060 -0.0580522 -0.7822196 -0.6202875 0.0024133
1578862391.179301 -4.1350822 -2.0954297 1.4294789 0.0690556 0.7848474 0.6157562 0.0094987
1578862391.212900 -4.1353464 -2.0776019 1.4242604 0.0701853 0.7862615 0.6136975 0.0155648
1578862391.311831 -4.1363230 -2.0389054 1.3851643 0.0624418 0.7862686 0.6136445 0.0363758
1578862391.410763 -4.1353874 -1.9969940 1.3530025 0.0514187 0.7858097 0.6135626 0.0583118
1578862391.509695 -4.1323795 -1.9622946 1.3174329 0.0542145 0.7837978 0.6133506 0.0807643
1578862391.575027 -4.1265211 -1.9363151 1.3011765 0.0594711 0.7818210 0.6128189 0.0983475
1578862391.673958 -4.1226454 -1.8971212 1.2742167 0.0544699 0.7775980 0.6136100 0.1259258
1578862391.772890 -4.1138062 -1.8628343 1.2464974 0.0477034 0.7756238 0.6102226 0.1541442
1578862391.871821 -4.1028242 -1.8340665 1.2181435 0.0498015 0.7737309 0.6055909 0.1792205
1578862391.970752 -4.0879807 -1.7993412 1.1979089 0.0480210 0.7669095 0.6039910 0.2115150
1578862392.036084 -4.0770712 -1.7783778 1.1838965 0.0421585 0.7616753 0.6033641 0.2324332
1578862392.233947 -4.0428171 -1.7190499 1.1385522 0.0317363 0.7440897 0.5994577 0.2932131
1578862392.366478 -4.0163393 -1.6774170 1.1215062 0.0235224 0.7334921 0.5933736 0.3306719
1578862392.431811 -4.0043039 -1.6561279 1.1087804 0.0237186 0.7274066 0.5904419 0.3488488
1578862392.596074 -3.9655857 -1.6166213 1.0788307 0.0278255 0.7141444 0.5817989 0.3882441
1578862392.827536 -3.9035134 -1.5578682 1.0437903 0.0250759 0.6997105 0.5642887 0.4374410
1578862392.892868 -3.8848600 -1.5409000 1.0330553 0.0304860 0.6935784 0.5621848 0.4494084
1578862393.090731 -3.8242979 -1.4992290 0.9978397 0.0334514 0.6781086 0.5540981 0.4816898
1578862393.288594 -3.7556171 -1.4461942 0.9775035 0.0341160 0.6621684 0.5482518 0.5096951
1578862393.551789 -3.6547732 -1.3759863 0.9469397 0.0164941 0.6370099 0.5508838 0.5389559
1578862393.848583 -3.5198691 -1.3155646 0.9055598 0.0289982 0.6199474 0.5429022 0.5657574
1578862394.012847 -3.4353185 -1.2858901 0.8923938 0.0299078 0.6195856 0.5294335 0.5787222
1578862394.309641 -3.2826650 -1.2234256 0.8726964 0.0239006 0.5975774 0.5337864 0.5978312
1578862394.638168 -3.0986309 -1.1671995 0.8563287 0.0305671 0.5781446 0.5379435 0.6127245
1578862394.869631 -2.9574702 -1.1343951 0.8465123 0.0422868 0.5792937 0.5265306 0.6208028
1578862395.099226 -2.8157668 -1.1108246 0.8393202 0.0452314 0.5761096 0.5236076 0.6260087
1578862395.330688 -2.6711557 -1.0783029 0.8406843 0.0437221 0.5651454 0.5266857 0.6334834
1578862395.494952 -2.5632992 -1.0715250 0.8383981 0.0464649 0.5663100 0.5215324 0.6365045
1578862395.659215 -2.4538188 -1.0591453 0.8391879 0.0581214 0.5708903 0.5110767 0.6399271
1578862395.890678 -2.3032403 -1.0510437 0.8399538 0.0507401 0.5623524 0.5153624 0.6446602
1578862396.054941 -2.1982470 -1.0416082 0.8461659 0.0518728 0.5607165 0.5124006 0.6483455
1578862396.252804 -2.0615547 -1.0402960 0.8464807 0.0563569 0.5585811 0.5123484 0.6498541
1578862396.450667 -1.9253348 -1.0422831 0.8454621 0.0707087 0.5696409 0.4967186 0.6509840
1578862396.680263 -1.7707230 -1.0458941 0.8388233 0.0722493 0.5669768 0.4958449 0.6538005
1578862396.911725 -1.6120182 -1.0506446 0.8395317 0.0780256 0.5681145 0.4917848 0.6552143
1578862397.075989 -1.4995514 -1.0537906 0.8349322 0.0813195 0.5700085 0.4898459 0.6546208
1578862397.208519 -1.4070393 -1.0584074 0.8341320 0.0884685 0.5761306 0.4829463 0.6534599
1578862397.372783 -1.2904716 -1.0605923 0.8233779 0.0934107 0.5758799 0.4822437 0.6535119
1578862397.537046 -1.1824247 -1.0653479 0.8093654 0.0965917 0.5825334 0.4751452 0.6523511
1578862397.635978 -1.1158266 -1.0629597 0.8066102 0.1000188 0.5833938 0.4727769 0.6527863
1578862397.768509 -1.0205090 -1.0661910 0.7960312 0.0994507 0.5793335 0.4764734 0.6538008
1578862397.932772 -0.9119209 -1.0682054 0.7783985 0.1034573 0.5847794 0.4698117 0.6531513
1578862397.998105 -0.8673528 -1.0685380 0.7736441 0.1082900 0.5877262 0.4654422 0.6528512
1578862398.097036 -0.8026515 -1.0716091 0.7639379 0.1126747 0.5893283 0.4618745 0.6531987
1578862398.229567 -0.7131283 -1.0846846 0.7360233 0.1158360 0.5916550 0.4585353 0.6528949
1578862398.328498 -0.6468612 -1.0853878 0.7240525 0.1168202 0.5974621 0.4514976 0.6523358
1578862398.393830 -0.6032043 -1.0859096 0.7155818 0.1199255 0.5987299 0.4491074 0.6522598
1578862398.492762 -0.5393813 -1.0855502 0.7015047 0.1232070 0.5980278 0.4485191 0.6526970
1578862398.558100 -0.4981173 -1.0871210 0.6925480 0.1235004 0.5969959 0.4495597 0.6528703
1578862398.625293 -0.4551344 -1.0865042 0.6817641 0.1217353 0.5968671 0.4498391 0.6531271
1578862398.690624 -0.4153669 -1.0849299 0.6738873 0.1194357 0.5979025 0.4489730 0.6532007
1578862398.789556 -0.3540311 -1.0826080 0.6582536 0.1228303 0.5983447 0.4466915 0.6537302
1578862398.854888 -0.3123212 -1.0805645 0.6516821 0.1237054 0.5978538 0.4460699 0.6544383
1578862398.953820 -0.2523060 -1.0787420 0.6381645 0.1216151 0.5930707 0.4510438 0.6557716
1578862399.019151 -0.2144017 -1.0771828 0.6315667 0.1161730 0.5900460 0.4549334 0.6567991
1578862399.052751 -0.1967716 -1.0732126 0.6259153 0.1137577 0.5889909 0.4561867 0.6572995
1578862399.118083 -0.1575619 -1.0704141 0.6175084 0.1095438 0.5888670 0.4564939 0.6579127
1578862399.151683 -0.1389546 -1.0650688 0.6145215 0.1088520 0.5888636 0.4561244 0.6582868
1578862399.315946 -0.0474232 -1.0609012 0.5946554 0.1072712 0.5839174 0.4600790 0.6601974
1578862399.414877 0.0050445 -1.0531178 0.5810953 0.1047397 0.5808086 0.4637460 0.6607803
1578862399.513815 0.0577203 -1.0516613 0.5631152 0.1038371 0.5838527 0.4600776 0.6608044
1578862399.646340 0.1271347 -1.0496496 0.5334807 0.1173095 0.5907422 0.4489872 0.6600551
1578862399.810603 0.2070094 -1.0516272 0.4957438 0.1240313 0.5904157 0.4469924 0.6604721
1578862399.974867 0.2864454 -1.0501426 0.4571203 0.1342115 0.6015511 0.4310609 0.6590221
1578862400.040199 0.3159267 -1.0552733 0.4425061 0.1412311 0.6048031 0.4252558 0.6583498
1578862400.107398 0.3472943 -1.0532310 0.4277261 0.1461786 0.6024583 0.4261435 0.6588456
1578862400.336993 0.4507174 -1.0419269 0.3801037 0.1424587 0.5963691 0.4317746 0.6615286
1578862400.435925 0.4931553 -1.0391015 0.3643218 0.1549897 0.5914066 0.4358206 0.6605125
1578862400.568455 0.5472730 -1.0281224 0.3396735 0.1569980 0.5770020 0.4503162 0.6630504
1578862400.667387 0.5831846 -1.0195048 0.3276026 0.1579186 0.5657579 0.4608493 0.6652802
1578862400.732719 0.6067709 -1.0203261 0.3158292 0.1737417 0.5512025 0.4685905 0.6681411
1578862400.831650 0.6427693 -1.0177402 0.3001192 0.1931516 0.5309046 0.4766877 0.6734995
1578862400.896982 0.6668658 -1.0123215 0.2936889 0.1966234 0.5206281 0.4778528 0.6796634
1578862400.995914 0.6999555 -1.0128517 0.2804557 0.1989582 0.5077117 0.4759559 0.6900076
1578862401.128445 0.7360928 -1.0113685 0.2659386 0.2161259 0.4805976 0.4771792 0.7032891
1578862401.227377 0.7622377 -1.0173849 0.2604002 0.2242185 0.4579289 0.4769653 0.7159129
1578862401.292708 0.7744909 -1.0232238 0.2566845 0.2213439 0.4460945 0.4726013 0.7270864
1578862401.391640 0.7934208 -1.0276337 0.2583631 0.2142238 0.4298809 0.4614266 0.7459196
1578862401.555903 0.8217787 -1.0246778 0.2695798 0.2057675 0.3985806 0.4363052 0.7800199
1578862401.589503 0.8397050 -1.0069399 0.2776920 0.2069918 0.3917726 0.4298720 0.7866884
1578862401.918030 0.8921258 -1.0041804 0.2995090 0.1857440 0.3333501 0.3713886 0.8464321
1578862402.050560 0.9059688 -1.0033692 0.3099513 0.1856159 0.3003535 0.3480427 0.8684474
1578862402.149492 0.9115407 -1.0073678 0.3242005 0.1777013 0.2793100 0.3287997 0.8844767
1578862402.214824 0.9051701 -1.0171813 0.3357868 0.1731751 0.2664681 0.3162474 0.8938639
1578862402.379088 0.9315810 -1.0119431 0.3523377 0.1674294 0.2402153 0.2780941 0.9148375
1578862402.545218 1.0364573 -0.9447589 0.3651041 0.1605446 0.1943502 0.2566631 0.9330474
1578862402.774813 0.9531513 -1.0245229 0.4237319 0.1407239 0.1838940 0.2093317 0.9500316
1578862403.071608 0.9623137 -1.0652390 0.4782370 0.1341213 0.1520427 0.1751634 0.9634377
1578862403.334803 0.9422032 -1.1094075 0.5597923 0.1091237 0.1358391 0.1394404 0.9747801
1578862403.499066 0.9687773 -1.1286901 0.5994718 0.1003887 0.1241673 0.1205424 0.9797827
1578862403.730529 0.9693518 -1.1750325 0.6768129 0.0890212 0.1100179 0.1007016 0.9847997
1578862403.894792 0.9880171 -1.2051028 0.7246708 0.0841123 0.1033135 0.0890964 0.9870731
1578862403.993724 0.9956223 -1.2208331 0.7560102 0.0852904 0.1007879 0.0827257 0.9877874
1578862404.816908 1.1035684 -1.4427410 1.0751826 0.0702816 0.0882952 0.0816111 0.9902546
1578862405.048370 1.1486236 -1.5152359 1.1665487 0.0619458 0.0925620 0.0871711 0.9899476
1578862405.376903 1.2324911 -1.6174452 1.3035719 0.0568050 0.1044786 0.0939296 0.9884506
1578862405.574760 1.2911973 -1.6775591 1.3821228 0.0553395 0.1181324 0.0939021 0.9869978
1578862405.837955 1.3811735 -1.7579758 1.4870404 0.0421598 0.1314434 0.1035605 0.9849977
1578862405.970486 1.4299223 -1.7950019 1.5428852 0.0413411 0.1432111 0.1041407 0.9833292
1578862406.168349 1.5077832 -1.8461874 1.6244693 0.0298995 0.1541188 0.1146039 0.9809278
1578862406.332618 1.5801610 -1.8887436 1.6883714 0.0225382 0.1682115 0.1183980 0.9783552
1578862406.530476 1.6694984 -1.9323822 1.7692802 0.0137092 0.1772000 0.1319789 0.9751891
1578862406.694739 1.7482520 -1.9755899 1.8277829 0.0100151 0.1895081 0.1400758 0.9717845
1578862406.859006 1.8283051 -2.0151446 1.8900030 0.0146172 0.1985373 0.1506792 0.9683311
1578862406.991533 1.8942875 -2.0471306 1.9360508 0.0138083 0.2044534 0.1622762 0.9652330
1578862407.155797 1.9784509 -2.0819592 1.9877610 0.0143014 0.2181797 0.1653740 0.9616884
1578862407.320061 2.0580931 -2.1164937 2.0380974 0.0161265 0.2272082 0.1743244 0.9579809
1578862407.387259 2.0887451 -2.1306794 2.0577528 0.0167585 0.2305456 0.1788773 0.9563320
1578862407.486191 2.1371624 -2.1508722 2.0853443 0.0176198 0.2368143 0.1829318 0.9540150
1578862407.650454 2.2157450 -2.1825490 2.1301913 0.0205579 0.2465716 0.1898411 0.9501264
1578862407.814721 2.2967072 -2.2146106 2.1701558 0.0216565 0.2526429 0.2031322 0.9457483
1578862408.012581 2.3898759 -2.2511854 2.2176671 0.0245989 0.2651024 0.2120066 0.9403026
1578862408.176844 2.4678574 -2.2786851 2.2539527 0.0262741 0.2708465 0.2266385 0.9351935
1578862408.374707 2.5563269 -2.3104119 2.2951262 0.0281529 0.2856699 0.2342561 0.9288295
1578862408.671501 2.6860397 -2.3594165 2.3501027 0.0318272 0.3006518 0.2565319 0.9180343
1578862409.033628 2.8394215 -2.4106708 2.4026654 0.0403326 0.3208436 0.2827123 0.9030539
1578862409.429353 2.9939873 -2.4572458 2.4513631 0.0495526 0.3440269 0.3127872 0.8839425
1578862409.757881 3.1101983 -2.4835012 2.4793215 0.0568219 0.3627406 0.3387660 0.8662726
1578862410.218938 3.2592959 -2.5129929 2.4953287 0.0892419 0.3887002 0.3731268 0.8376900
1578862410.713596 3.3852439 -2.5228651 2.4894860 0.1279721 0.4114204 0.4066516 0.8055997
1578862411.239986 3.4921966 -2.5196629 2.4679039 0.1683400 0.4367596 0.4313571 0.7712546
1578862411.536780 3.5404096 -2.5120792 2.4548826 0.1914961 0.4499939 0.4413092 0.7523836
1578862411.867174 3.5898690 -2.5030990 2.4406719 0.2169494 0.4622403 0.4498748 0.7327206
1578862412.328232 3.6523430 -2.4983382 2.4221845 0.2545629 0.4735585 0.4592965 0.7070974
1578862412.591427 3.6888371 -2.4959140 2.4156578 0.2760507 0.4783047 0.4614534 0.6943209
1578862412.888221 3.7311337 -2.5024092 2.4099655 0.2985557 0.4835322 0.4608299 0.6816868
1578862413.052485 3.7587802 -2.5031753 2.4082117 0.3107369 0.4859930 0.4589566 0.6757309
1578862413.414611 3.8171761 -2.5179417 2.4035223 0.3350792 0.4914315 0.4511429 0.6653473
1578862413.513543 3.8325701 -2.5241249 2.4050834 0.3411217 0.4932967 0.4478751 0.6631005
1578862413.810337 3.8816195 -2.5444465 2.4014668 0.3583633 0.4980929 0.4369464 0.6576906
1578862414.073531 3.9229424 -2.5585277 2.4072499 0.3720677 0.5031658 0.4233548 0.6551034
1578862414.172463 3.9394937 -2.5654120 2.4060631 0.3764481 0.5049382 0.4180519 0.6546425
1578862414.237795 3.9514318 -2.5688186 2.4085541 0.3793492 0.5063003 0.4142917 0.6543062
1578862414.435658 3.9831097 -2.5748253 2.4134073 0.3877360 0.5100847 0.4019354 0.6541577
1578862414.633528 4.0133395 -2.5915320 2.4201279 0.3940931 0.5146276 0.3891715 0.6545186
1578862414.930315 4.0514059 -2.6051140 2.4259572 0.4025693 0.5209550 0.3683960 0.6563752
1578862415.193510 4.1032896 -2.6100450 2.4388189 0.4080191 0.5270434 0.3485089 0.6590047
1578862415.456705 4.1084671 -2.6093450 2.4399843 0.4120492 0.5330319 0.3268210 0.6627824
1578862415.688168 4.1148520 -2.6073763 2.4408178 0.4142523 0.5383987 0.3072701 0.6664135
1578862415.951362 4.1183896 -2.6077383 2.4423780 0.4148269 0.5453423 0.2842605 0.6706090
1578862416.180958 4.1464043 -2.6076114 2.4527693 0.4132870 0.5517288 0.2628875 0.6750402
1578862416.347088 4.1482253 -2.6072636 2.4526458 0.4119368 0.5560423 0.2479717 0.6779639
1578862416.576684 4.1513405 -2.6064262 2.4531341 0.4090450 0.5621606 0.2271052 0.6819684
1578862416.873478 4.1558862 -2.6068444 2.4507813 0.4022104 0.5701976 0.1988583 0.6881546
1578862417.170273 4.1457181 -2.6092215 2.4504018 0.3941265 0.5788426 0.1729282 0.6926048
1578862417.433467 4.1457624 -2.6087804 2.4502101 0.3852437 0.5856161 0.1506665 0.6970946
1578862417.532399 4.1433907 -2.6105390 2.4510045 0.3807138 0.5882087 0.1409784 0.6994231
1578862417.664930 4.1267734 -2.6081119 2.4533191 0.3769189 0.5914265 0.1329603 0.7003345
1578862418.092388 4.0653143 -2.5859201 2.4216480 0.3569607 0.5995749 0.1016074 0.7090593
1578862418.553446 4.0378022 -2.5900695 2.4172249 0.3227599 0.6002257 0.0994360 0.7250294
1578862418.850240 4.0210342 -2.6006806 2.4111218 0.2830165 0.5820314 0.1591135 0.7455360
1578862419.014504 4.0331154 -2.5996788 2.4154458 0.2561172 0.5650071 0.2001454 0.7583619
1578862419.113436 4.0405841 -2.5911951 2.4183521 0.2393598 0.5516478 0.2255807 0.7664887
1578862419.212367 4.0499206 -2.5798757 2.4247584 0.2224077 0.5385741 0.2483437 0.7738205
1578862419.311298 4.0594063 -2.5714960 2.4264662 0.2059311 0.5279142 0.2687012 0.7789086
1578862419.475562 4.0800695 -2.5528021 2.4329851 0.1804987 0.5148022 0.2952485 0.7843642
1578862419.574493 4.0932155 -2.5415025 2.4341691 0.1662271 0.5084897 0.3085341 0.7865199
1578862419.673425 4.1087728 -2.5305471 2.4372885 0.1524615 0.5035872 0.3199432 0.7879034
1578862419.871288 4.1393747 -2.5049489 2.4406021 0.1276192 0.4954719 0.3363033 0.7906460
1578862420.035551 4.1658964 -2.4849992 2.4453866 0.1088411 0.4903179 0.3443497 0.7931995
1578862420.332345 4.2168941 -2.4535811 2.4534762 0.0807397 0.4838797 0.3501739 0.7979472
1578862420.496615 4.2449713 -2.4417343 2.4583521 0.0721466 0.4794020 0.3486120 0.8021460
1578862420.793403 4.2983265 -2.4201274 2.4659438 0.0601657 0.4735212 0.3415720 0.8096212
1578862421.056598 4.3541884 -2.4030895 2.4723136 0.0500182 0.4756767 0.3344955 0.8119991
1578862421.288061 4.4117332 -2.3926413 2.4720180 0.0482956 0.4843841 0.3359793 0.8063235
1578862421.418725 4.4451537 -2.3902204 2.4699597 0.0531280 0.4868941 0.3399679 0.8028284
1578862421.650187 4.4960670 -2.3879466 2.4689589 0.0648519 0.4857320 0.3509142 0.7979460
1578862421.913382 4.5365753 -2.3872283 2.4637084 0.0716016 0.4743826 0.3628506 0.7988578
1578862422.210176 4.5632534 -2.3794920 2.4561043 0.0599451 0.4631843 0.3675539 0.8042207
1578862422.506971 4.5874720 -2.3728693 2.4489312 0.0485506 0.4556529 0.3594560 0.8129051
1578862422.835498 4.6243296 -2.3655019 2.4459515 0.0320130 0.4470953 0.3470619 0.8237894
1578862423.132293 4.6652203 -2.3599315 2.4462259 0.0171755 0.4358404 0.3478466 0.8299102
1578862423.460820 4.7125711 -2.3700769 2.4440494 0.0380654 0.4154847 0.3579894 0.8353246
1578862423.856545 4.7573862 -2.3857083 2.4370437 0.0754154 0.3930049 0.3629057 0.8415219
1578862424.252271 4.7910089 -2.3983266 2.4256151 0.1027287 0.3747186 0.3615356 0.8475404
1578862424.614398 4.8092093 -2.4097946 2.4080904 0.1365981 0.3585578 0.3569148 0.8516978
1578862424.877593 4.8128171 -2.4144282 2.3923664 0.1590253 0.3549179 0.3518192 0.8514503
1578862425.273318 4.8081999 -2.4171839 2.3620591 0.1973099 0.3535071 0.3494709 0.8449684
1578862425.635445 4.8229933 -2.3981690 2.3291280 0.2313129 0.3640930 0.3589824 0.8276849
1578862425.833308 4.8449121 -2.3633769 2.3033888 0.2372432 0.3838781 0.3741203 0.8101773
1578862425.965839 4.8642130 -2.3345816 2.2896574 0.2327549 0.4026235 0.3853725 0.7969992
1578862426.130102 4.8855295 -2.2937820 2.2704742 0.2203947 0.4252621 0.3980558 0.7823873
1578862426.195435 4.8945513 -2.2771175 2.2635000 0.2147961 0.4333667 0.4029709 0.7769622
1578862426.294366 4.9051819 -2.2531261 2.2508910 0.2057574 0.4442324 0.4097653 0.7696843
1578862426.359704 4.9116817 -2.2356305 2.2427096 0.1998122 0.4509383 0.4140568 0.7650403
1578862426.426896 4.9186440 -2.2186184 2.2329340 0.1930976 0.4577297 0.4183593 0.7603764
1578862426.492229 4.9226141 -2.2010906 2.2248886 0.1866226 0.4646944 0.4220241 0.7557293
1578862426.591160 4.9271975 -2.1764064 2.2070887 0.1749303 0.4752534 0.4271127 0.7490717
1578862426.690092 4.9331937 -2.1427822 2.1904335 0.1645190 0.4858896 0.4329965 0.7411875
1578862426.755424 4.9362693 -2.1241708 2.1814110 0.1580355 0.4931653 0.4381919 0.7347113
1578862426.854355 4.9366822 -2.0904205 2.1589324 0.1511772 0.5028949 0.4466737 0.7243789
1578862426.919688 4.9358582 -2.0728238 2.1441321 0.1467642 0.5095040 0.4527519 0.7168554
1578862426.986886 4.9350147 -2.0545399 2.1313162 0.1430578 0.5166386 0.4589982 0.7084770
1578862427.052218 4.9350781 -2.0348072 2.1161690 0.1402196 0.5226582 0.4652730 0.7004912
1578862427.151149 4.9322357 -2.0060277 2.0963554 0.1367107 0.5315058 0.4737649 0.6887370
1578862427.216482 4.9320698 -1.9884968 2.0830841 0.1346295 0.5365946 0.4786143 0.6818134
1578862427.250081 4.9306002 -1.9793255 2.0767365 0.1337400 0.5391529 0.4804452 0.6786754
1578862427.315419 4.9296284 -1.9629252 2.0642157 0.1317600 0.5440382 0.4840350 0.6725859
1578862427.380745 4.9287500 -1.9455700 2.0528073 0.1300545 0.5488895 0.4874069 0.6665138
1578862427.447944 4.9273806 -1.9298778 2.0404820 0.1277952 0.5535643 0.4907910 0.6605749
1578862427.513276 4.9261303 -1.9149463 2.0284619 0.1252390 0.5580843 0.4936053 0.6551419
1578862427.612208 4.9256392 -1.8897831 2.0116277 0.1209168 0.5653827 0.4967227 0.6472929
1578862427.677540 4.9244375 -1.8753064 2.0017705 0.1161989 0.5714005 0.4984896 0.6414885
1578862427.711139 4.9233065 -1.8671329 1.9967737 0.1132697 0.5748266 0.4993249 0.6382938
1578862427.776471 4.9205761 -1.8515892 1.9853024 0.1063728 0.5815506 0.5011683 0.6319130
1578862427.875403 4.9148693 -1.8266909 1.9699235 0.0944468 0.5926536 0.5037915 0.6213177
1578862427.909002 4.9133043 -1.8199446 1.9638448 0.0899091 0.5961946 0.5050538 0.6175671
1578862428.007934 4.9050064 -1.7980063 1.9489760 0.0772960 0.6065226 0.5076111 0.6070310
1578862428.073265 4.8978515 -1.7833636 1.9387989 0.0692189 0.6125997 0.5091023 0.6006207
1578862428.172197 4.8867068 -1.7642624 1.9235272 0.0573092 0.6200266 0.5112630 0.5923621
1578862428.336461 4.8683443 -1.7372358 1.8973503 0.0428816 0.6268290 0.5152160 0.5829229
1578862428.401793 4.8619008 -1.7264280 1.8856421 0.0407169 0.6284488 0.5174446 0.5793490
1578862428.468991 4.8565607 -1.7168639 1.8741822 0.0397969 0.6304988 0.5200057 0.5748752
1578862428.534323 4.8510866 -1.7084298 1.8623197 0.0401188 0.6325831 0.5227639 0.5700412
1578862428.567923 4.8478618 -1.7035701 1.8543072 0.0408174 0.6334699 0.5243777 0.5675191
1578862428.633255 4.8426142 -1.6950393 1.8414307 0.0425857 0.6359633 0.5273774 0.5617920
1578862428.732187 4.8350978 -1.6813855 1.8197947 0.0461778 0.6406660 0.5318822 0.5518298
1578862428.797521 4.8313227 -1.6713579 1.8049655 0.0484892 0.6445333 0.5349782 0.5440808
1578862428.930049 4.8224125 -1.6544137 1.7750487 0.0512977 0.6533669 0.5407751 0.5272974
1578862429.028981 4.8146410 -1.6414988 1.7513337 0.0516220 0.6591570 0.5440492 0.5165827
1578862429.094313 4.8116193 -1.6325812 1.7376232 0.0508722 0.6625753 0.5461204 0.5100575
1578862429.193244 4.8068871 -1.6180735 1.7161729 0.0490517 0.6658571 0.5500442 0.5016769
1578862429.292176 4.8033619 -1.6034048 1.6969478 0.0455808 0.6676574 0.5546628 0.4944748
1578862429.588970 4.7895327 -1.5632374 1.6352451 0.0309456 0.6646053 0.5765037 0.4743266
1578862429.753237 4.7784247 -1.5365686 1.6065640 0.0233881 0.6585032 0.5931380 0.4626165
1578862429.951097 4.7644467 -1.5087054 1.5738325 0.0160539 0.6513711 0.6111658 0.4493711
1578862430.214292 4.7498922 -1.4656873 1.5282080 0.0094639 0.6438143 0.6342631 0.4279298
1578862430.576418 4.7423887 -1.4002602 1.4578395 0.0014678 0.6423579 0.6571123 0.3944332
1578862430.774282 4.7398100 -1.3663497 1.4190559 0.0016112 0.6471791 0.6641007 0.3743353
1578862431.071075 4.7328634 -1.3225150 1.3632231 0.0020537 0.6572142 0.6690198 0.3470993
1578862431.235339 4.7287617 -1.3008523 1.3349333 0.0022566 0.6638476 0.6698477 0.3325737
1578862431.433202 4.7221894 -1.2759386 1.3030140 0.0012373 0.6710920 0.6709659 0.3153393
1578862431.696397 4.7184534 -1.2475293 1.2670546 -0.0042734 0.6795363 0.6716256 0.2951799
1578862431.795328 4.7158260 -1.2379938 1.2545919 -0.0059197 0.6833924 0.6707388 0.2881827
1578862432.191055 4.7129221 -1.2106854 1.2046150 -0.0115386 0.6960297 0.6689212 0.2606798
1578862432.388917 4.7160678 -1.2030560 1.1864377 -0.0130820 0.7014738 0.6662533 0.2527250
1578862432.553181 4.7197843 -1.1998810 1.1709565 -0.0133778 0.7045977 0.6647881 0.2478308
1578862432.948906 4.7364731 -1.1959581 1.1347811 -0.0107104 0.7109622 0.6607364 0.2405109
1578862433.113171 4.7446947 -1.1949867 1.1173606 -0.0073708 0.7135029 0.6590635 0.2376858
1578862433.212102 4.7500272 -1.1939014 1.1073849 -0.0060901 0.7149280 0.6579999 0.2363829
1578862433.475297 4.7651787 -1.1902151 1.0795140 -0.0050088 0.7176170 0.6559535 0.2339355
1578862433.574229 4.7720475 -1.1904085 1.0684148 -0.0054020 0.7184100 0.6553244 0.2332550
1578862434.266749 4.8044724 -1.1836470 0.9788712 -0.0027182 0.7244189 0.6499906 0.2296131
1578862434.496344 4.8103385 -1.1795189 0.9483138 -0.0017863 0.7259126 0.6486279 0.2287568
1578862434.694207 4.8150759 -1.1768299 0.9208988 -0.0030042 0.7264302 0.6481069 0.2285773
1578862435.353128 4.8198891 -1.1656115 0.8350141 -0.0053537 0.7302964 0.6428944 0.2309226
1578862435.683522 4.8186159 -1.1619276 0.7994250 -0.0018372 0.7342923 0.6382312 0.2312413
1578862436.176313 4.8221135 -1.1591966 0.7606063 -0.0004900 0.7364351 0.6331535 0.2382851
1578862436.835233 4.8429971 -1.1594219 0.7266862 0.0122148 0.7375138 0.6282126 0.2475341
1578862437.165627 4.8562331 -1.1645855 0.7118564 0.0240498 0.7425787 0.6204414 0.2510995
1578862437.626685 4.8746276 -1.1754640 0.6980584 0.0338381 0.7489100 0.6102666 0.2560536
1578862438.119476 4.8891330 -1.1799573 0.6819739 0.0301584 0.7470195 0.6058046 0.2721269
1578862439.108790 4.8676205 -1.1788653 0.6427555 0.0340780 0.7482226 0.5954427 0.2906021
1578862439.931974 4.7984743 -1.1508161 0.6235144 0.0282804 0.7510056 0.5935383 0.2879288
1578862440.953022 4.7437534 -1.0951093 0.6151204 0.0127584 0.7598838 0.5831126 0.2870429
1578862441.479418 4.7489567 -1.0543176 0.6069884 -0.0068953 0.7643167 0.5806426 0.2804041
1578862443.192980 4.8623266 -0.9678431 0.5971444 0.0120807 0.7399197 0.5913924 0.3203560
1578862444.378291 4.9087868 -0.8543200 0.5239270 -0.0045429 0.7429591 0.5915524 0.3131403
1578862445.169743 4.9176159 -0.7614079 0.4673767 -0.0293610 0.7491189 0.5839341 0.3114156
1578862445.927595 4.9419317 -0.6780591 0.4317133 -0.0521576 0.7549222 0.5725204 0.3155829
1578862447.573965 5.0010757 -0.5857797 0.4532876 -0.0352382 0.7503424 0.5834615 0.3087349
1578862449.155001 4.9955616 -0.4969676 0.4215615 -0.0310288 0.7418899 0.6043500 0.2887866
1578862449.813922 4.9254494 -0.4493856 0.3919079 -0.0405205 0.7378927 0.6178029 0.2686855
1578862450.407510 4.8566065 -0.4123342 0.3531709 -0.0253614 0.7383454 0.6194597 0.2654669
1578862450.803236 4.8110652 -0.3877244 0.3244128 -0.0234661 0.7451794 0.6055424 0.2783442
1578862451.264294 4.7612214 -0.3493919 0.2871819 -0.0420207 0.7520598 0.5849705 0.3007489
1578862451.757084 4.7213840 -0.3148186 0.2543674 -0.0531561 0.7535055 0.5697144 0.3237737
1578862452.679200 4.6610527 -0.2820425 0.2191985 -0.0083233 0.7421075 0.5799047 0.3360323
1578862454.887425 4.8222160 -0.2196929 0.2115407 -0.0189968 0.7277721 0.5823294 0.3617727
1578862455.512747 4.9206681 -0.2043300 0.1970849 0.0189651 0.7201524 0.5930937 0.3595284
1578862456.171667 5.0122552 -0.1728394 0.1736789 0.0077357 0.7244030 0.5950552 0.3479796
1578862456.830588 5.0909343 -0.1374097 0.1353750 -0.0183642 0.7386825 0.5902611 0.3249658
1578862457.489508 5.1550937 -0.1150429 0.0994568 -0.0250234 0.7488296 0.5839508 0.3124571
1578862458.015899 5.1990533 -0.1044462 0.0792999 -0.0220581 0.7510126 0.5816453 0.3117408
1578862458.312693 5.2195110 -0.1062663 0.0700603 -0.0104499 0.7528825 0.5764311 0.3174680
1578862459.036945 5.2406869 -0.1131449 0.0455108 0.0154318 0.7608956 0.5688986 0.3116954
1578862459.596935 5.2388945 -0.1144550 0.0192313 0.0113596 0.7630902 0.5654263 0.3128216
1578862460.354787 5.2194281 -0.1129863 -0.0257859 -0.0053815 0.7620637 0.5560246 0.3317629
1578862461.211571 5.1589661 -0.0796421 -0.0968471 -0.0127168 0.7569071 0.5661249 0.3262400
1578862461.474766 5.1328821 -0.0629761 -0.1210313 -0.0197851 0.7588132 0.5646648 0.3239827
1578862461.706228 5.1126428 -0.0479388 -0.1409750 -0.0271482 0.7626899 0.5605351 0.3215083
1578862461.870492 5.0979862 -0.0357788 -0.1567850 -0.0322984 0.7658640 0.5567936 0.3199843
1578862462.068354 5.0828915 -0.0246723 -0.1779771 -0.0303437 0.7747239 0.5452926 0.3186504
1578862462.331549 5.0713711 -0.0057108 -0.2142549 -0.0295862 0.7817006 0.5347670 0.3195200
1578862462.529412 5.0754890 0.0189068 -0.2490997 -0.0171802 0.7846999 0.5293598 0.3220702
1578862462.693676 5.0844841 0.0353451 -0.2858863 -0.0125111 0.7883509 0.5230607 0.3236571
1578862462.792607 5.0928211 0.0494654 -0.3103085 -0.0070361 0.7938578 0.5150129 0.3232678
1578862462.956870 5.1119757 0.0686872 -0.3564367 0.0081285 0.7991938 0.5068926 0.3229291
1578862463.024069 5.1208687 0.0734451 -0.3756137 0.0113080 0.8016692 0.5034370 0.3221021
1578862463.188333 5.1470652 0.0956461 -0.4269261 0.0200145 0.8089821 0.4922812 0.3206348
1578862463.253665 5.1584640 0.1065459 -0.4447441 0.0236399 0.8094266 0.4914817 0.3204925
1578862463.352596 5.1778402 0.1213655 -0.4750452 0.0323157 0.8073450 0.4948247 0.3198409
1578862463.417934 5.1899409 0.1309676 -0.4945855 0.0353431 0.8057473 0.4977290 0.3190423
1578862463.550459 5.2202706 0.1560478 -0.5342975 0.0394391 0.8043936 0.5007518 0.3172429
1578862463.714722 5.2616730 0.1968684 -0.5775218 0.0427080 0.7934817 0.5172852 0.3177718
1578862463.813654 5.2858472 0.2189291 -0.6032758 0.0427877 0.7845389 0.5309104 0.3174936
1578862463.946185 5.3218608 0.2519507 -0.6369061 0.0402090 0.7791272 0.5388082 0.3178519
1578862464.110448 5.3716221 0.2989402 -0.6731687 0.0410274 0.7654122 0.5567096 0.3202115
1578862464.209380 5.4019794 0.3208196 -0.7021627 0.0403683 0.7605726 0.5632436 0.3204005
1578862464.373650 5.4571514 0.3641205 -0.7453690 0.0361650 0.7574707 0.5673912 0.3209321
1578862464.506174 5.5010934 0.4001434 -0.7793422 0.0403096 0.7518508 0.5742218 0.3215038
1578862464.571506 5.5232596 0.4154623 -0.7991781 0.0422384 0.7496606 0.5774682 0.3205549
1578862464.670438 5.5554953 0.4414763 -0.8272901 0.0379054 0.7478621 0.5806006 0.3196381
1578862464.769369 5.5904174 0.4706562 -0.8537149 0.0356574 0.7464346 0.5827450 0.3193310
1578862464.933633 5.6497254 0.5223217 -0.8921013 0.0341101 0.7363918 0.5960709 0.3182187
1578862465.032564 5.6829958 0.5503979 -0.9182687 0.0304894 0.7309160 0.6033456 0.3175001
1578862465.131495 5.7200212 0.5781426 -0.9477539 0.0263739 0.7348319 0.5987962 0.3174425
1578862465.230427 5.7564168 0.6068153 -0.9741201 0.0264409 0.7365547 0.5963967 0.3179606
1578862465.394690 5.8171949 0.6487255 -1.0264659 0.0277652 0.7371308 0.5956807 0.3178551
1578862465.527221 5.8653297 0.6853514 -1.0671172 0.0250693 0.7397763 0.5925835 0.3177221
1578862465.691485 5.9263859 0.7388616 -1.1090541 0.0246205 0.7342052 0.5992654 0.3181469
1578862465.756817 5.9504619 0.7585340 -1.1289091 0.0256480 0.7313402 0.6030964 0.3174247
1578862465.855748 5.9856272 0.7857804 -1.1599364 0.0236496 0.7308649 0.6043258 0.3163345
1578862465.922947 6.0107498 0.8058872 -1.1817408 0.0219340 0.7340855 0.6005822 0.3161304
1578862465.988279 6.0356913 0.8257985 -1.2029662 0.0246417 0.7376888 0.5960185 0.3161804
1578862466.053611 6.0596414 0.8448405 -1.2232890 0.0263175 0.7396559 0.5932605 0.3166364
1578862466.087210 6.0723238 0.8554044 -1.2336493 0.0269786 0.7389657 0.5939962 0.3168127
1578862466.152543 6.0963483 0.8750801 -1.2537489 0.0271867 0.7360320 0.5973434 0.3173305
1578862466.251474 6.1358461 0.9108715 -1.2821136 0.0231818 0.7331090 0.6008281 0.3178354
1578862466.316806 6.1597400 0.9324498 -1.3020039 0.0200499 0.7344860 0.5991638 0.3180111
1578862466.384005 6.1850266 0.9540215 -1.3231769 0.0202887 0.7373500 0.5954245 0.3183913
1578862466.415737 6.1969080 0.9643445 -1.3327308 0.0210216 0.7382737 0.5941684 0.3185499
1578862466.548268 6.2443094 1.0064054 -1.3765821 0.0265788 0.7358053 0.5971520 0.3182666
1578862466.712532 6.3059158 1.0512309 -1.4422646 0.0267444 0.7439132 0.5881823 0.3161003
1578862466.876795 6.3667631 1.1063695 -1.4980197 0.0282513 0.7471759 0.5845634 0.3149852
1578862467.074658 6.4349852 1.1680236 -1.5725870 0.0278201 0.7457025 0.5874017 0.3132300
1578862467.337853 6.5212250 1.2696519 -1.6511760 0.0275508 0.7296256 0.6065390 0.3146391
1578862467.569315 6.5923610 1.3483653 -1.7304654 0.0269150 0.7325242 0.6040130 0.3128134
1578862467.798911 6.6578736 1.4154468 -1.8232999 0.0377205 0.7436472 0.5911161 0.3100770
1578862468.030373 6.7138419 1.4767709 -1.9218988 0.0474433 0.7670644 0.5613970 0.3069116
1578862468.358900 6.7913532 1.5699310 -2.0501819 0.0523615 0.7704918 0.5572646 0.3050523
1578862468.655694 6.8559527 1.6516957 -2.1597443 0.0555229 0.7668151 0.5609144 0.3070615
1578862468.952488 6.9208508 1.7293849 -2.2735329 0.0616811 0.7720624 0.5516990 0.3094242
1578862469.447146 7.0285654 1.8627019 -2.4426441 0.0647622 0.7642671 0.5622086 0.3092300
1578862469.775673 7.1064758 1.9579287 -2.5440397 0.0650847 0.7584103 0.5699857 0.3093446
1578862470.236737 7.2282448 2.0814319 -2.6892295 0.0618771 0.7581601 0.5713240 0.3081453
1578862470.533525 7.3200736 2.1595678 -2.7811570 0.0602053 0.7615938 0.5654844 0.3107695
1578862470.731387 7.3837657 2.2044339 -2.8489170 0.0611385 0.7701531 0.5542341 0.3097593
1578862470.929250 7.4515038 2.2479815 -2.9199543 0.0671341 0.7766248 0.5450348 0.3086812
1578862471.192451 7.5445051 2.3083391 -3.0156870 0.0660441 0.7823777 0.5384420 0.3059472
1578862471.390308 7.6160021 2.3605475 -3.0831203 0.0671811 0.7751417 0.5483153 0.3065817
1578862471.653503 7.7148952 2.4332647 -3.1714544 0.0623383 0.7725876 0.5514598 0.3084062
1578862471.950297 7.8235507 2.5126333 -3.2810488 0.0589776 0.7690793 0.5565670 0.3086613
1578862472.247092 7.9265509 2.5996461 -3.3864317 0.0406919 0.7657612 0.5584021 0.3164509
1578862472.510286 8.0203915 2.6568217 -3.4832468 0.0599383 0.7654325 0.5404574 0.3441311
1578862472.739882 8.0955296 2.7006788 -3.5654020 0.0661061 0.7637869 0.5193996 0.3774699
1578862472.971344 8.1713753 2.7291961 -3.6435080 0.0798308 0.7593945 0.4895605 0.4210433
1578862473.202807 8.2386379 2.7446089 -3.7161598 0.1084194 0.7425852 0.4633946 0.4712514
1578862473.531334 8.3308697 2.7741041 -3.7823405 0.0928854 0.7070901 0.4333265 0.5510210
1578862473.828128 8.3999310 2.7762506 -3.8331685 0.1114856 0.6713452 0.3882087 0.6214183
1578862473.992391 8.4325399 2.7781899 -3.8500681 0.1207317 0.6469567 0.3679332 0.6568836
1578862474.223854 8.4664860 2.7614667 -3.8737094 0.1811636 0.5800726 0.3650910 0.7052689
1578862474.388117 8.4796295 2.7410591 -3.8858454 0.2362414 0.5046676 0.3738865 0.7414240
1578862474.453449 8.4811344 2.7318087 -3.8884525 0.2536593 0.4729777 0.3763993 0.7551640
1578862474.552380 8.4813299 2.7158840 -3.8898644 0.2712233 0.4261975 0.3740723 0.7777297
1578862474.617713 8.4803371 2.7065730 -3.8882902 0.2792411 0.3949571 0.3726911 0.7919183
1578862474.651312 8.4812164 2.7029755 -3.8875146 0.2840786 0.3768319 0.3731462 0.7987859
1578862474.750243 8.4768524 2.6905689 -3.8788009 0.3042272 0.3114098 0.3792169 0.8164951
1578862474.849174 8.4737110 2.6819091 -3.8743880 0.3155756 0.2538042 0.3822266 0.8306013
1578862474.914507 8.4738464 2.6749134 -3.8709798 0.3139687 0.2311839 0.3753539 0.8408847
1578862475.013438 8.4683342 2.6657495 -3.8640399 0.3050780 0.2067556 0.3570448 0.8583114
1578862475.112370 8.4591684 2.6536529 -3.8566561 0.3024105 0.1737345 0.3381218 0.8740926
1578862475.177702 8.4558430 2.6446779 -3.8451993 0.3037424 0.1537804 0.3224550 0.8832412
1578862475.211301 8.4545336 2.6396399 -3.8392344 0.3034337 0.1490648 0.3118502 0.8879511
1578862475.310233 8.4517765 2.6260409 -3.8256955 0.3044354 0.1387078 0.2808982 0.8995418
1578862475.409164 8.4460363 2.6127038 -3.8150740 0.3038757 0.1166901 0.2569530 0.9099551
1578862475.474496 8.4400539 2.6039348 -3.8074555 0.3028141 0.0994876 0.2422889 0.9163525
1578862475.573427 8.4301443 2.5858150 -3.7874596 0.3100180 0.0643183 0.2227562 0.9220259
1578862475.638759 8.4259644 2.5768280 -3.7779927 0.3132144 0.0469816 0.2072520 0.9256004
1578862475.672359 8.4254332 2.5745912 -3.7726586 0.3145436 0.0384682 0.1984224 0.9274756
1578862475.705958 8.4229469 2.5704830 -3.7669170 0.3156688 0.0300180 0.1892288 0.9293248
1578862475.771291 8.4162951 2.5622079 -3.7578006 0.3167670 0.0147018 0.1708637 0.9328709
1578862475.870222 8.4174271 2.5543213 -3.7336221 0.3170902 -0.0063055 0.1405077 0.9379081
1578862475.935554 8.4138861 2.5449748 -3.7033963 0.3206181 -0.0198216 0.1228759 0.9389955
1578862475.969153 8.4124269 2.5417373 -3.6961493 0.3221974 -0.0273685 0.1146642 0.9393040
1578862476.034486 8.4132881 2.5408306 -3.6915350 0.3226420 -0.0422733 0.0997910 0.9402962
1578862476.133417 8.4155216 2.5383499 -3.6799898 0.3137042 -0.0651031 0.0798298 0.9439166
1578862476.167016 8.4134874 2.5293522 -3.6676638 0.3093687 -0.0721968 0.0728023 0.9453986
1578862476.232348 8.4135256 2.5258362 -3.6586432 0.3029982 -0.0838587 0.0580617 0.9475171
1578862476.265947 8.4151888 2.5233905 -3.6524324 0.3012797 -0.0883826 0.0504288 0.9480907
1578862476.331280 8.4145117 2.5166700 -3.6344962 0.3028107 -0.0957011 0.0343258 0.9476121
1578862476.430211 8.4175367 2.5112262 -3.6211364 0.3043232 -0.1105201 0.0145220 0.9460242
1578862476.495543 8.4119778 2.5079112 -3.6058886 0.2980767 -0.1214685 0.0029269 0.9467772
1578862476.594475 8.4050837 2.4989765 -3.5933893 0.2897618 -0.1390818 -0.0106817 0.9468793
1578862476.727005 8.4034376 2.4873457 -3.5662162 0.2890041 -0.1519830 -0.0359297 0.9445035
1578862476.792337 8.3845053 2.4794407 -3.5541315 0.2850761 -0.1575779 -0.0469528 0.9442967
1578862476.825937 8.3815317 2.4763041 -3.5479507 0.2817886 -0.1617208 -0.0524042 0.9442962
1578862476.891269 8.3714790 2.4725926 -3.5290949 0.2706091 -0.1699840 -0.0610239 0.9455962
1578862476.956601 8.3632030 2.4618049 -3.5176992 0.2573525 -0.1778298 -0.0670751 0.9474425
1578862477.055537 8.3480263 2.4514639 -3.4998379 0.2473287 -0.1827727 -0.0822592 0.9479747
1578862477.253395 8.3132229 2.4281669 -3.4607694 0.2364222 -0.1901117 -0.1121921 0.9462426
1578862477.352327 8.2980089 2.4095902 -3.4441848 0.2238725 -0.2005189 -0.1176297 0.9464864
1578862477.451258 8.2827692 2.3936896 -3.4281175 0.2161731 -0.2041028 -0.1285579 0.9460889
1578862477.615521 8.2540398 2.3725321 -3.3940217 0.2076532 -0.2082789 -0.1473382 0.9443471
1578862477.748052 8.2289944 2.3565459 -3.3670201 0.1860639 -0.2175309 -0.1543977 0.9456331
1578862477.846984 8.2130919 2.3483157 -3.3472829 0.1676781 -0.2186667 -0.1647388 0.9470639
1578862478.110179 8.1612215 2.3139508 -3.2984209 0.1549426 -0.2322009 -0.1837364 0.9425055
1578862478.373374 8.1125278 2.2825084 -3.2453189 0.1318994 -0.2368199 -0.2058628 0.9402869
1578862478.769099 8.0375490 2.2462711 -3.1507716 0.0866561 -0.2429385 -0.2248900 0.9396256
1578862479.230157 7.9462571 2.2050521 -3.0286026 0.0466742 -0.2524992 -0.2392320 0.9363940
1578862479.790146 7.8426886 2.1561649 -2.8538060 -0.0083253 -0.2572625 -0.2532455 0.9325306
1578862480.185872 7.7710171 2.1164448 -2.7138152 -0.0348195 -0.2488568 -0.2667963 0.9304180
1578862480.547998 7.7031560 2.0769057 -2.5779221 -0.0563474 -0.2460391 -0.2744549 0.9278816
1578862481.042656 7.6044593 2.0098913 -2.3919296 -0.0708078 -0.2446229 -0.2788201 0.9259618
1578862481.371183 7.5273409 1.9427378 -2.2733870 -0.0528271 -0.2589651 -0.2644375 0.9274800
1578862481.733309 7.4367371 1.8608723 -2.1525016 -0.0252547 -0.2717921 -0.2487672 0.9293041
1578862481.996504 7.3649011 1.7887645 -2.0749357 0.0054450 -0.2808994 -0.2342005 0.9307073
1578862482.293298 7.2823558 1.7080265 -1.9933069 0.0237854 -0.2909934 -0.2209494 0.9305581
1578862482.524760 7.2095728 1.6460676 -1.9318950 0.0431758 -0.3006757 -0.2120099 0.9288605
1578862482.689024 7.1557441 1.5930947 -1.8970065 0.0625334 -0.3048828 -0.2056223 0.9278231
1578862482.853287 7.1030622 1.5429506 -1.8619363 0.0825460 -0.3100908 -0.1991771 0.9259365
1578862482.985819 7.0560632 1.5008136 -1.8346555 0.0872219 -0.3132952 -0.1944623 0.9254313
1578862483.150082 7.0006833 1.4525634 -1.7998635 0.0949202 -0.3118672 -0.1954363 0.9249507
1578862483.413277 6.9033365 1.3830171 -1.7419469 0.0878187 -0.3168914 -0.1933234 0.9243883
1578862483.611140 6.8251076 1.3320476 -1.6966875 0.0913937 -0.3172648 -0.1931686 0.9239460
1578862483.775403 6.7568955 1.2921662 -1.6596481 0.0782521 -0.3180243 -0.1954048 0.9244210
1578862483.874335 6.7195888 1.2711087 -1.6376389 0.0709580 -0.3157884 -0.1981119 0.9251996
1578862484.006866 6.6633224 1.2392060 -1.6081536 0.0773598 -0.3142734 -0.2009721 0.9245853
1578862484.105797 6.6220708 1.2142709 -1.5880045 0.0809617 -0.3137072 -0.1998365 0.9247153
1578862484.270061 6.5534959 1.1737678 -1.5578756 0.0730212 -0.3152719 -0.1858632 0.9277534
1578862484.335392 6.5264564 1.1598552 -1.5413363 0.0743290 -0.3049435 -0.1884586 0.9305741
1578862484.467923 6.4745984 1.1323960 -1.5101651 0.0734154 -0.2897806 -0.1840091 0.9363643
1578862484.566855 6.4357724 1.1066761 -1.4893209 0.0676630 -0.2842774 -0.1659480 0.9418436
1578862484.632187 6.4110570 1.0915568 -1.4754735 0.0685111 -0.2777917 -0.1594156 0.9448411
1578862484.731118 6.3752804 1.0657791 -1.4552994 0.0764484 -0.2582624 -0.1547708 0.9505274
1578862484.796450 6.3530350 1.0486718 -1.4404196 0.0840782 -0.2441363 -0.1508609 0.9542376
1578862484.830050 6.3415704 1.0412273 -1.4333087 0.0876268 -0.2376523 -0.1482234 0.9559669
1578862484.895382 6.3206491 1.0233631 -1.4206123 0.0936074 -0.2272062 -0.1380745 0.9594532
1578862484.928981 6.3102641 1.0120912 -1.4144645 0.0968043 -0.2219213 -0.1307068 0.9614030
1578862485.027913 6.2810073 0.9812009 -1.3995242 0.1070887 -0.2022892 -0.1157016 0.9665528
1578862485.093245 6.2654157 0.9618349 -1.3884236 0.1158230 -0.1802303 -0.1135304 0.9701613
1578862485.126844 6.2581134 0.9521551 -1.3807356 0.1208538 -0.1661797 -0.1132283 0.9720895
1578862485.192176 6.2446423 0.9342161 -1.3681898 0.1276858 -0.1420906 -0.1099113 0.9754108
1578862485.291107 6.2232242 0.9099360 -1.3494439 0.1297859 -0.1258449 -0.0854573 0.9798040
1578862485.356446 6.2101541 0.8935305 -1.3381791 0.1276214 -0.1179437 -0.0631662 0.9827574
1578862485.423638 6.1979651 0.8794062 -1.3272023 0.1251635 -0.1030689 -0.0502537 0.9854875
1578862485.488970 6.1868653 0.8656856 -1.3149019 0.1242024 -0.0844198 -0.0413752 0.9877931
1578862485.587902 6.1732659 0.8465521 -1.2963125 0.1243027 -0.0562820 -0.0260277 0.9903049
1578862485.653234 6.1648932 0.8372133 -1.2841779 0.1214328 -0.0440610 -0.0109517 0.9915608
1578862485.752165 6.1566463 0.8161980 -1.2702675 0.1214479 -0.0228705 0.0147126 0.9922252
1578862485.851097 6.1522822 0.7966477 -1.2555438 0.1263050 0.0086090 0.0283854 0.9915479
1578862486.048959 6.1411285 0.7685119 -1.2175485 0.1155487 0.0460838 0.0684802 0.9898663
1578862486.312161 6.1426301 0.7225677 -1.1833825 0.1215535 0.0833401 0.1326386 0.9801461
1578862486.674281 6.1708694 0.6824566 -1.1306968 0.1181214 0.1323255 0.2458926 0.9529293
1578862487.135339 6.2592955 0.6529713 -1.0862466 0.1214444 0.2166089 0.3876012 0.8877484
1578862487.531064 6.3646169 0.6523819 -1.0655689 0.1174323 0.2937010 0.4888315 0.8130149
1578862487.926790 6.4901972 0.6847568 -1.0395391 0.0948792 0.3644250 0.5745015 0.7267327
1578862488.255317 6.6000624 0.7216983 -1.0332968 0.0738275 0.4276054 0.6167545 0.6567473
1578862488.651043 6.7438846 0.7750988 -1.0246863 0.0565317 0.4744527 0.6526933 0.5879543
1578862489.046768 6.9016399 0.8440342 -1.0290771 0.0424952 0.5156985 0.6729129 0.5286185
1578862489.507827 7.0996923 0.9559274 -1.0299158 0.0210077 0.5350478 0.6974583 0.4762714
1578862489.771021 7.2213383 1.0229511 -1.0472875 0.0260525 0.5580108 0.6938814 0.4543941
1578862490.034216 7.3457661 1.0890260 -1.0833793 0.0314391 0.5925989 0.6769382 0.4354225
1578862490.297411 7.4723282 1.1467857 -1.1423521 0.0405489 0.6280772 0.6555057 0.4173574
1578862490.528873 7.5813026 1.1984682 -1.1985140 0.0549389 0.6619262 0.6294718 0.4032377
1578862490.792068 7.6978254 1.2526960 -1.2663646 0.0589701 0.6891705 0.6073468 0.3907639
1578862491.055264 7.8119969 1.3050485 -1.3347626 0.0601069 0.7051528 0.5935940 0.3831357
1578862491.286726 7.9122643 1.3491988 -1.3999395 0.0684284 0.7214002 0.5773787 0.3762088
1578862491.549920 8.0204964 1.3961945 -1.4754524 0.0687596 0.7291526 0.5727332 0.3682190
1578862491.714184 8.0856781 1.4268575 -1.5211353 0.0759671 0.7335106 0.5688002 0.3642219
1578862491.912047 8.1579990 1.4565921 -1.5854607 0.0757258 0.7443342 0.5581291 0.3587815
1578862492.076310 8.2165880 1.4833775 -1.6361313 0.0806284 0.7551574 0.5447204 0.3556911
1578862492.175248 8.2502232 1.4969406 -1.6670408 0.0825819 0.7563959 0.5431387 0.3550292
1578862492.242440 8.2710133 1.5047183 -1.6881495 0.0826229 0.7592847 0.5399626 0.3536956
1578862492.307772 8.2918272 1.5139675 -1.7092085 0.0821916 0.7630398 0.5356843 0.3522174
1578862492.406704 8.3244877 1.5304513 -1.7381449 0.0831048 0.7680843 0.5294107 0.3505202
1578862492.570967 8.3737240 1.5505209 -1.7927294 0.0919782 0.7733481 0.5217983 0.3481367
1578862492.636300 8.3913202 1.5567517 -1.8153372 0.0921353 0.7771738 0.5173072 0.3462735
1578862492.735231 8.4180202 1.5695992 -1.8497648 0.0921264 0.7840254 0.5088382 0.3433664
1578862492.768830 8.4275761 1.5739479 -1.8603210 0.0930277 0.7861941 0.5058641 0.3425583
1578862492.867762 8.4532824 1.5851178 -1.8931971 0.0997898 0.7922351 0.4965245 0.3403952
1578862492.933094 8.4704771 1.5908914 -1.9154282 0.1024076 0.7936876 0.4941123 0.3397434
1578862493.032025 8.4925556 1.5977588 -1.9500351 0.1042725 0.7980030 0.4881275 0.3377131
1578862493.097358 8.5065489 1.6025233 -1.9733448 0.1044899 0.8033885 0.4806635 0.3355761
1578862493.196289 8.5283241 1.6084270 -2.0101118 0.1100155 0.8127136 0.4654297 0.3328188
1578862493.263487 8.5425444 1.6125264 -2.0331402 0.1142036 0.8161892 0.4588489 0.3320398
1578862493.328820 8.5565834 1.6182132 -2.0550909 0.1168166 0.8165576 0.4571942 0.3325073
1578862493.427751 8.5768051 1.6269073 -2.0893316 0.1157605 0.8159519 0.4583218 0.3328110
1578862493.493083 8.5891104 1.6333506 -2.1111479 0.1141790 0.8169985 0.4571786 0.3323618
1578862493.657346 8.6254511 1.6613636 -2.1606302 0.1119585 0.8139332 0.4616485 0.3344529
1578862493.789877 8.6533337 1.6808376 -2.2046642 0.1144030 0.8078250 0.4702038 0.3365100
1578862493.987740 8.6933212 1.7098770 -2.2704973 0.1107347 0.8070785 0.4721369 0.3368217
1578862494.053072 8.7078667 1.7215047 -2.2909231 0.1128369 0.8059724 0.4730560 0.3374826
1578862494.217336 8.7390556 1.7451344 -2.3478451 0.1140875 0.7977160 0.4853843 0.3391685
1578862494.349867 8.7643728 1.7677073 -2.3941622 0.1125265 0.7978662 0.4858729 0.3386370
1578862494.514130 8.7978592 1.7993679 -2.4481421 0.1154827 0.7936983 0.4912481 0.3396795
1578862494.678394 8.8254795 1.8195839 -2.5127363 0.1169839 0.7959929 0.4890806 0.3369128
1578862494.810925 8.8502140 1.8370495 -2.5702171 0.1219119 0.8075088 0.4718629 0.3322836
1578862494.909856 8.8670931 1.8504095 -2.6124249 0.1273042 0.8124717 0.4632542 0.3302711
1578862495.074119 8.8920794 1.8677692 -2.6826687 0.1261816 0.8183709 0.4563696 0.3256901
1578862495.173051 8.9102640 1.8830349 -2.7240868 0.1256645 0.8218808 0.4511975 0.3242550
1578862495.305582 8.9360151 1.9109836 -2.7746305 0.1244913 0.8184767 0.4567124 0.3255942
1578862495.535177 8.9793682 1.9596334 -2.8617544 0.1162186 0.8105927 0.4712423 0.3276636
1578862495.699441 9.0153389 2.0000806 -2.9214010 0.1115341 0.8043050 0.4806955 0.3310372
1578862495.930903 9.0618086 2.0594187 -3.0053720 0.0975361 0.7943606 0.4986360 0.3329266
1578862496.227697 9.1277514 2.1401215 -3.1104031 0.0924007 0.7818138 0.5161914 0.3373067
1578862496.556224 9.2186069 2.2195535 -3.2011719 0.0855014 0.7608980 0.5213635 0.3767012
1578862496.787686 9.2863150 2.2615623 -3.2573023 0.0820979 0.7487656 0.5064132 0.4197090
1578862497.017282 9.3622618 2.2967319 -3.2995968 0.0550392 0.7406417 0.4768329 0.4701607
1578862497.116213 9.3945398 2.3096333 -3.3117151 0.0535190 0.7292927 0.4702752 0.4940740
1578862497.314076 9.4613638 2.3201895 -3.3410625 0.0688656 0.7055320 0.4479775 0.5447920
1578862497.511939 9.5281010 2.3219991 -3.3640871 0.0759096 0.6824356 0.4202227 0.5932388
1578862497.709802 9.5986814 2.3264050 -3.3709445 0.0731295 0.6503969 0.3949099 0.6447341
1578862497.874066 9.6549826 2.3242750 -3.3707390 0.0606126 0.6212841 0.3783227 0.6835234
1578862498.071928 9.7288628 2.3378468 -3.3543811 0.0254642 0.5896657 0.3621005 0.7214770
1578862498.335123 9.8277988 2.3494148 -3.3239801 -0.0580273 0.5751089 0.2851083 0.7645887
1578862498.598318 9.9172173 2.3327470 -3.2793038 -0.1022005 0.5493751 0.1763573 0.8103334
1578862498.829780 9.9848776 2.2958355 -3.2406693 -0.0918582 0.5127630 0.1051572 0.8470999
1578862498.994050 10.0229874 2.2666149 -3.2095587 -0.0911046 0.4899817 0.0381517 0.8661191
1578862499.191907 10.0474625 2.2214372 -3.1721697 -0.0616784 0.4336163 -0.0030622 0.8989791
1578862499.356170 10.0641651 2.1924844 -3.1327088 -0.0618260 0.3895453 -0.0427513 0.9179348
1578862499.554033 10.0916595 2.1578324 -3.0870671 -0.0651897 0.3368438 -0.0578861 0.9375157
1578862499.850827 10.1167784 2.1093123 -3.0166287 -0.0688951 0.2599447 -0.1039648 0.9575351
1578862500.212954 10.1292849 2.0519090 -2.9262862 -0.0628602 0.1499177 -0.1403110 0.9766709
1578862500.543347 10.1249485 1.9904218 -2.8434634 -0.0451035 0.0557097 -0.1555713 0.9852206
1578862500.871875 10.1082878 1.9237124 -2.7628596 -0.0219409 -0.0194396 -0.1628807 0.9862102
1578862501.168669 10.0846062 1.8580363 -2.6945655 -0.0014505 -0.0808980 -0.1623074 0.9834174
1578862501.497196 10.0514603 1.8132825 -2.5953517 -0.0254145 -0.1231005 -0.1758367 0.9763615
1578862501.892921 9.9920187 1.7417324 -2.4803259 -0.0181728 -0.1640243 -0.1860217 0.9685875
1578862502.124383 9.9485493 1.6894668 -2.4189463 0.0072902 -0.1929712 -0.1817320 0.9642004
1578862502.452911 9.8782215 1.6213696 -2.3292389 0.0208266 -0.2153667 -0.1866428 0.9583048
1578862502.749705 9.8067284 1.5572579 -2.2494268 0.0281124 -0.2290096 -0.1932823 0.9536279
1578862503.046499 9.7285261 1.4850839 -2.1766517 0.0402852 -0.2479502 -0.1938283 0.9483293
1578862503.309694 9.6561747 1.4232515 -2.1137428 0.0563387 -0.2599079 -0.1934612 0.9443763
1578862503.442225 9.6200418 1.3871775 -2.0888543 0.0647973 -0.2653733 -0.1914520 0.9427218
1578862503.572889 9.5824871 1.3523443 -2.0590811 0.0770413 -0.2673372 -0.1929770 0.9409332
1578862503.671820 9.5535412 1.3282181 -2.0379500 0.0868725 -0.2738095 -0.1889585 0.9390294
1578862503.836084 9.5053158 1.2862860 -2.0024376 0.0813444 -0.2777464 -0.1906955 0.9380167
1578862503.935015 9.4765148 1.2633644 -1.9768379 0.0792458 -0.2766989 -0.1953371 0.9375507
1578862504.067546 9.4355078 1.2371011 -1.9436816 0.0800086 -0.2801048 -0.1974896 0.9360223
1578862504.166478 9.4045591 1.2145098 -1.9189773 0.0710238 -0.2811535 -0.2006281 0.9357653
1578862504.231810 9.3848972 1.2001536 -1.9036740 0.0675064 -0.2808906 -0.2035638 0.9354706
1578862504.297142 9.3646355 1.1862538 -1.8877598 0.0671160 -0.2796287 -0.2071391 0.9350918
1578862504.330741 9.3539257 1.1796851 -1.8792086 0.0688723 -0.2794083 -0.2086401 0.9346962
1578862504.396073 9.3328323 1.1653275 -1.8630255 0.0733720 -0.2814992 -0.2087289 0.9337060
1578862504.528604 9.2895403 1.1329428 -1.8343525 0.0764628 -0.2878390 -0.2058851 0.9321553
1578862504.692867 9.2389917 1.0941340 -1.7986898 0.0741899 -0.2886870 -0.2078135 0.9316487
1578862504.791799 9.2058353 1.0742946 -1.7705753 0.0748553 -0.2890788 -0.2094138 0.9311155
1578862504.857132 9.1834784 1.0628397 -1.7548363 0.0742380 -0.2903599 -0.2092145 0.9308110
1578862504.924329 9.1611414 1.0488851 -1.7371547 0.0686996 -0.2912982 -0.2090548 0.9309790
1578862504.989661 9.1408539 1.0363543 -1.7200208 0.0633277 -0.2914785 -0.2094408 0.9312167
1578862505.088593 9.1066656 1.0149333 -1.6984391 0.0657328 -0.2903761 -0.2102631 0.9312091
1578862505.153925 9.0840836 1.0002910 -1.6824149 0.0724631 -0.2901333 -0.2103109 0.9307745
1578862505.187524 9.0710144 0.9922802 -1.6745545 0.0745655 -0.2906601 -0.2097594 0.9305685
1578862505.252856 9.0482759 0.9793838 -1.6582756 0.0763647 -0.2924016 -0.2082833 0.9302084
1578862505.351788 9.0143461 0.9560429 -1.6362439 0.0744232 -0.2954900 -0.2059001 0.9299204
1578862505.417120 8.9924946 0.9411556 -1.6228306 0.0754660 -0.2951550 -0.2062760 0.9298595
1578862505.484318 8.9692917 0.9242598 -1.6100426 0.0790510 -0.2940194 -0.2071193 0.9297339
1578862505.713914 8.8853064 0.8707594 -1.5611784 0.0912706 -0.2964463 -0.2072622 0.9278102
1578862505.812847 8.8478889 0.8468874 -1.5413010 0.0947213 -0.2957499 -0.2076762 0.9275939
1578862505.945376 8.7987051 0.8142748 -1.5154833 0.1080503 -0.2940001 -0.2089226 0.9264127
1578862506.109640 8.7354946 0.7743162 -1.4843837 0.1172349 -0.2969711 -0.2074584 0.9246757
1578862506.174972 8.7102270 0.7585000 -1.4743364 0.1184772 -0.2974001 -0.2069537 0.9244926
1578862506.273903 8.6749382 0.7333145 -1.4578493 0.1242204 -0.2963141 -0.2070336 0.9240695
1578862506.372834 8.6346436 0.7073778 -1.4402556 0.1343609 -0.2961914 -0.2068223 0.9227363
1578862506.406434 8.6209736 0.6990199 -1.4339194 0.1365407 -0.2970925 -0.2061636 0.9222739
1578862506.505365 8.5828276 0.6762480 -1.4165750 0.1394942 -0.2998983 -0.2043962 0.9213167
1578862506.570698 8.5579386 0.6582481 -1.4074315 0.1400274 -0.3013266 -0.2031312 0.9210496
1578862506.669629 8.5214529 0.6314806 -1.3967752 0.1444673 -0.3006117 -0.2022903 0.9207826
1578862506.734961 8.4954119 0.6130801 -1.3857886 0.1509523 -0.3003183 -0.2020916 0.9198812
1578862506.833892 8.4561844 0.5905310 -1.3694197 0.1581784 -0.3027960 -0.2001338 0.9182814
1578862506.867491 8.4438629 0.5816603 -1.3639863 0.1589696 -0.3037964 -0.1997462 0.9178987
1578862506.966423 8.4072094 0.5556971 -1.3507944 0.1601721 -0.3061012 -0.1988236 0.9171238
1578862507.031755 8.3823290 0.5369288 -1.3438970 0.1622925 -0.3057330 -0.1990304 0.9168290
1578862507.130687 8.3420992 0.5092269 -1.3324647 0.1708543 -0.3042960 -0.1997573 0.9155926
1578862507.196018 8.3164120 0.4919305 -1.3237962 0.1763217 -0.3059220 -0.1988540 0.9142097
1578862507.229618 8.3015747 0.4854484 -1.3184979 0.1783928 -0.3066553 -0.1985202 0.9136347
1578862507.362149 8.2515326 0.4486575 -1.3040503 0.1802850 -0.3098696 -0.1977013 0.9123554
1578862507.427480 8.2275486 0.4323640 -1.2980977 0.1828899 -0.3096191 -0.1977876 0.9119031
1578862507.492813 8.2008171 0.4110506 -1.2930533 0.1872485 -0.3085999 -0.1980501 0.9113069
1578862507.526412 8.1876097 0.4019582 -1.2875859 0.1908770 -0.3086125 -0.1979128 0.9105794
1578862507.591744 8.1603107 0.3857769 -1.2791041 0.1969575 -0.3101795 -0.1968660 0.9089776
1578862507.690676 8.1222754 0.3596374 -1.2675624 0.2006366 -0.3138266 -0.1948997 0.9073433
1578862507.756008 8.0971842 0.3408014 -1.2623684 0.2013899 -0.3157775 -0.1935275 0.9067932
1578862507.823206 8.0722322 0.3227770 -1.2577260 0.2038405 -0.3160104 -0.1933817 0.9061953
1578862507.854939 8.0612297 0.3129716 -1.2547827 0.2055824 -0.3159531 -0.1933285 0.9058332
1578862507.888539 8.0493422 0.3033681 -1.2497540 0.2086324 -0.3159713 -0.1930990 0.9051781
1578862507.987470 8.0100298 0.2772641 -1.2384664 0.2183061 -0.3179088 -0.1911886 0.9026203
1578862508.086401 7.9675007 0.2506595 -1.2290342 0.2216662 -0.3216646 -0.1885111 0.9010325
1578862508.217066 7.9156780 0.2140256 -1.2187357 0.2236550 -0.3254609 -0.1855694 0.8997875
1578862508.315997 7.8791680 0.1866916 -1.2109678 0.2275646 -0.3271011 -0.1839870 0.8985366
1578862508.513860 7.8059587 0.1384203 -1.1895359 0.2339414 -0.3326851 -0.1796856 0.8957149
1578862508.777055 7.7167273 0.0695184 -1.1604784 0.2425087 -0.3377086 -0.1757604 0.8923288
1578862509.073849 7.6379724 0.0288250 -1.1091363 0.2561487 -0.3467567 -0.1659895 0.8869020
