1578862329.317267 0.0000000 0.0000000 0.0000000 -0.0000000 -0.0000000 -0.0000000 1.0000000
1578862330.931904 -0.0113896 -0.0410609 -0.0440480 0.0162604 0.0334249 -0.0190923 0.9991266
1578862331.195099 -0.0135034 -0.0576753 -0.0379328 0.0214727 0.0368044 -0.0192877 0.9989056
1578862331.952952 -0.0209545 -0.1200388 -0.0057757 0.0376598 0.0403777 -0.0145504 0.9983685
1578862332.578273 -0.0175888 -0.1773198 0.0318619 0.0576924 0.0348976 -0.0058925 0.9977069
1578862333.369725 0.0127399 -0.2274835 0.0753392 0.0665788 0.0329916 0.0053282 0.9972214
1578862334.258242 0.0730827 -0.2597134 0.1227794 0.0542090 0.0293156 0.0057405 0.9980827
1578862335.411820 0.1350532 -0.3078197 0.1416578 0.0339300 0.0016792 0.0084887 0.9993868
1578862336.794994 0.0636529 -0.3221196 0.0658281 0.0128808 -0.0249137 0.0141407 0.9995066
1578862337.849641 -0.0963941 -0.2850707 -0.0313065 0.0279621 -0.0069104 0.0137978 0.9994899
1578862338.474963 -0.1881425 -0.2437573 -0.0716687 0.0365725 0.0134877 0.0087133 0.9992020
1578862339.397079 -0.2604059 -0.1963544 -0.1045210 0.0653650 0.0494518 0.0199906 0.9964348
1578862339.858137 -0.2639848 -0.1825946 -0.1102404 0.0790354 0.0672432 0.0262515 0.9942548
1578862344.436985 0.1277390 -0.2929681 0.1704377 0.0350182 0.0626008 0.0178090 0.9972652
1578862344.898043 0.2131130 -0.3125134 0.1887060 0.0443191 0.0664903 0.0179498 0.9966407
1578862345.590563 0.3344460 -0.3320976 0.2137400 0.0470117 0.0575092 0.0252042 0.9969190
1578862346.710542 0.4528868 -0.3442238 0.2423449 0.0253089 0.0562938 -0.0084142 0.9980580
1578862353.891474 0.4492263 -0.3290548 0.1666910 -0.0066103 0.0996077 -0.0200967 0.9948019
1578862355.308248 0.5834891 -0.3672667 0.2268498 0.0016995 0.0732686 0.0234615 0.9970348
1578862356.592496 0.6805173 -0.4639501 0.2967330 0.0015704 0.0677094 0.0173871 0.9975523
1578862357.579938 0.7205871 -0.5634735 0.3368155 0.0124604 0.0445648 0.0024769 0.9989257
1578862359.095643 0.7451173 -0.6893814 0.3975153 0.0169201 0.0388294 0.0058949 0.9990852
1578862361.434532 0.8174801 -0.8364081 0.4453775 0.0791750 0.0278355 0.0218335 0.9962328
1578862361.895589 0.8693259 -0.9346030 0.5132277 0.1035636 0.0274221 0.0254149 0.9939199
1578862362.192384 0.9017253 -1.0137935 0.5656248 0.1220544 0.0232327 0.0302543 0.9917901
1578862362.455580 0.9311383 -1.0824172 0.6232472 0.1253963 0.0217364 0.0295932 0.9914270
1578862362.817705 0.9673655 -1.1698840 0.7266461 0.1000262 0.0166223 0.0339591 0.9942662
1578862363.114500 0.9959096 -1.2584088 0.8093663 0.0913839 0.0176036 0.0389617 0.9948975
1578862363.312363 1.0078496 -1.3235573 0.8668992 0.1007598 0.0142853 0.0442457 0.9938238
1578862363.476626 1.0221068 -1.3859965 0.9055583 0.1114074 0.0153127 0.0440314 0.9926808
1578862363.674489 1.0321425 -1.4631618 0.9548181 0.1425682 0.0139809 0.0417777 0.9888041
1578862363.937690 1.0393739 -1.5673212 1.0220954 0.1507634 0.0152981 0.0371070 0.9877548
1578862364.333410 1.0499591 -1.7092640 1.1412814 0.1464860 0.0170059 0.0386833 0.9883098
1578862364.497674 1.0497081 -1.7682033 1.1917437 0.1475722 0.0147955 0.0429885 0.9880058
1578862364.794468 1.0496666 -1.8769265 1.2847476 0.1430544 0.0166450 0.0430875 0.9886364
1578862365.025930 1.0428699 -1.9561069 1.3577588 0.1259910 0.0108842 0.0472437 0.9908460
1578862365.255526 1.0398585 -2.0293565 1.4450780 0.1192016 0.0097539 0.0457852 0.9917659
1578862365.651252 1.0341363 -2.1633399 1.5957643 0.1084011 0.0088917 0.0473004 0.9929415
1578862366.013378 1.0361625 -2.2816319 1.7465025 0.0980211 0.0078488 0.0459958 0.9940898
1578862366.276573 1.0402457 -2.3827970 1.8511268 0.1026717 0.0095994 0.0442035 0.9936863
1578862366.508036 1.0464356 -2.4683802 1.9556489 0.1039744 0.0050957 0.0452711 0.9935361
1578862366.737631 1.0540502 -2.5523186 2.0610352 0.0945025 0.0062084 0.0441223 0.9945270
1578862367.068025 1.0746093 -2.6696539 2.2173398 0.0747116 0.0055480 0.0454019 0.9961557
1578862367.529083 1.1095575 -2.8186166 2.4540236 0.0362245 0.0052453 0.0405389 0.9985073
1578862367.990141 1.1615305 -3.0018342 2.6739426 0.0524348 0.0096228 0.0382606 0.9978448
1578862368.318668 1.2068483 -3.1411090 2.8210449 0.0637412 0.0129984 0.0374610 0.9971784
1578862368.550130 1.2399249 -3.2345634 2.9236717 0.0701023 0.0092830 0.0395592 0.9967119
1578862368.714393 1.2639352 -3.3073370 2.9889193 0.0803865 0.0124982 0.0361237 0.9960306
1578862368.912256 1.2942085 -3.3875237 3.0754528 0.0851579 0.0106139 0.0391854 0.9955401
1578862369.110119 1.3296645 -3.4669168 3.1583273 0.0778659 0.0148337 0.0384450 0.9961119
1578862369.373314 1.3719201 -3.5633180 3.2766976 0.0656672 0.0119282 0.0428701 0.9968489
1578862369.571177 1.4077840 -3.6479771 3.3558300 0.0826234 0.0151397 0.0395617 0.9956802
1578862369.735441 1.4357022 -3.7219019 3.4170644 0.0969619 0.0112274 0.0425755 0.9943137
1578862369.933304 1.4694045 -3.8081348 3.4904110 0.1024481 0.0133614 0.0409044 0.9938072
1578862370.032235 1.4842813 -3.8497794 3.5282462 0.1128703 0.0122815 0.0414775 0.9926677
1578862370.097567 1.4934173 -3.8772974 3.5518494 0.1164269 0.0107998 0.0427260 0.9922211
1578862370.196499 1.5069706 -3.9209807 3.5818346 0.1222386 0.0101839 0.0441052 0.9914680
1578862370.295430 1.5244851 -3.9634247 3.6159093 0.1280248 0.0130248 0.0421411 0.9907897
1578862370.329029 1.5279877 -3.9739349 3.6309566 0.1320788 0.0126735 0.0425559 0.9902442
1578862370.360762 1.5347583 -3.9922171 3.6383822 0.1343182 0.0098125 0.0456314 0.9898385
1578862370.427961 1.5419703 -4.0204186 3.6611679 0.1389356 0.0032450 0.0531989 0.9888662
1578862370.493293 1.5517284 -4.0504870 3.6829443 0.1398477 0.0002059 0.0532519 0.9887400
1578862370.592225 1.5632670 -4.0912519 3.7141533 0.1394581 0.0007734 0.0460182 0.9891578
1578862370.657557 1.5729740 -4.1178417 3.7318096 0.1391215 -0.0028575 0.0453288 0.9892332
1578862370.756495 1.5773003 -4.1543841 3.7628379 0.1389747 -0.0182705 0.0458279 0.9890662
1578862370.821820 1.5817723 -4.1755443 3.7840989 0.1359752 -0.0250693 0.0417422 0.9895150
1578862370.889019 1.5843202 -4.1972108 3.8069925 0.1326086 -0.0293450 0.0328574 0.9901890
1578862370.954351 1.5859382 -4.2226729 3.8238547 0.1327211 -0.0338922 0.0228634 0.9903099
1578862371.053282 1.5919333 -4.2610254 3.8501925 0.1367810 -0.0457979 0.0165726 0.9894033
1578862371.118615 1.5873380 -4.2861214 3.8615899 0.1434556 -0.0616915 0.0165991 0.9875926
1578862371.152214 1.5879958 -4.2991033 3.8676085 0.1476849 -0.0719082 0.0171521 0.9862678
1578862371.217546 1.5864795 -4.3246341 3.8788514 0.1564263 -0.0885594 0.0165990 0.9835713
1578862371.284745 1.5839063 -4.3486323 3.8862300 0.1660527 -0.1028179 0.0111206 0.9806790
1578862371.316478 1.5766569 -4.3598576 3.8927166 0.1711779 -0.1079282 0.0064179 0.9792898
1578862371.350077 1.5789638 -4.3730168 3.8955166 0.1763431 -0.1143695 0.0011249 0.9776613
1578862371.449008 1.5745074 -4.3953772 3.9094357 0.1931300 -0.1374479 -0.0056073 0.9714821
1578862371.514340 1.5650945 -4.4188223 3.9076173 0.2018813 -0.1638854 -0.0050523 0.9655879
1578862371.613272 1.5511633 -4.4331908 3.9186583 0.2106478 -0.2016416 -0.0104140 0.9564830
1578862371.678604 1.5430292 -4.4292946 3.9328456 0.2131362 -0.2144145 -0.0237719 0.9529083
1578862371.712209 1.5385127 -4.4314437 3.9388404 0.2128380 -0.2183090 -0.0349270 0.9517465
1578862371.811135 1.5247816 -4.4352617 3.9566448 0.2127958 -0.2322703 -0.0626774 0.9470164
1578862371.910066 1.5232811 -4.4354124 3.9698074 0.2193249 -0.2625737 -0.0745871 0.9366902
1578862372.008998 1.5079877 -4.4380598 3.9856825 0.2214371 -0.2873934 -0.0942411 0.9270864
1578862372.074330 1.5025281 -4.4402318 3.9935522 0.2233831 -0.3018642 -0.1074319 0.9205631
1578862372.371125 1.4688947 -4.4386473 4.0198035 0.2367543 -0.3635746 -0.1683579 0.8851082
1578862372.634319 1.4434595 -4.4405651 4.0513597 0.2345474 -0.4193935 -0.2039600 0.8529344
1578862373.556435 1.3254662 -4.4260821 4.2147675 0.2202184 -0.5259640 -0.2878504 0.7694205
1578862373.655366 1.3098612 -4.4236403 4.2427130 0.2156646 -0.5350455 -0.2964345 0.7611450
1578862373.853229 1.2656326 -4.4039602 4.2773566 0.2038607 -0.5424045 -0.3141128 0.7520449
1578862374.051092 1.2107062 -4.3754253 4.3161659 0.2094406 -0.5493250 -0.3250711 0.7407466
1578862374.215356 1.1605639 -4.3669906 4.3468747 0.1933758 -0.5519615 -0.3396155 0.7366177
1578862374.314287 1.1197214 -4.3642197 4.3570647 0.1976909 -0.5505673 -0.3480754 0.7325556
1578862374.347887 1.1078882 -4.3619366 4.3636222 0.1986922 -0.5514185 -0.3501531 0.7306517
1578862374.413219 1.0792284 -4.3620701 4.3668323 0.1963564 -0.5531027 -0.3545747 0.7278725
1578862374.512150 1.0372558 -4.3539295 4.3754234 0.1878075 -0.5550407 -0.3608961 0.7255428
1578862374.577482 1.0118937 -4.3486276 4.3813663 0.1833503 -0.5558531 -0.3647535 0.7241305
1578862374.741746 0.9424248 -4.3391538 4.3964729 0.1865068 -0.5545350 -0.3748735 0.7191495
1578862374.808945 0.9148574 -4.3358555 4.3990464 0.1878604 -0.5570052 -0.3768192 0.7158638
1578862374.874277 0.8838453 -4.3330097 4.4034476 0.1863086 -0.5599048 -0.3775693 0.7136086
1578862374.907876 0.8684678 -4.3321157 4.4078131 0.1845067 -0.5614952 -0.3775070 0.7128596
1578862374.973208 0.8399138 -4.3321147 4.4093409 0.1817907 -0.5629094 -0.3789895 0.7116545
1578862375.038541 0.8081522 -4.3378291 4.4041629 0.1819120 -0.5622775 -0.3819210 0.7105550
1578862375.137472 0.7588716 -4.3414626 4.4013424 0.1865207 -0.5613914 -0.3843872 0.7087286
1578862375.204670 0.7247038 -4.3485336 4.3976994 0.1883579 -0.5641722 -0.3833084 0.7066157
1578862375.270003 0.6899595 -4.3462849 4.3954759 0.1883216 -0.5659110 -0.3826024 0.7056168
1578862375.335334 0.6591854 -4.3618097 4.3951335 0.1815789 -0.5672540 -0.3843439 0.7053593
1578862375.368934 0.6442957 -4.3626890 4.3980122 0.1791371 -0.5667316 -0.3859145 0.7055461
1578862375.434266 0.6136189 -4.3643236 4.4007564 0.1768079 -0.5647250 -0.3895943 0.7057202
1578862375.533198 0.5628886 -4.3719301 4.3945694 0.1854590 -0.5643477 -0.3902714 0.7034237
1578862375.598530 0.5298624 -4.3791118 4.3946838 0.1916366 -0.5684478 -0.3862348 0.7006891
1578862375.632129 0.5152631 -4.3810201 4.3939953 0.1945844 -0.5697713 -0.3852752 0.6993287
1578862375.697461 0.4848170 -4.3901377 4.3926721 0.1942613 -0.5724487 -0.3844569 0.6976804
1578862375.731060 0.4676309 -4.3924146 4.3925285 0.1936236 -0.5734617 -0.3842853 0.6971202
1578862375.895324 0.3918777 -4.4130197 4.3806477 0.2013268 -0.5767817 -0.3821022 0.6933889
1578862375.928923 0.3742280 -4.4139118 4.3791656 0.2050755 -0.5776558 -0.3809776 0.6921806
1578862375.994255 0.3417902 -4.4188285 4.3818541 0.2067753 -0.5792429 -0.3805525 0.6905805
1578862376.093187 0.2956052 -4.4253988 4.3802786 0.2025412 -0.5806707 -0.3823020 0.6896694
1578862376.291050 0.2030163 -4.4504538 4.3704085 0.2055751 -0.5829040 -0.3805242 0.6878685
1578862376.389982 0.1545062 -4.4601631 4.3714852 0.2061405 -0.5840235 -0.3804720 0.6867778
1578862376.554245 0.0769792 -4.4788308 4.3699441 0.1965610 -0.5849105 -0.3828144 0.6875294
1578862376.653176 0.0341334 -4.4879532 4.3736005 0.1970021 -0.5836335 -0.3839747 0.6878412
1578862376.851039 -0.0557299 -4.5009041 4.3724146 0.2004361 -0.5826395 -0.3848971 0.6871760
1578862376.949971 -0.1052976 -4.5129790 4.3730483 0.1920169 -0.5809342 -0.3883332 0.6890880
1578862377.179566 -0.2117572 -4.5368757 4.3715172 0.1945940 -0.5788119 -0.3899843 0.6892185
1578862377.411029 -0.3158836 -4.5459104 4.3752618 0.1792923 -0.5728066 -0.4000298 0.6926204
1578862377.575298 -0.3972478 -4.5567989 4.3785434 0.1805837 -0.5696741 -0.4044358 0.6923096
1578862377.707823 -0.4591298 -4.5628190 4.3872690 0.1683592 -0.5668958 -0.4107891 0.6939284
1578862377.872087 -0.5385404 -4.5848060 4.3851280 0.1717520 -0.5682576 -0.4076284 0.6938471
1578862377.971018 -0.5897303 -4.5950232 4.3842926 0.1833044 -0.5717439 -0.4009348 0.6919246
1578862378.036350 -0.6202254 -4.6010418 4.3855152 0.1866655 -0.5740780 -0.3976775 0.6909725
1578862378.135281 -0.6688957 -4.6143103 4.3805447 0.1894032 -0.5785543 -0.3910668 0.6902667
1578862378.234213 -0.7127185 -4.6260204 4.3804779 0.1984423 -0.5803450 -0.3857628 0.6892078
1578862378.432076 -0.8122134 -4.6446872 4.3793659 0.2050427 -0.5819321 -0.3816960 0.6882011
1578862378.497408 -0.8434024 -4.6504750 4.3800478 0.2001822 -0.5825892 -0.3823524 0.6887115
1578862378.629939 -0.9052076 -4.6569481 4.3780246 0.1949526 -0.5810364 -0.3837881 0.6907220
1578862378.728870 -0.9547968 -4.6644354 4.3801050 0.1946645 -0.5781958 -0.3868738 0.6914651
1578862378.893134 -1.0377145 -4.6751680 4.3860931 0.1909625 -0.5786370 -0.3890594 0.6909018
1578862378.992065 -1.0833225 -4.6851931 4.3843904 0.1851932 -0.5780798 -0.3909173 0.6918894
1578862379.124596 -1.1511002 -4.6925654 4.3846159 0.1879297 -0.5746510 -0.3945207 0.6919624
1578862379.189928 -1.1841011 -4.6964502 4.3847198 0.1901878 -0.5767111 -0.3924522 0.6908069
1578862379.255260 -1.2183027 -4.6996241 4.3846970 0.1901866 -0.5793093 -0.3903191 0.6898411
1578862379.288860 -1.2354832 -4.7037001 4.3819284 0.1886368 -0.5804308 -0.3895220 0.6897745
1578862379.354192 -1.2665634 -4.7087893 4.3815413 0.1856906 -0.5819742 -0.3882929 0.6899665
1578862379.453123 -1.3146329 -4.7170420 4.3762589 0.1856292 -0.5813665 -0.3882933 0.6904949
1578862379.518455 -1.3485308 -4.7254887 4.3750491 0.1910072 -0.5817102 -0.3869798 0.6894754
1578862379.585654 -1.3805499 -4.7326736 4.3705115 0.1953299 -0.5842144 -0.3829623 0.6883892
1578862379.749918 -1.4562063 -4.7454901 4.3657494 0.1950667 -0.5911148 -0.3750244 0.6869417
1578862379.815250 -1.4852657 -4.7561851 4.3605881 0.1949318 -0.5910488 -0.3749482 0.6870784
1578862379.848849 -1.5015450 -4.7612748 4.3582268 0.1962819 -0.5913110 -0.3740084 0.6869807
1578862379.914181 -1.5326614 -4.7660198 4.3536158 0.2027776 -0.5930968 -0.3699801 0.6857347
1578862379.979513 -1.5657678 -4.7710600 4.3514824 0.2083368 -0.5970641 -0.3646674 0.6834676
1578862380.145643 -1.6402769 -4.7880330 4.3391919 0.2068670 -0.6038616 -0.3583601 0.6812748
1578862380.210975 -1.6678610 -4.7929621 4.3372278 0.2048770 -0.6045792 -0.3574721 0.6817060
1578862380.276308 -1.6967115 -4.8000307 4.3325629 0.2055299 -0.6037760 -0.3577294 0.6820862
1578862380.375239 -1.7479663 -4.8060331 4.3261905 0.2076103 -0.6068659 -0.3536833 0.6808230
1578862380.474170 -1.7925153 -4.8111753 4.3231974 0.2067808 -0.6103925 -0.3507777 0.6794246
1578862380.539503 -1.8210430 -4.8112893 4.3191538 0.2114468 -0.6079355 -0.3554643 0.6777535
1578862380.606701 -1.8471169 -4.8097773 4.3191233 0.2136044 -0.6104934 -0.3539846 0.6755486
1578862380.672033 -1.8779950 -4.8079338 4.3190880 0.2121984 -0.6190156 -0.3472857 0.6717024
1578862380.770964 -1.9153633 -4.8092628 4.3181963 0.2083751 -0.6400390 -0.3363158 0.6586514
1578862380.869896 -1.9521599 -4.8214164 4.2953100 0.2102193 -0.6523054 -0.3346209 0.6467877
1578862380.935228 -1.9740291 -4.8178329 4.2852192 0.2175920 -0.6549916 -0.3400145 0.6387721
1578862381.034160 -2.0144997 -4.8279681 4.2663903 0.2244207 -0.6574793 -0.3517696 0.6273870
1578862381.099492 -2.0336733 -4.8263898 4.2620039 0.2241985 -0.6654334 -0.3550205 0.6171660
1578862381.166691 -2.0611472 -4.8212280 4.2612052 0.2212950 -0.6753690 -0.3593257 0.6048061
1578862381.232023 -2.0813899 -4.8225274 4.2578812 0.2201910 -0.6806670 -0.3669912 0.5945805
1578862381.297355 -2.1010704 -4.8194013 4.2507749 0.2232525 -0.6811595 -0.3801544 0.5845191
1578862381.396286 -2.1305037 -4.8139424 4.2475500 0.2293484 -0.6805700 -0.4022734 0.5678027
1578862381.495218 -2.1627421 -4.8008213 4.2375369 0.2273702 -0.6848727 -0.4214370 0.5492204
1578862381.560550 -2.1767149 -4.7987890 4.2348247 0.2227587 -0.6920691 -0.4333596 0.5325583
1578862381.792012 -2.2268214 -4.7770267 4.1874976 0.2205250 -0.7198474 -0.4555394 0.4750498
1578862381.857344 -2.2387462 -4.7739501 4.1750746 0.2209129 -0.7279444 -0.4590043 0.4589222
1578862381.890944 -2.2452312 -4.7726593 4.1704397 0.2206831 -0.7318894 -0.4618454 0.4498174
1578862381.956275 -2.2572193 -4.7631102 4.1577587 0.2202913 -0.7363560 -0.4710445 0.4328611
1578862382.021608 -2.2704339 -4.7530513 4.1443520 0.2210538 -0.7385073 -0.4822716 0.4161205
1578862382.154139 -2.2949729 -4.7332892 4.1268730 0.2204195 -0.7452269 -0.5016381 0.3800150
1578862382.253070 -2.3058496 -4.7231474 4.1061840 0.2200529 -0.7504306 -0.5131873 0.3536518
1578862382.352001 -2.3215108 -4.7048807 4.0933228 0.2206514 -0.7520376 -0.5281111 0.3268808
1578862382.417334 -2.3308535 -4.6878147 4.0868940 0.2194363 -0.7526956 -0.5381085 0.3094128
1578862382.549865 -2.3445015 -4.6688471 4.0652843 0.2084487 -0.7574925 -0.5535420 0.2763067
1578862382.714128 -2.3552604 -4.6415834 4.0352659 0.2116440 -0.7596225 -0.5669876 0.2381292
1578862382.813059 -2.3638706 -4.6183114 4.0195923 0.2133800 -0.7598471 -0.5739490 0.2183667
1578862382.878391 -2.3711710 -4.6064672 4.0110126 0.2104007 -0.7587624 -0.5806122 0.2071248
1578862382.977323 -2.3772092 -4.5861683 3.9947734 0.2035722 -0.7555250 -0.5914946 0.1946137
1578862383.109854 -2.3903213 -4.5577364 3.9745605 0.2088551 -0.7495189 -0.6027544 0.1768845
1578862383.274117 -2.3938975 -4.5179410 3.9431162 0.2047373 -0.7512050 -0.6080521 0.1550689
1578862383.373049 -2.4004321 -4.4941273 3.9219387 0.1999883 -0.7515311 -0.6120728 0.1434315
1578862383.438384 -2.3988347 -4.4797068 3.9086545 0.2000552 -0.7522337 -0.6129361 0.1357630
1578862383.505579 -2.3994985 -4.4671612 3.8908896 0.2021926 -0.7536311 -0.6124032 0.1269673
1578862383.570911 -2.3994260 -4.4474487 3.8784158 0.2027960 -0.7552792 -0.6119002 0.1183438
1578862383.735175 -2.4006639 -4.4071512 3.8424282 0.1953357 -0.7545312 -0.6185169 0.0998177
1578862383.834107 -2.3966074 -4.3824344 3.8224337 0.1939224 -0.7512329 -0.6243625 0.0906351
1578862383.899439 -2.3998284 -4.3632498 3.8083208 0.1967763 -0.7491823 -0.6267621 0.0847011
1578862383.998370 -2.3985114 -4.3296804 3.7898788 0.1980539 -0.7486879 -0.6280129 0.0764254
1578862384.196233 -2.3925285 -4.2770214 3.7360640 0.1872628 -0.7494473 -0.6316787 0.0651409
1578862384.394100 -2.3877137 -4.2200851 3.6856952 0.1866906 -0.7544815 -0.6269670 0.0530743
1578862384.690891 -2.3839593 -4.1292696 3.6069078 0.1813533 -0.7468321 -0.6384690 0.0413542
1578862384.954085 -2.3773561 -4.0472345 3.5268860 0.1738066 -0.7535004 -0.6334523 0.0276867
1578862385.053017 -2.3744571 -4.0231204 3.4907248 0.1733636 -0.7612098 -0.6245143 0.0220580
1578862385.316212 -2.3718188 -3.9469762 3.3949418 0.1724006 -0.7703462 -0.6137770 0.0110708
1578862385.480475 -2.3749263 -3.8984091 3.3414750 0.1740443 -0.7649857 -0.6200241 0.0086903
1578862385.777270 -2.3869615 -3.8046775 3.2407825 0.1648902 -0.7622148 -0.6259708 0.0005570
1578862385.876207 -2.3921545 -3.7785857 3.2014213 -0.1665761 0.7635333 0.6239094 0.0025317
1578862386.107664 -2.4047031 -3.7057433 3.1185389 -0.1625565 0.7677135 0.6197718 0.0086169
1578862386.238328 -2.4131289 -3.6698115 3.0675206 -0.1627160 0.7660218 0.6218077 0.0094430
1578862386.337259 -2.4222572 -3.6375289 3.0316794 -0.1678014 0.7651117 0.6215575 0.0106366
1578862386.568721 -2.4449930 -3.5596213 2.9533763 -0.1648421 0.7595251 0.6291103 0.0129959
1578862386.732985 -2.4613051 -3.5037770 2.8988495 -0.1719790 0.7532175 0.6347186 0.0147943
1578862386.930848 -2.4802201 -3.4317737 2.8330247 -0.1670723 0.7491369 0.6407557 0.0176926
1578862387.095112 -2.4956012 -3.3754447 2.7751315 -0.1705354 0.7468188 0.6425062 0.0191081
1578862387.128711 -2.4971104 -3.3624575 2.7610381 -0.1721596 0.7486819 0.6398749 0.0199137
1578862387.292974 -2.5088689 -3.3042018 2.6998177 -0.1676119 0.7547415 0.6338700 0.0219161
1578862387.655101 -2.5370057 -3.1733205 2.5593474 -0.1669343 0.7573950 0.6308771 0.0219067
1578862387.819364 -2.5511732 -3.1103392 2.5060816 -0.1630852 0.7479671 0.6431111 0.0188848
1578862387.852964 -2.5532579 -3.0965357 2.4934034 -0.1634151 0.7466983 0.6445099 0.0185549
1578862387.951895 -2.5596249 -3.0540044 2.4605179 -0.1644702 0.7444869 0.6467839 0.0189575
1578862388.050827 -2.5652158 -3.0094783 2.4286425 -0.1628831 0.7414939 0.6505761 0.0201650
1578862388.116159 -2.5711420 -2.9837990 2.4047396 -0.1599206 0.7387702 0.6544079 0.0198567
1578862388.314022 -2.5804319 -2.9036391 2.3226175 -0.1610250 0.7429807 0.6492618 0.0225801
1578862388.379354 -2.5825996 -2.8764088 2.2948418 -0.1624598 0.7456405 0.6457986 0.0239052
1578862388.412953 -2.5840814 -2.8604412 2.2841296 -0.1626978 0.7464277 0.6448069 0.0244785
1578862388.511884 -2.5904617 -2.8191032 2.2452610 -0.1588207 0.7462257 0.6460156 0.0242312
1578862388.676148 -2.5990391 -2.7535980 2.1709015 -0.1605720 0.7483273 0.6431949 0.0228752
1578862388.775080 -2.6025426 -2.7102795 2.1294608 -0.1615374 0.7514698 0.6392716 0.0230366
1578862388.840411 -2.6069574 -2.6805146 2.1035428 -0.1601586 0.7522740 0.6386766 0.0229218
1578862388.907610 -2.6114168 -2.6509025 2.0744669 -0.1576801 0.7520368 0.6395955 0.0222561
1578862389.071874 -2.6134183 -2.5894465 1.9879982 -0.1568267 0.7589046 0.6316317 0.0225965
1578862389.137206 -2.6181221 -2.5586634 1.9601891 -0.1586794 0.7629569 0.6262097 0.0240640
1578862389.236137 -2.6230745 -2.5159781 1.9128835 -0.1582569 0.7636378 0.6254329 0.0254131
1578862389.335069 -2.6251488 -2.4727571 1.8654559 -0.1551801 0.7641408 0.6255857 0.0255057
1578862389.434000 -2.6305559 -2.4356627 1.8128271 -0.1549029 0.7675433 0.6214572 0.0259505
1578862389.532932 -2.6339962 -2.3943918 1.7638516 -0.1589054 0.7718428 0.6150543 0.0267576
1578862389.631863 -2.6387227 -2.3504610 1.7147541 -0.1558765 0.7745751 0.6123605 0.0273953
1578862389.697196 -2.6422651 -2.3212366 1.6821110 -0.1527985 0.7758825 0.6114767 0.0274813
1578862389.796127 -2.6434383 -2.2848191 1.6283426 -0.1518065 0.7773835 0.6098468 0.0267695
1578862389.861459 -2.6462431 -2.2576804 1.5966141 -0.1545627 0.7790915 0.6069885 0.0263013
1578862389.928658 -2.6510592 -2.2288935 1.5605304 -0.1566343 0.7806427 0.6044518 0.0264700
1578862389.993990 -2.6533244 -2.1973004 1.5320082 -0.1559134 0.7808784 0.6043378 0.0263798
1578862390.027589 -2.6564810 -2.1825924 1.5129707 -0.1547664 0.7802685 0.6054233 0.0262865
1578862390.092921 -2.6604774 -2.1538339 1.4822989 -0.1522373 0.7786727 0.6081351 0.0257767
1578862390.257185 -2.6692185 -2.0816212 1.3982053 -0.1530430 0.7755114 0.6120472 0.0236240
1578862390.324384 -2.6748993 -2.0504544 1.3646321 -0.1563463 0.7763026 0.6101891 0.0240716
1578862390.389715 -2.6768363 -2.0188165 1.3350680 -0.1530970 0.7783190 0.6084303 0.0243618
1578862390.455048 -2.6780841 -1.9897124 1.3034334 -0.1406410 0.7797590 0.6096542 0.0227550
1578862390.553979 -2.6848412 -1.9437178 1.2567872 -0.1407169 0.7764519 0.6137649 0.0247757
1578862390.718243 -2.6926374 -1.8704114 1.1789489 -0.1350454 0.7684398 0.6247758 0.0303043
1578862390.817174 -2.6939270 -1.8203443 1.1422993 -0.1225475 0.7654947 0.6304420 0.0392794
1578862390.850774 -2.6926923 -1.8049715 1.1288596 -0.1217434 0.7633820 0.6329375 0.0426222
1578862390.949705 -2.6939027 -1.7561133 1.0955861 -0.1257299 0.7564034 0.6393971 0.0567194
1578862391.015037 -2.6981621 -1.7282982 1.0714456 -0.1251985 0.7537958 0.6417748 0.0651325
1578862391.113968 -2.6934109 -1.6863276 1.0328958 -0.1116025 0.7557358 0.6403731 0.0795657
1578862391.212900 -2.6901731 -1.6468371 0.9993560 -0.0983061 0.7574131 0.6380167 0.0979589
1578862391.311831 -2.6887727 -1.5987413 0.9654803 -0.1051015 0.7537485 0.6376743 0.1191145
1578862391.410763 -2.6815825 -1.5558946 0.9318357 -0.1152273 0.7482955 0.6380067 0.1404418
1578862391.575027 -2.6678796 -1.4848588 0.8863122 -0.1058420 0.7382388 0.6415484 0.1794901
1578862391.772890 -2.6452088 -1.4069669 0.8420641 -0.1156829 0.7218681 0.6410592 0.2335957
1578862391.970752 -2.6152282 -1.3351426 0.8089509 -0.1119049 0.7041988 0.6390473 0.2884439
1578862392.135016 -2.5930521 -1.2703905 0.7900803 -0.1217589 0.6812341 0.6372876 0.3390568
1578862392.431811 -2.5361848 -1.1624155 0.7558546 -0.1256117 0.6405342 0.6310580 0.4191701
1578862392.695011 -2.4712701 -1.0833523 0.7304368 -0.1166958 0.6129682 0.6189405 0.4770374
1578862393.057132 -2.3675640 -0.9707994 0.7063057 -0.0986953 0.5733867 0.6093040 0.5387352
1578862393.551789 -2.1935046 -0.8028185 0.7147834 -0.1113699 0.5187069 0.6047552 0.5939790
1578862394.012847 -1.9793034 -0.6698743 0.7349959 -0.0913180 0.4955267 0.5888832 0.6319264
1578862394.408573 -1.7885306 -0.5529944 0.7871291 -0.0951321 0.4628650 0.5934604 0.6515449
1578862394.869631 -1.5319179 -0.4417517 0.8539167 -0.0738366 0.4489615 0.5910143 0.6660961
1578862395.132826 -1.3796356 -0.3842066 0.9041469 -0.0692605 0.4450587 0.5877464 0.6720713
1578862395.429620 -1.2080241 -0.3235238 0.9681135 -0.0681027 0.4311746 0.5917821 0.6776758
1578862395.659215 -1.0632122 -0.2874710 1.0193937 -0.0535672 0.4383004 0.5802583 0.6843417
1578862395.956009 -0.8808191 -0.2417697 1.0922734 -0.0612323 0.4279964 0.5809959 0.6895749
1578862396.187472 -0.7362619 -0.2124298 1.1537256 -0.0555879 0.4232610 0.5832056 0.6911088
1578862396.417068 -0.5836924 -0.1933563 1.2027560 -0.0398518 0.4356689 0.5703222 0.6952245
1578862396.680263 -0.4109542 -0.1702654 1.2593976 -0.0360739 0.4336464 0.5685558 0.6981359
1578862396.911725 -0.2612447 -0.1482086 1.3175585 -0.0291765 0.4351572 0.5654075 0.7000723
1578862397.141321 -0.1056215 -0.1329221 1.3622259 -0.0226101 0.4412650 0.5613109 0.6997885
1578862397.372783 0.0503199 -0.1128843 1.4064322 -0.0128967 0.4440090 0.5595102 0.6997414
1578862397.635978 0.2305287 -0.0877685 1.4512939 -0.0059590 0.4520432 0.5516013 0.7009689
1578862397.833841 0.3633469 -0.0716611 1.4825459 -0.0061058 0.4478896 0.5552129 0.7007827
1578862397.932772 0.4293385 -0.0613543 1.4963958 -0.0019055 0.4540318 0.5490775 0.7016876
1578862398.097036 0.5422053 -0.0462887 1.5174146 0.0084438 0.4590264 0.5435684 0.7026784
1578862398.294899 0.6787457 -0.0354156 1.5294137 0.0129882 0.4661271 0.5361121 0.7036623
1578862398.492762 0.8161869 -0.0185614 1.5507426 0.0199766 0.4691227 0.5322521 0.7044378
1578862398.690624 0.9453191 0.0034853 1.5641499 0.0163350 0.4681428 0.5324422 0.7050396
1578862398.789556 1.0095087 0.0168759 1.5744536 0.0198647 0.4690566 0.5306107 0.7057220
1578862398.953820 1.1124800 0.0369456 1.5865493 0.0185557 0.4629955 0.5348783 0.7065381
1578862399.052751 1.1677505 0.0525056 1.5952753 0.0104233 0.4580317 0.5385420 0.7071569
1578862399.315946 1.3200752 0.0908411 1.6175895 0.0039667 0.4517942 0.5414159 0.7090382
1578862399.579141 1.4691420 0.1246331 1.6215870 0.0068753 0.4559006 0.5361393 0.7103956
1578862399.711672 1.5442616 0.1362163 1.6180062 0.0195447 0.4599759 0.5321974 0.7104971
1578862399.974867 1.6860650 0.1613967 1.6024171 0.0334358 0.4721623 0.5181163 0.7123907
1578862400.271661 1.8316725 0.1928182 1.5891031 0.0410965 0.4649559 0.5229911 0.7131671
1578862400.534856 1.9574065 0.2287472 1.5820587 0.0583504 0.4512287 0.5386971 0.7090792
1578862400.831650 2.0761209 0.2622839 1.5724763 0.0894505 0.4027530 0.5722033 0.7087821
1578862401.128445 2.1823101 0.2836807 1.5684111 0.1163040 0.3493538 0.5778335 0.7283775
1578862401.358041 2.2375076 0.2942121 1.5861506 0.1253081 0.2986728 0.5672334 0.7571913
1578862401.688434 2.2849748 0.3017265 1.6243175 0.1301083 0.2322557 0.5148608 0.8148910
1578862401.951630 2.3076439 0.3008069 1.6578399 0.1218349 0.1728019 0.4681061 0.8580050
1578862402.214824 2.3179686 0.2934740 1.6884437 0.1249447 0.1080648 0.4190427 0.8928125
1578862402.478019 2.3183057 0.2858282 1.7282380 0.1248407 0.0626071 0.3604631 0.9222589
1578862402.873745 2.3166935 0.2542197 1.7951305 0.1187848 0.0081953 0.2954836 0.9478990
1578862403.269471 2.3101454 0.1982004 1.8823842 0.1108310 -0.0281146 0.2436054 0.9631109
1578862403.631597 2.2958536 0.1304084 1.9823805 0.0959667 -0.0512856 0.1989863 0.9739428
1578862403.894792 2.2895985 0.0661883 2.0586951 0.0896340 -0.0661697 0.1821001 0.9769477
1578862404.256919 2.2854023 -0.0291125 2.1861727 0.0816748 -0.0803663 0.1724717 0.9783272
1578862404.652644 2.2962334 -0.1487323 2.3383386 0.0741179 -0.0853775 0.1726805 0.9784675
1578862405.048370 2.3316534 -0.2708748 2.5041082 0.0662843 -0.0768523 0.1735057 0.9795896
1578862405.444096 2.3897567 -0.3867641 2.6839015 0.0568567 -0.0612240 0.1797951 0.9801493
1578862405.837955 2.4714036 -0.4955219 2.8697331 0.0411494 -0.0390002 0.1865776 0.9808030
1578862406.069417 2.5287397 -0.5530498 2.9845378 0.0337633 -0.0222177 0.1897536 0.9809995
1578862406.397945 2.6261985 -0.6262003 3.1483040 0.0135998 -0.0000966 0.2012453 0.9794465
1578862406.793671 2.7637253 -0.7038124 3.3481107 0.0005383 0.0228915 0.2241953 0.9742752
1578862406.991533 2.8369746 -0.7428173 3.4419935 -0.0036773 0.0319664 0.2395658 0.9703468
1578862407.254728 2.9348598 -0.7855844 3.5634661 -0.0049362 0.0533926 0.2463908 0.9676861
1578862407.551523 3.0491221 -0.8325522 3.6843858 -0.0057820 0.0707117 0.2621265 0.9624221
1578862407.880050 3.1759615 -0.8799556 3.8111796 -0.0084325 0.0871188 0.2826397 0.9552246
1578862408.176844 3.2879288 -0.9164964 3.9194050 -0.0090077 0.1019985 0.3036081 0.9472789
1578862408.572570 3.4359529 -0.9605534 4.0465522 -0.0106476 0.1253994 0.3292035 0.9358348
1578862409.033628 3.5989840 -1.0038242 4.1759071 -0.0094025 0.1555756 0.3601613 0.9197780
1578862409.528285 3.7616789 -1.0383629 4.2896404 -0.0083786 0.1904665 0.3950807 0.8986454
1578862410.054675 3.9187405 -1.0531447 4.3772178 0.0075127 0.2250018 0.4393984 0.8696246
1578862410.614665 4.0607848 -1.0501108 4.4281421 0.0388797 0.2584262 0.4841819 0.8350282
1578862411.273585 4.1918383 -1.0282247 4.4477277 0.0800922 0.2998102 0.5218800 0.7945693
1578862411.867174 4.2842617 -0.9989903 4.4548311 0.1193121 0.3323840 0.5449392 0.7604780
1578862412.328232 4.3474360 -0.9846921 4.4591312 0.1530367 0.3503799 0.5589439 0.7357957
1578862412.789290 4.4128895 -0.9745581 4.4728813 0.1876640 0.3648429 0.5663063 0.7148210
1578862413.151416 4.4659147 -0.9747179 4.4872732 0.2135396 0.3749172 0.5658373 0.7026139
1578862413.612473 4.5379448 -0.9855649 4.5106020 0.2439410 0.3866596 0.5576175 0.6928564
1578862413.810337 4.5667195 -0.9932177 4.5214090 0.2562208 0.3916342 0.5513392 0.6906509
1578862413.974600 4.5911593 -0.9973592 4.5331464 0.2660054 0.3957955 0.5445956 0.6899295
1578862414.073531 4.6090422 -1.0019463 4.5392509 0.2713408 0.3981573 0.5405163 0.6897008
1578862414.237795 4.6335573 -1.0036488 4.5532312 0.2805819 0.4023283 0.5326932 0.6896693
1578862414.435658 4.6639004 -1.0159235 4.5609980 0.2895856 0.4068627 0.5229881 0.6907144
1578862414.534590 4.6751127 -1.0168751 4.5712166 0.2942266 0.4095157 0.5167628 0.6918698
1578862414.831384 4.7168446 -1.0284692 4.5869308 0.3059115 0.4163696 0.4991841 0.6956074
1578862415.094579 4.7411103 -1.0393746 4.6017518 0.3148039 0.4229132 0.4816657 0.7000294
1578862415.391373 4.7797585 -1.0345368 4.6222477 0.3232996 0.4295805 0.4600806 0.7065861
1578862415.654568 4.8014197 -1.0297003 4.6388102 0.3290414 0.4359677 0.4386310 0.7136293
1578862415.852431 4.8041511 -1.0294881 4.6406918 0.3326796 0.4408188 0.4224094 0.7187303
1578862416.115626 4.8124013 -1.0277168 4.6461673 0.3355347 0.4472898 0.3996950 0.7263554
1578862416.313489 4.8125992 -1.0280862 4.6461725 0.3368306 0.4522896 0.3820817 0.7321154
1578862416.511352 4.8126001 -1.0278774 4.6462479 0.3373868 0.4568741 0.3642904 0.7380575
1578862416.972409 4.8136749 -1.0276496 4.6466532 0.3337879 0.4682562 0.3212494 0.7524099
1578862417.202005 4.8120909 -1.0280823 4.6455321 0.3304325 0.4741722 0.3005325 0.7587196
1578862417.532399 4.8037701 -1.0296515 4.6398773 0.3231759 0.4811632 0.2709905 0.7685074
1578862417.829193 4.7750244 -1.0309751 4.6162539 0.3142911 0.4864080 0.2458852 0.7772830
1578862418.389183 4.7228136 -1.0340055 4.5731611 0.2886328 0.4933504 0.2109867 0.7929572
1578862418.652377 4.7303991 -1.0346788 4.5763655 0.2574137 0.4769077 0.2365845 0.8064273
1578862419.014504 4.6840115 -1.0213016 4.5396228 0.1938804 0.4379213 0.3126447 0.8202979
1578862419.079836 4.6874766 -1.0219074 4.5426478 0.1801509 0.4271213 0.3273931 0.8233631
1578862419.113436 4.6887851 -1.0196633 4.5419550 0.1731679 0.4213640 0.3348401 0.8248318
1578862419.147035 4.6892271 -1.0198609 4.5418363 0.1662275 0.4156587 0.3425199 0.8260003
1578862419.212367 4.6955657 -1.0097088 4.5499229 0.1534121 0.4051980 0.3547882 0.8284954
1578862419.311298 4.7010922 -0.9977469 4.5558281 0.1350347 0.3921991 0.3713800 0.8306759
1578862419.376631 4.7082391 -0.9868772 4.5605478 0.1235795 0.3845751 0.3810380 0.8316491
1578862419.410230 4.7117295 -0.9813614 4.5647840 0.1179245 0.3813367 0.3853662 0.8319670
1578862419.475562 4.7180529 -0.9752727 4.5691891 0.1065845 0.3754579 0.3934655 0.8323798
1578862419.608093 4.7288051 -0.9567504 4.5774326 0.0858771 0.3652329 0.4068542 0.8328865
1578862419.871288 4.7578111 -0.9176724 4.5960946 0.0501516 0.3505183 0.4244799 0.8333298
1578862420.233414 4.8045406 -0.8695548 4.6257663 0.0105930 0.3366554 0.4309441 0.8371608
1578862420.793403 4.8857760 -0.8154564 4.6738739 -0.0152854 0.3198601 0.4187940 0.8497456
1578862421.189129 4.9615707 -0.7797256 4.7102251 -0.0269406 0.3263755 0.4098032 0.8513604
1578862421.418725 5.0164604 -0.7659252 4.7297091 -0.0230548 0.3337499 0.4160036 0.8455889
1578862421.715519 5.0765052 -0.7547960 4.7448397 -0.0109284 0.3313480 0.4325859 0.8384262
1578862422.275508 5.1347723 -0.7354622 4.7558074 -0.0221013 0.3077258 0.4426779 0.8419339
1578862422.999762 5.2077460 -0.7056081 4.7760992 -0.0513917 0.2819303 0.4181801 0.8619742
1578862423.494419 5.2743068 -0.7072921 4.7967997 -0.0311441 0.2536404 0.4333559 0.8642334
1578862423.955477 5.3283639 -0.7156899 4.8049774 0.0101004 0.2307508 0.4432612 0.8661245
1578862424.614398 5.3786955 -0.7316661 4.7958927 0.0663543 0.2046186 0.4476404 0.8679554
1578862425.174387 5.3942456 -0.7349250 4.7584610 0.1171129 0.2032675 0.4479545 0.8627303
1578862425.833308 5.4429536 -0.6697385 4.7090116 0.1591850 0.2426954 0.4795458 0.8281273
1578862426.130102 5.4821162 -0.5915751 4.6929851 0.1349640 0.2858644 0.4994492 0.8066083
1578862426.359704 5.5096955 -0.5246334 4.6760688 0.1098601 0.3111381 0.5105961 0.7939870
1578862426.426896 5.5148473 -0.5050480 4.6688490 0.1023278 0.3180248 0.5134487 0.7904174
1578862426.525828 5.5214944 -0.4763072 4.6574020 0.0904564 0.3282833 0.5167978 0.7854729
1578862426.591160 5.5255704 -0.4580073 4.6505260 0.0818244 0.3355844 0.5187629 0.7820312
1578862426.656492 5.5294394 -0.4382823 4.6429558 0.0730165 0.3430569 0.5209985 0.7781652
1578862426.690092 5.5315137 -0.4258726 4.6370707 0.0691226 0.3465082 0.5226188 0.7759019
1578862426.755424 5.5345373 -0.4066975 4.6249199 0.0611317 0.3536485 0.5263856 0.7707878
1578862426.854355 5.5371523 -0.3706567 4.6085615 0.0519275 0.3646247 0.5327197 0.7619462
1578862426.919688 5.5390639 -0.3520875 4.5935593 0.0458297 0.3717010 0.5375623 0.7554898
1578862427.052218 5.5412188 -0.3111186 4.5691319 0.0360419 0.3867470 0.5476688 0.7410713
1578862427.151149 5.5417876 -0.2808232 4.5488634 0.0301464 0.3966911 0.5549540 0.7305843
1578862427.216482 5.5425959 -0.2619386 4.5369301 0.0268621 0.4025612 0.5587718 0.7245668
1578862427.315419 5.5431957 -0.2355256 4.5164347 0.0223392 0.4107294 0.5633984 0.7165086
1578862427.380745 5.5435162 -0.2168431 4.5069413 0.0196110 0.4164030 0.5659209 0.7113068
1578862427.513276 5.5452061 -0.1838107 4.4845362 0.0128870 0.4268496 0.5705728 0.7014841
1578862427.612208 5.5460753 -0.1573796 4.4695473 0.0074711 0.4350486 0.5724075 0.6950011
1578862427.711139 5.5461597 -0.1338882 4.4535599 -0.0013783 0.4447942 0.5733650 0.6880471
1578862427.776471 5.5452700 -0.1177869 4.4435248 -0.0092021 0.4521996 0.5736098 0.6829368
1578862427.875403 5.5414753 -0.0920744 4.4266901 -0.0222698 0.4637726 0.5736866 0.6747613
1578862427.909002 5.5403795 -0.0840468 4.4204183 -0.0271968 0.4674987 0.5737980 0.6719086
1578862428.007934 5.5342498 -0.0635500 4.4019470 -0.0411481 0.4782290 0.5738281 0.6635700
1578862428.172197 5.5212741 -0.0291595 4.3744335 -0.0627233 0.4926075 0.5729876 0.6519884
1578862428.271134 5.5127044 -0.0119705 4.3553944 -0.0732132 0.4974522 0.5730425 0.6471503
1578862428.370060 5.5068598 0.0037260 4.3374434 -0.0798763 0.5007675 0.5744893 0.6425058
1578862428.468991 5.5021434 0.0184479 4.3179636 -0.0824386 0.5042319 0.5774956 0.6367518
1578862428.633255 5.4973421 0.0417538 4.2825880 -0.0817244 0.5117574 0.5844628 0.6243627
1578862428.797521 5.4960656 0.0672164 4.2452755 -0.0783339 0.5234175 0.5919982 0.6078125
1578862429.028981 5.4938674 0.1016393 4.1910820 -0.0784634 0.5426543 0.5996970 0.5828665
1578862429.292176 5.4965124 0.1435795 4.1346054 -0.0870906 0.5536079 0.6081233 0.5622451
1578862429.588970 5.4982057 0.1888227 4.0752311 -0.1054987 0.5527405 0.6250757 0.5409513
1578862430.050028 5.4847193 0.2611127 3.9920945 -0.1294206 0.5392987 0.6619035 0.5042727
1578862430.511086 5.4877276 0.3480339 3.9082229 -0.1471373 0.5381050 0.6907115 0.4601211
1578862430.972144 5.4987669 0.4305558 3.8245661 -0.1515417 0.5575104 0.7014837 0.4172984
1578862431.367870 5.5036755 0.4875569 3.7594943 -0.1541400 0.5785069 0.7016943 0.3862586
1578862431.597466 5.5067296 0.5162411 3.7272129 -0.1596302 0.5882845 0.7015446 0.3691542
1578862431.927860 5.5124221 0.5489359 3.6859441 -0.1663761 0.6040539 0.6976852 0.3473805
1578862432.157455 5.5180631 0.5665228 3.6619558 -0.1703418 0.6139372 0.6947262 0.3337969
1578862432.388917 5.5270720 0.5775111 3.6422739 -0.1725146 0.6216362 0.6911317 0.3257977
1578862432.652112 5.5411801 0.5850034 3.6214190 -0.1729504 0.6273687 0.6887024 0.3196649
1578862433.014239 5.5664721 0.5922132 3.5957394 -0.1687583 0.6346787 0.6851035 0.3151774
1578862433.409965 5.6013761 0.6033745 3.5660944 -0.1646674 0.6410683 0.6820936 0.3109090
1578862433.772091 5.6342940 0.6124787 3.5343995 -0.1643905 0.6444153 0.6794717 0.3098756
1578862434.199550 5.6700912 0.6245627 3.4911382 -0.1622476 0.6493135 0.6759835 0.3084057
1578862434.496344 5.6910987 0.6327076 3.4574895 -0.1610516 0.6515765 0.6744927 0.3075226
1578862434.892070 5.7160540 0.6446140 3.4104064 -0.1642320 0.6522837 0.6722787 0.3091847
1578862435.616329 5.7454453 0.6612418 3.3301725 -0.1609672 0.6588342 0.6654310 0.3118151
1578862436.407775 5.7726135 0.6713557 3.2772167 -0.1553553 0.6592525 0.6605336 0.3239541
1578862437.494154 5.8293600 0.6672673 3.2483687 -0.1212783 0.6723742 0.6474817 0.3375971
1578862439.273054 5.8392000 0.6687138 3.1883395 -0.1164187 0.6680082 0.6323551 0.3746182
1578862440.294101 5.7652645 0.6985083 3.1433458 -0.1259131 0.6715878 0.6267954 0.3744907
1578862442.171932 5.7669740 0.8342152 3.1354964 -0.1848800 0.6743285 0.6118395 0.3698011
1578862444.049764 5.8684182 0.9583106 3.1295383 -0.1489341 0.6526879 0.6245134 0.4022439
1578862445.169743 5.8937426 1.0957346 3.0657990 -0.1765092 0.6600494 0.6121303 0.3980901
1578862447.508632 5.9451170 1.2766871 3.0875027 -0.1815788 0.6614980 0.6095582 0.3973518
1578862449.616059 5.9016781 1.3977852 3.0237122 -0.1935151 0.6557196 0.6360516 0.3578017
1578862450.472842 5.8179502 1.4443228 2.9381859 -0.1779517 0.6568377 0.6433870 0.3506434
1578862451.032832 5.7687550 1.4783428 2.8765996 -0.1788541 0.6623311 0.6230567 0.3756716
1578862451.691756 5.7219200 1.5255775 2.8138921 -0.1987623 0.6616347 0.5959347 0.4093834
1578862453.470652 5.6682148 1.5714097 2.7464027 -0.1520181 0.6458942 0.6058423 0.4389376
1578862455.348483 5.8814812 1.6588078 2.8262663 -0.1343279 0.6260489 0.6288309 0.4411241
1578862456.072739 5.9821677 1.7054667 2.8402004 -0.1358432 0.6275959 0.6347708 0.4298094
1578862456.632725 6.0526886 1.7476826 2.8381348 -0.1590303 0.6447725 0.6223503 0.4143163
1578862457.390577 6.1341534 1.7893710 2.8236818 -0.1710391 0.6570777 0.6146748 0.4014590
1578862458.083097 6.1948681 1.8120623 2.8204327 -0.1665028 0.6613192 0.6114511 0.4013245
1578862459.169477 6.2449856 1.8110490 2.7971435 -0.1287280 0.6748592 0.6072916 0.3989875
1578862460.354787 6.2477903 1.8152666 2.7258058 -0.1482072 0.6696786 0.5925929 0.4223729
1578862461.211571 6.2093644 1.8465505 2.6387248 -0.1564871 0.6648192 0.6004488 0.4159188
1578862461.771560 6.1737180 1.8808727 2.5723100 -0.1721794 0.6711258 0.5910093 0.4131010
1578862462.331549 6.1569233 1.9191337 2.4974170 -0.1690312 0.6895246 0.5675593 0.4169661
1578862462.628344 6.1810417 1.9578660 2.4501791 -0.1524043 0.6940598 0.5634879 0.4213494
1578862462.891538 6.2201567 2.0018868 2.3967586 -0.1362219 0.7057368 0.5507571 0.4243181
1578862463.089401 6.2637897 2.0267959 2.3509903 -0.1231201 0.7155184 0.5409561 0.4245487
1578862463.253665 6.3022275 2.0613754 2.3170614 -0.1119016 0.7212533 0.5355818 0.4247634
1578862463.485127 6.3635817 2.1095684 2.2693367 -0.1007613 0.7179137 0.5455922 0.4204476
1578862463.714722 6.4292469 2.1762390 2.2333131 -0.0967525 0.7065978 0.5631547 0.4173912
1578862463.946185 6.4997654 2.2443030 2.2017274 -0.1022479 0.6916485 0.5835870 0.4130301
1578862464.274712 6.6098232 2.3470545 2.1633983 -0.1072359 0.6720448 0.6070734 0.4102660
1578862464.506174 6.6934958 2.4260192 2.1388206 -0.1063983 0.6631761 0.6178865 0.4087703
1578862464.670438 6.7551584 2.4778137 2.1142569 -0.1099500 0.6588800 0.6237775 0.4058200
1578862464.933633 6.8513432 2.5750175 2.0907431 -0.1155336 0.6471128 0.6376459 0.4016277
1578862465.131495 6.9274464 2.6436071 2.0671167 -0.1238346 0.6453773 0.6385202 0.4005558
1578862465.394690 7.0352411 2.7342653 2.0298600 -0.1217182 0.6473190 0.6363012 0.4016011
1578862465.592553 7.1148229 2.8062968 2.0043631 -0.1244456 0.6488282 0.6338894 0.4021437
1578862465.790416 7.1923256 2.8818455 1.9809875 -0.1252213 0.6404881 0.6440166 0.3991708
1578862465.922947 7.2460065 2.9304123 1.9605508 -0.1282870 0.6437758 0.6398884 0.3995472
1578862466.053611 7.3002906 2.9782438 1.9408607 -0.1233369 0.6496854 0.6337996 0.4012417
1578862466.152543 7.3404050 3.0149736 1.9267149 -0.1229725 0.6458597 0.6379390 0.4009700
1578862466.251474 7.3806987 3.0557604 1.9153461 -0.1272694 0.6424142 0.6406907 0.4007768
1578862466.384005 7.4352698 3.1097760 1.8967466 -0.1298497 0.6463500 0.6349944 0.4026821
1578862466.548268 7.5031705 3.1728330 1.8674502 -0.1242218 0.6445900 0.6386041 0.4015688
1578862466.777864 7.6024523 3.2599654 1.8166566 -0.1199943 0.6570537 0.6262825 0.4020597
1578862467.108257 7.7359304 3.3901353 1.7551928 -0.1223349 0.6563111 0.6287194 0.3987505
1578862467.470384 7.8586726 3.5478559 1.6979094 -0.1239612 0.6379947 0.6497101 0.3943008
1578862467.798911 7.9768410 3.6730199 1.6175146 -0.1120904 0.6553670 0.6339180 0.3950669
1578862468.095705 8.0772791 3.7725077 1.5296297 -0.0953652 0.6825869 0.6056799 0.3976588
1578862468.491430 8.1965599 3.9117336 1.4267130 -0.0907030 0.6849307 0.6037826 0.3976045
1578862468.819958 8.2925348 4.0201616 1.3401413 -0.0860117 0.6891156 0.5977232 0.4005605
1578862469.348214 8.4412403 4.1935363 1.2133932 -0.0823105 0.6795954 0.6088108 0.4009046
1578862469.841005 8.5825100 4.3584881 1.1143007 -0.0850419 0.6710491 0.6205204 0.3967562
1578862470.369261 8.7559509 4.5323834 1.0162802 -0.0889639 0.6775233 0.6114064 0.3990360
1578862470.731387 8.8929329 4.6444187 0.9476070 -0.0851422 0.6833216 0.6035588 0.4019194
1578862471.028182 9.0159740 4.7328691 0.8878098 -0.0785520 0.6930746 0.5933677 0.4017361
1578862471.291377 9.1269302 4.8193250 0.8409643 -0.0793212 0.6944097 0.5920651 0.4012010
1578862471.653503 9.2804546 4.9444995 0.7754440 -0.0843524 0.6858984 0.6012085 0.4012186
1578862472.015629 9.4333248 5.0708823 0.7029533 -0.0866962 0.6815389 0.6064256 0.4002954
1578862472.312424 9.5532560 5.1750154 0.6433010 -0.0952536 0.6755528 0.6035061 0.4127172
1578862472.609218 9.6762142 5.2628188 0.5838137 -0.0899921 0.6702858 0.5828572 0.4504396
1578862472.906012 9.7954216 5.3291759 0.5252562 -0.0526609 0.6579322 0.5602332 0.5004906
1578862473.234539 9.9147139 5.3772287 0.4682894 -0.0114859 0.6290596 0.5313483 0.5672928
1578862473.630265 10.0350323 5.4307289 0.4406347 -0.0021918 0.5694098 0.4951015 0.6562333
1578862473.927059 10.1092052 5.4446821 0.4238105 0.0213257 0.5244783 0.4558079 0.7188233
1578862474.289185 10.1738405 5.4309635 0.4118176 0.1178740 0.4154199 0.4654627 0.7725778
1578862474.552380 10.1931286 5.3987727 0.4070247 0.1963521 0.2835427 0.4844680 0.8039529
1578862474.651312 10.1942787 5.3874202 0.4108290 0.2136932 0.2324270 0.4858227 0.8150394
1578862474.849174 10.1851406 5.3631454 0.4176711 0.2524450 0.1080431 0.4984962 0.8222529
1578862474.914507 10.1855183 5.3573742 0.4228802 0.2542701 0.0840931 0.4910308 0.8289534
1578862475.112370 10.1701088 5.3330402 0.4283031 0.2547935 0.0220797 0.4529252 0.8540794
1578862475.211301 10.1610556 5.3180432 0.4417193 0.2628954 -0.0037161 0.4272352 0.8650678
1578862475.310233 10.1574106 5.3072238 0.4530694 0.2710640 -0.0151329 0.3976702 0.8764438
1578862475.409164 10.1523190 5.2928591 0.4530194 0.2763674 -0.0380602 0.3746408 0.8842040
1578862475.573427 10.1311932 5.2602606 0.4748483 0.2927146 -0.0897927 0.3405357 0.8889831
1578862475.638759 10.1237307 5.2488971 0.4858212 0.3000951 -0.1064751 0.3254001 0.8903487
1578862475.672359 10.1222515 5.2461901 0.4891360 0.3034932 -0.1148654 0.3167319 0.8912793
1578862475.705958 10.1175241 5.2403059 0.4940069 0.3069300 -0.1226989 0.3077087 0.8922188
1578862475.771291 10.1119938 5.2321162 0.5092223 0.3131525 -0.1385984 0.2897020 0.8937554
1578862475.870222 10.1019135 5.2204428 0.5282335 0.3204883 -0.1581492 0.2595115 0.8971788
1578862475.935554 10.0940647 5.2111111 0.5423775 0.3275550 -0.1712687 0.2427389 0.8969129
1578862475.969153 10.0881653 5.2035851 0.5508432 0.3307689 -0.1777987 0.2349699 0.8965315
1578862476.034486 10.0853958 5.2005000 0.5636835 0.3353702 -0.1920731 0.2194173 0.8958185
1578862476.133417 10.0818663 5.1938071 0.5785065 0.3317757 -0.2149861 0.1975296 0.8970440
1578862476.167016 10.0794888 5.1896381 0.5845783 0.3296482 -0.2219742 0.1902779 0.8976936
1578862476.232348 10.0747156 5.1819887 0.5932517 0.3266577 -0.2336393 0.1742144 0.8990867
1578862476.265947 10.0729609 5.1787591 0.5978687 0.3266443 -0.2377076 0.1662741 0.8995285
1578862476.331280 10.0683031 5.1719747 0.6132429 0.3316176 -0.2441861 0.1506823 0.8987200
1578862476.430211 10.0640926 5.1655083 0.6287282 0.3377447 -0.2576405 0.1308405 0.8957849
1578862476.495543 10.0536709 5.1577864 0.6392250 0.3343274 -0.2682723 0.1173523 0.8958145
1578862476.594475 10.0456295 5.1511312 0.6500466 0.3302401 -0.2859181 0.1024762 0.8936951
1578862476.659807 10.0357819 5.1442733 0.6576276 0.3325847 -0.2923061 0.0895351 0.8921480
1578862476.727005 10.0274887 5.1316047 0.6631017 0.3339387 -0.2954490 0.0763736 0.8918306
1578862476.792337 10.0142317 5.1195636 0.6715288 0.3324375 -0.3019047 0.0647845 0.8911464
1578862476.825937 10.0107698 5.1160765 0.6775126 0.3304985 -0.3062304 0.0586503 0.8908164
1578862476.891269 10.0009584 5.1076860 0.6889927 0.3212432 -0.3154445 0.0478515 0.8916321
1578862476.956601 9.9902687 5.0991940 0.6983626 0.3106223 -0.3242165 0.0394808 0.8926582
1578862477.122731 9.9546728 5.0734324 0.7147899 0.3023973 -0.3260635 0.0070746 0.8956497
1578862477.286994 9.9206152 5.0434880 0.7307141 0.2949450 -0.3392456 -0.0121841 0.8931805
1578862477.615521 9.8596487 4.9849424 0.7655098 0.2776679 -0.3536052 -0.0490459 0.8918847
1578862477.748052 9.8291397 4.9621763 0.7827091 0.2584194 -0.3642766 -0.0603755 0.8926796
1578862478.076579 9.7588711 4.9112787 0.8171470 0.2391199 -0.3767199 -0.0932460 0.8900613
1578862478.373374 9.6914997 4.8642364 0.8523037 0.2156282 -0.3843499 -0.1214284 0.8894014
1578862478.769099 9.5956593 4.8110094 0.9117255 0.1750519 -0.3927437 -0.1485275 0.8905329
1578862479.230157 9.4770937 4.7475462 0.9918921 0.1389758 -0.4042081 -0.1699807 0.8879235
1578862479.855479 9.3127604 4.6590128 1.1275983 0.0859782 -0.4085730 -0.1991886 0.8865663
1578862480.415468 9.1567469 4.5729318 1.2775944 0.0548667 -0.4012164 -0.2215138 0.8871002
1578862480.910125 9.0124855 4.4866848 1.4180429 0.0312552 -0.4011400 -0.2308042 0.8859115
1578862481.371183 8.8707867 4.3695722 1.5312872 0.0468676 -0.4151451 -0.2134335 0.8831218
1578862481.733309 8.7546673 4.2631974 1.6086591 0.0713542 -0.4262833 -0.1939238 0.8806729
1578862482.063703 8.6489201 4.1525092 1.6625119 0.1039876 -0.4365113 -0.1699525 0.8773600
1578862482.457562 8.5143051 4.0203614 1.7166196 0.1318815 -0.4466691 -0.1516786 0.8718301
1578862482.754356 8.4161081 3.9107881 1.7393796 0.1615217 -0.4526576 -0.1356035 0.8663853
1578862483.051150 8.3189669 3.8032508 1.7567118 0.1772964 -0.4582963 -0.1233592 0.8621560
1578862483.249013 8.2438507 3.7392387 1.7732702 0.1814436 -0.4600547 -0.1210765 0.8606791
1578862483.478609 8.1570244 3.6637433 1.7863355 0.1740950 -0.4612280 -0.1235436 0.8612181
1578862483.710071 8.0623064 3.5909352 1.7995154 0.1732094 -0.4646603 -0.1228351 0.8596516
1578862483.874335 7.9959068 3.5433376 1.8085589 0.1586325 -0.4632816 -0.1289147 0.8623148
1578862484.006866 7.9382830 3.5032489 1.8147652 0.1654343 -0.4611305 -0.1305608 0.8619420
1578862484.105797 7.8981075 3.4717779 1.8164138 0.1687742 -0.4603608 -0.1290114 0.8619393
1578862484.270061 7.8290968 3.4199123 1.8187228 0.1585902 -0.4635175 -0.1163484 0.8639813
1578862484.467923 7.7457609 3.3629031 1.8328147 0.1567027 -0.4401113 -0.1125759 0.8769681
1578862484.632187 7.6810017 3.3124180 1.8408809 0.1471083 -0.4310580 -0.0882047 0.8858714
1578862484.731118 7.6443176 3.2807703 1.8471441 0.1530953 -0.4125385 -0.0813942 0.8942868
1578862484.830050 7.6082621 3.2508991 1.8553027 0.1616741 -0.3927262 -0.0718645 0.9024761
1578862484.895382 7.5873814 3.2280209 1.8581953 0.1647560 -0.3829287 -0.0604829 0.9069526
1578862485.027913 7.5498757 3.1805162 1.8614939 0.1726580 -0.3595854 -0.0348073 0.9163384
1578862485.093245 7.5327744 3.1583946 1.8658537 0.1794795 -0.3377732 -0.0298798 0.9234737
1578862485.126844 7.5246162 3.1472301 1.8691493 0.1833911 -0.3238720 -0.0280996 0.9277311
1578862485.192176 7.5118599 3.1284142 1.8777711 0.1884090 -0.3008524 -0.0225831 0.9346015
1578862485.291107 7.4891329 3.0991035 1.8863349 0.1849217 -0.2864246 0.0026976 0.9400839
1578862485.356446 7.4762616 3.0802491 1.8920522 0.1784605 -0.2803800 0.0247680 0.9428284
1578862485.423638 7.4633703 3.0647073 1.8977249 0.1729667 -0.2668819 0.0377169 0.9473299
1578862485.587902 7.4344788 3.0264766 1.9171593 0.1647204 -0.2226666 0.0629781 0.9588121
1578862485.752165 7.4150853 2.9926505 1.9344482 0.1525057 -0.1920196 0.1037004 0.9639070
1578862486.048959 7.3861217 2.9392233 1.9802899 0.1326807 -0.1257797 0.1571797 0.9704998
1578862486.411086 7.3818202 2.8807445 2.0279427 0.1137968 -0.0702509 0.2430493 0.9607508
1578862486.773212 7.4039116 2.8497941 2.0867693 0.0828177 -0.0214620 0.3604011 0.9288658
1578862487.234270 7.4846783 2.8317201 2.1548078 0.0639510 0.0780902 0.4932771 0.8639964
1578862487.695328 7.5878553 2.8534164 2.2278783 0.0171649 0.1645511 0.6016009 0.7814760
1578862488.156385 7.7139158 2.9096508 2.2994339 -0.0304304 0.2676777 0.6710641 0.6907210
1578862488.716375 7.8822680 3.0143824 2.3776493 -0.0712787 0.3581840 0.7065868 0.6061012
1578862489.276365 8.0761223 3.1514158 2.4638715 -0.1031658 0.4070552 0.7333659 0.5346375
1578862489.672090 8.2319536 3.2717047 2.5149188 -0.1176895 0.4355908 0.7382575 0.5013838
1578862489.968884 8.3653240 3.3637109 2.5306492 -0.1145860 0.4753831 0.7240269 0.4864833
1578862490.232079 8.4902945 3.4437780 2.5328803 -0.1036033 0.5117559 0.7081851 0.4752326
1578862490.429942 8.5863934 3.5043545 2.5221310 -0.0936641 0.5482215 0.6860713 0.4690273
1578862490.693137 8.7122192 3.5735316 2.5004673 -0.0848193 0.5817068 0.6642528 0.4617262
1578862491.055264 8.8796616 3.6771202 2.4708176 -0.0780853 0.6090057 0.6440334 0.4563285
1578862491.286726 8.9867001 3.7392302 2.4487591 -0.0680735 0.6282079 0.6288121 0.4531183
1578862491.615253 9.1362095 3.8219333 2.4074306 -0.0651707 0.6396118 0.6231545 0.4453403
1578862491.846715 9.2358437 3.8779187 2.3720207 -0.0597028 0.6469253 0.6189696 0.4413615
1578862492.076310 9.3320236 3.9322782 2.3351364 -0.0529047 0.6659955 0.5997504 0.4403982
1578862492.242440 9.3975840 3.9658442 2.3050222 -0.0502498 0.6705334 0.5955361 0.4395416
1578862492.472036 9.4838324 4.0169067 2.2667522 -0.0450965 0.6817103 0.5841331 0.4382076
1578862492.570967 9.5214481 4.0339417 2.2447548 -0.0388111 0.6866334 0.5794635 0.4373219
1578862492.735231 9.5791225 4.0617185 2.2077684 -0.0376684 0.6984983 0.5668243 0.4351913
1578862492.867762 9.6242256 4.0850639 2.1800709 -0.0288593 0.7079921 0.5560920 0.4343684
1578862493.032025 9.6786146 4.1078730 2.1404352 -0.0237722 0.7145982 0.5486742 0.4332907
1578862493.130963 9.7099123 4.1202545 2.1141796 -0.0212958 0.7243811 0.5364255 0.4325116
1578862493.263487 9.7508621 4.1363754 2.0808830 -0.0105780 0.7352472 0.5216528 0.4326407
1578862493.427751 9.7990627 4.1595335 2.0410967 -0.0087958 0.7350316 0.5214521 0.4332885
1578862493.657346 9.8631620 4.2045527 1.9922743 -0.0131162 0.7322792 0.5241999 0.4345223
1578862493.888809 9.9280233 4.2495432 1.9371710 -0.0153698 0.7245232 0.5345966 0.4347831
1578862494.118404 9.9929953 4.2995892 1.8846960 -0.0113733 0.7207335 0.5393683 0.4353110
1578862494.349867 10.0549774 4.3486733 1.8268833 -0.0153873 0.7150915 0.5475981 0.4342161
1578862494.613062 10.1270399 4.4076629 1.7606192 -0.0122448 0.7097052 0.5557794 0.4327562
1578862494.909856 10.2127609 4.4600782 1.6606159 0.0010818 0.7324163 0.5282204 0.4295910
1578862495.074119 10.2567949 4.4890051 1.6031885 0.0010379 0.7390597 0.5211158 0.4268817
1578862495.370914 10.3406591 4.5610342 1.5152683 -0.0009091 0.7356480 0.5261897 0.4265507
1578862495.667708 10.4215174 4.6460376 1.4360628 -0.0143681 0.7252818 0.5384721 0.4287280
1578862496.227697 10.5778694 4.8222561 1.2984800 -0.0396384 0.6967973 0.5735977 0.4288216
1578862496.623423 10.7013969 4.9402122 1.2382488 -0.0515933 0.6637174 0.5762381 0.4740960
1578862496.951950 10.8161926 5.0088830 1.2098989 -0.0524091 0.6380751 0.5442387 0.5421419
1578862497.248744 10.9154034 5.0556741 1.2047195 -0.0429121 0.5952924 0.5213550 0.6098970
1578862497.577271 11.0313082 5.0790157 1.2111378 -0.0175925 0.5434771 0.4831450 0.6862172
1578862497.874066 11.1278610 5.0919390 1.2443337 -0.0236954 0.4813293 0.4504443 0.7515721
1578862498.335123 11.2693930 5.1335273 1.3486538 -0.1178513 0.4170607 0.3418092 0.8338693
1578862498.665517 11.3571243 5.1170473 1.4351056 -0.1356344 0.3776965 0.2075289 0.8921214
1578862498.895112 11.4054766 5.0825052 1.4948282 -0.1066544 0.3356686 0.1388021 0.9255731
1578862499.126575 11.4381123 5.0340929 1.5459024 -0.0709249 0.2908737 0.0685349 0.9516644
1578862499.356170 11.4469166 4.9905415 1.6008544 -0.0450709 0.2196394 0.0235029 0.9742560
1578862499.686564 11.4685402 4.9375730 1.6851285 -0.0367165 0.1293745 -0.0118876 0.9908445
1578862500.147622 11.4677019 4.8610435 1.7984018 -0.0150068 -0.0024115 -0.0745909 0.9970984
1578862500.543347 11.4373045 4.7760086 1.8851237 0.0193722 -0.1154551 -0.0940209 0.9886632
1578862500.937207 11.3952827 4.6844935 1.9629090 0.0514331 -0.2031140 -0.0981676 0.9728630
1578862501.267600 11.3497467 4.6072083 2.0242043 0.0752577 -0.2600899 -0.1034813 0.9570690
1578862501.728658 11.2630310 4.5268774 2.1360626 0.0494879 -0.3094304 -0.1292612 0.9407951
1578862502.090784 11.1834068 4.4284859 2.1990826 0.0900804 -0.3477012 -0.1232421 0.9250950
1578862502.452911 11.0888100 4.3339510 2.2589898 0.1070393 -0.3718885 -0.1253064 0.9135315
1578862502.815037 10.9844999 4.2341104 2.3137660 0.1204280 -0.3874587 -0.1314876 0.9044799
1578862503.145430 10.8857765 4.1352625 2.3536842 0.1372682 -0.4008749 -0.1330470 0.8959661
1578862503.442225 10.7961702 4.0423021 2.3815529 0.1530071 -0.4154202 -0.1253815 0.8878595
1578862503.572889 10.7554998 4.0010386 2.3941092 0.1656160 -0.4159661 -0.1248758 0.8854093
1578862503.671820 10.7245684 3.9693084 2.4020853 0.1742816 -0.4216887 -0.1193538 0.8817933
1578862503.869683 10.6615620 3.9090879 2.4192755 0.1688261 -0.4245256 -0.1250505 0.8807032
1578862504.067546 10.5931301 3.8553293 2.4428384 0.1695980 -0.4270361 -0.1300940 0.8786081
1578862504.231810 10.5379906 3.8098598 2.4606633 0.1587922 -0.4282915 -0.1383832 0.8787500
1578862504.396073 10.4804478 3.7642331 2.4800954 0.1651201 -0.4283527 -0.1422450 0.8769354
1578862504.528604 10.4353256 3.7229216 2.4903448 0.1676620 -0.4344530 -0.1391421 0.8739448
1578862504.692867 10.3807964 3.6753824 2.5039654 0.1658214 -0.4352528 -0.1414439 0.8735284
1578862504.857132 10.3188133 3.6348035 2.5224209 0.1664301 -0.4363121 -0.1428967 0.8726473
1578862504.989661 10.2705250 3.5987766 2.5380545 0.1555157 -0.4381750 -0.1452286 0.8733420
1578862505.088593 10.2354431 3.5709848 2.5461359 0.1579592 -0.4372709 -0.1454475 0.8733202
1578862505.252856 10.1722355 3.5249093 2.5607002 0.1679946 -0.4383929 -0.1416687 0.8715041
1578862505.417120 10.1123095 3.4757850 2.5713477 0.1665391 -0.4410071 -0.1399761 0.8707377
1578862505.648582 10.0269470 3.4065158 2.5842695 0.1818695 -0.4396018 -0.1390879 0.8685208
1578862505.812847 9.9652700 3.3569574 2.5925398 0.1856374 -0.4403141 -0.1382355 0.8674983
1578862506.010708 9.8889790 3.2976255 2.5984793 0.2044838 -0.4376899 -0.1355796 0.8650041
1578862506.109640 9.8522243 3.2670815 2.6011057 0.2077057 -0.4394165 -0.1343277 0.8635552
1578862506.273903 9.7930145 3.2150149 2.6024022 0.2139923 -0.4382763 -0.1327740 0.8628396
1578862506.372834 9.7547359 3.1831410 2.6038432 0.2238165 -0.4375637 -0.1306665 0.8610287
1578862506.471766 9.7148581 3.1546998 2.6032677 0.2282966 -0.4391275 -0.1284967 0.8593813
1578862506.570698 9.6772375 3.1228611 2.6038213 0.2290284 -0.4416168 -0.1264458 0.8582144
1578862506.734961 9.6199675 3.0687861 2.6003838 0.2393513 -0.4400091 -0.1235004 0.8566509
1578862506.833892 9.5825014 3.0373912 2.5959864 0.2454488 -0.4414287 -0.1208590 0.8545693
1578862506.966423 9.5319271 2.9959466 2.5931730 0.2473136 -0.4438498 -0.1197875 0.8529270
1578862507.130687 9.4737034 2.9409819 2.5854111 0.2578667 -0.4412738 -0.1187710 0.8512788
1578862507.196018 9.4488049 2.9206235 2.5854034 0.2631576 -0.4424985 -0.1168593 0.8492862
1578862507.294956 9.4113817 2.8915071 2.5812390 0.2662961 -0.4444078 -0.1158065 0.8474532
1578862507.362149 9.3873091 2.8669829 2.5756190 0.2666550 -0.4454386 -0.1154140 0.8468525
1578862507.427480 9.3635397 2.8467855 2.5721898 0.2690468 -0.4447764 -0.1153485 0.8464529
1578862507.492813 9.3397293 2.8242590 2.5687151 0.2736602 -0.4434968 -0.1147668 0.8457242
1578862507.591744 9.3042374 2.7900391 2.5616584 0.2822576 -0.4440153 -0.1125811 0.8429155
1578862507.690676 9.2664795 2.7598133 2.5550077 0.2855108 -0.4466612 -0.1100924 0.8407479
1578862507.756008 9.2411728 2.7375100 2.5502639 0.2862651 -0.4480982 -0.1094198 0.8398141
1578862507.854939 9.2096920 2.7019653 2.5403280 0.2896549 -0.4477036 -0.1087349 0.8389507
1578862507.987470 9.1597786 2.6574862 2.5317302 0.3014113 -0.4478909 -0.1054878 0.8351151
1578862508.052802 9.1348953 2.6371458 2.5255260 0.3040904 -0.4496503 -0.1035294 0.8334418
1578862508.086401 9.1234417 2.6252162 2.5238557 0.3042261 -0.4512796 -0.1025805 0.8326287
1578862508.151733 9.0990229 2.6017592 2.5157895 0.3042528 -0.4532777 -0.1014298 0.8316739
1578862508.217066 9.0777855 2.5827465 2.5128078 0.3056823 -0.4547511 -0.0996385 0.8305613
1578862508.250671 9.0659084 2.5692737 2.5102403 0.3062512 -0.4551488 -0.0991709 0.8301896
1578862508.315997 9.0422773 2.5468473 2.5067680 0.3086702 -0.4558919 -0.0977299 0.8290562
1578862508.383196 9.0177517 2.5243592 2.4997551 0.3112267 -0.4571546 -0.0958798 0.8276199
1578862508.513860 8.9722004 2.4845159 2.4947569 0.3137077 -0.4602442 -0.0932177 0.8252716
1578862508.711723 8.9083223 2.4226809 2.4802973 0.3174925 -0.4628967 -0.0902097 0.8226709
1578862508.844254 8.8655128 2.3862381 2.4729111 0.3238465 -0.4639319 -0.0881917 0.8198249
1578862509.073849 8.7983551 2.3248849 2.4671566 0.3284214 -0.4684535 -0.0811431 0.8161535
