1578862335.576083660 0.022025958 -0.066585826 0.191002936 -0.014303082 0.146720582 0.046602733 0.987976051
1578862335.971809626 0.016845828 -0.058115591 0.180668854 -0.005131122 0.138442485 0.037257022 0.989656134
1578862336.268604040 0.011476666 -0.043133046 0.168620397 0.001553272 0.129840272 0.024126641 0.991240130
1578862336.531799316 0.008438985 -0.031975034 0.159109518 0.009934258 0.124210360 0.013254899 0.992117636
1578862336.893925667 0.004957001 -0.019400471 0.151785193 0.018236495 0.119569896 0.001303913 0.992657428
1578862337.453915119 0.001326323 -0.000179312 0.145421735 0.030868160 0.118888371 -0.013259071 0.992339110
1578862338.474963188 -0.007575697 0.022007608 0.127579285 0.035593556 0.113198301 -0.022611796 0.992677163
1578862339.034952402 -0.006306785 0.030632140 0.128726160 0.039844847 0.119475118 -0.019966609 0.991836387
1578862339.331747055 -0.005651353 0.022838557 0.132336225 0.039985887 0.126063629 -0.009884139 0.991166683
1578862339.561342478 -0.005797817 0.018816421 0.136884863 0.037887464 0.132661055 -0.003406061 0.990431211
1578862339.858137131 -0.005681028 0.004546843 0.142974449 0.036052975 0.139596663 0.010521554 0.989495958
1578862340.121332169 -0.005831308 -0.009598405 0.146531174 0.032196226 0.143418113 0.024255481 0.988840897
1578862340.418126583 -0.008391875 -0.022211928 0.141600145 0.024644655 0.137209310 0.036928511 0.989546629
1578862340.649588823 -0.011924917 -0.027398714 0.131254180 0.021578503 0.124768827 0.041265129 0.991092477
1578862340.912784100 -0.015695625 -0.031372448 0.119613274 0.020450148 0.110733190 0.043623321 0.992681700
1578862341.209578514 -0.018821489 -0.035369015 0.110167222 0.019850963 0.099029552 0.045547427 0.993843307
1578862341.571704865 -0.019619777 -0.033123512 0.104058667 0.016051395 0.090400097 0.041370245 0.994916418
1578862341.933831453 -0.016842056 -0.034042880 0.111514641 0.033405106 0.094064581 0.037756280 0.994288900
1578862342.230626106 -0.014380225 -0.036938706 0.117489400 0.047789526 0.096334038 0.036411180 0.993534167
1578862342.493821383 -0.011612012 -0.028686409 0.120412704 0.045806068 0.095963674 0.026249795 0.993983765
1578862342.790615559 -0.006170273 -0.014889579 0.131724841 0.039036752 0.104048042 0.010698167 0.993748301
1578862343.152742147 0.001646841 -0.011280144 0.147552574 0.033879329 0.117116013 0.006375232 0.992519716
1578862343.481269121 0.006932970 -0.017177574 0.158022209 0.019170588 0.125400081 0.015322472 0.991802667
1578862343.647399902 0.008834886 -0.024905770 0.159845964 0.010988989 0.126722970 0.024603858 0.991572076
1578862343.778064013 0.010477420 -0.033254158 0.161478638 0.004328627 0.127408417 0.033811086 0.991264429
1578862344.009526491 0.013175714 -0.044690452 0.168154113 -0.012220634 0.132488918 0.049283688 0.989883054
1578862344.173789978 0.017043973 -0.053062559 0.175877460 -0.023568662 0.138124507 0.060512747 0.988283535
1578862344.338053226 0.020542951 -0.062211080 0.181448456 -0.033177231 0.143750131 0.071831031 0.986445880
1578862344.502316952 0.024562949 -0.069473235 0.189344242 -0.041743993 0.150717511 0.081239107 0.984348454
1578862344.733779192 0.030340287 -0.076372054 0.199317429 -0.049918969 0.159854356 0.090718518 0.981694877
1578862344.965241909 0.034063413 -0.081571998 0.206038464 -0.055422978 0.165329596 0.097201087 0.979870587
1578862345.359101057 0.039752063 -0.091791164 0.213408574 -0.058532934 0.170724681 0.107894765 0.977642930
1578862345.853758812 0.045606297 -0.102055881 0.220840216 -0.061611069 0.176393628 0.118581402 0.975206550
1578862346.314816475 0.045213617 -0.110209260 0.215586017 -0.077507179 0.168310777 0.128214283 0.974281898
1578862346.611611366 0.040952862 -0.107164237 0.203002554 -0.095290937 0.154075825 0.126297941 0.975309750
1578862347.072669268 0.037674408 -0.098294545 0.193727695 -0.096328850 0.144359130 0.116779573 0.977877153
1578862347.236932755 0.037438486 -0.094825444 0.194968952 -0.085371575 0.146618346 0.110526039 0.979284815
1578862347.401196241 0.037254177 -0.090671951 0.197038600 -0.071101458 0.150012086 0.102714797 0.980760229
1578862347.632658720 0.037001891 -0.086318253 0.199568141 -0.051640583 0.153925960 0.093521703 0.982290049
1578862347.895853996 0.035617667 -0.083703661 0.198314404 -0.036538040 0.152485766 0.086543312 0.983830940
1578862348.093716860 0.033829624 -0.081474526 0.194074376 -0.030356518 0.147262210 0.082040647 0.985221628
1578862348.422243834 0.030351426 -0.079687587 0.186933494 -0.024879227 0.139283827 0.076457783 0.986982901
1578862348.719038248 0.028581043 -0.075067040 0.182264790 -0.034387783 0.133904246 0.070231189 0.987904203
1578862349.213695526 0.026492412 -0.073512264 0.177570980 -0.051868466 0.129076029 0.065462655 0.988111169
1578862350.036880016 0.025364159 -0.096768865 0.180284255 -0.065243749 0.130962160 0.086042418 0.985489152
1578862350.367274046 0.023884850 -0.108918166 0.174249872 -0.058285166 0.122302474 0.095444059 0.986172082
1578862350.828331709 0.023251191 -0.120211205 0.169411626 -0.049319402 0.115766281 0.105171807 0.986460671
1578862351.321122646 0.025782127 -0.127375451 0.175703599 -0.058167669 0.122756325 0.114975796 0.984036571
1578862351.617917299 0.028467265 -0.131836420 0.182434598 -0.061003122 0.130330870 0.121301636 0.982129521
1578862351.914711714 0.030008914 -0.137066234 0.185050915 -0.069841484 0.132925769 0.129459684 0.980149528
1578862352.177906513 0.030311597 -0.136904486 0.186044161 -0.077841171 0.134351046 0.132907195 0.978890303
1578862352.409368753 0.030402388 -0.132794582 0.186812000 -0.089283890 0.135144241 0.135882427 0.977394694
1578862352.573632240 0.031736050 -0.135423454 0.187960490 -0.100345479 0.134921362 0.142874979 0.975353142
1578862352.870426893 0.030197253 -0.136240287 0.186032291 -0.114639676 0.131971068 0.150960563 0.972960580
1578862353.133621693 0.030111769 -0.137809123 0.184653749 -0.126255339 0.128912498 0.157778998 0.970848570
1578862353.331484795 0.029892060 -0.139038996 0.182474134 -0.130790336 0.125565144 0.162062907 0.969980874
1578862353.660012007 0.028304301 -0.137673747 0.176294782 -0.129073093 0.118196252 0.162948364 0.970987957
1578862354.055737734 0.027859672 -0.127908690 0.176883856 -0.108000174 0.121369251 0.152351854 0.974881726
1578862354.516795635 0.030298735 -0.120829346 0.182850687 -0.085700085 0.130721583 0.145784671 0.976890062
1578862355.011453152 0.034029843 -0.119884817 0.185714741 -0.073938663 0.135716304 0.147952721 0.976843975
1578862355.472510815 0.035136551 -0.121125127 0.178837818 -0.064305858 0.129260809 0.151905265 0.977794043
1578862355.933568954 0.036479949 -0.120288935 0.171350318 -0.063249084 0.123156646 0.154529617 0.978239537
1578862356.196763754 0.039504219 -0.116829961 0.175183300 -0.060975209 0.130259489 0.153070409 0.977693172
1578862356.493558407 0.040076640 -0.107473554 0.174441737 -0.068179132 0.132235589 0.145852660 0.978055395
1578862356.889284134 0.038546078 -0.088873495 0.168413907 -0.083004237 0.129842768 0.128845434 0.979617275
1578862357.186078548 0.040010714 -0.077662169 0.168324116 -0.084049725 0.134037980 0.117997452 0.980329570
1578862357.514605761 0.042792418 -0.073347600 0.168907945 -0.079183089 0.138705954 0.114279823 0.980525787
1578862358.074598074 0.045731297 -0.070248844 0.165731252 -0.080420851 0.139748128 0.112713421 0.980458379
1578862358.436721802 0.048463232 -0.070556848 0.164892713 -0.088743079 0.141104061 0.115653013 0.979203090
1578862358.897779465 0.051054573 -0.068238854 0.163834312 -0.082693303 0.143107784 0.112442862 0.979815586
1578862359.194574118 0.052608998 -0.066781149 0.164907681 -0.070693881 0.146185817 0.108645132 0.980728463
1578862359.622032404 0.054855148 -0.066288694 0.168694774 -0.061487633 0.152379987 0.106596588 0.980630806
1578862360.413484335 0.058452390 -0.063918473 0.180549591 -0.061504027 0.168193910 0.105445177 0.978166334
1578862360.775610685 0.063216938 -0.062796397 0.188314980 -0.066092569 0.179523362 0.107048000 0.975676104
1578862360.973474026 0.066770930 -0.059772631 0.192000314 -0.065231494 0.186125040 0.104808245 0.974739736
1578862361.106004715 0.070214884 -0.058295815 0.195329898 -0.068312033 0.191965280 0.105611491 0.973308281
1578862361.270267963 0.075907541 -0.054518756 0.201495316 -0.065898963 0.201355449 0.103122400 0.971843136
1578862361.533463001 0.087852592 -0.048094781 0.214114237 -0.066568201 0.222498111 0.101498694 0.967347549
1578862361.895589590 0.099124706 -0.042610929 0.219197470 -0.060457176 0.235645179 0.100036025 0.964784470
1578862362.059853315 0.110556632 -0.037488559 0.227560930 -0.059087933 0.251225901 0.097624020 0.961178294
1578862362.291315317 0.119277979 -0.033479257 0.229507379 -0.056916117 0.260300106 0.096277073 0.959028225
1578862362.851304531 0.121816948 -0.028637769 0.198003856 -0.045630804 0.232175533 0.093329330 0.967110122
1578862363.114499807 0.127280679 -0.030270157 0.187752492 -0.042184251 0.226446417 0.097396068 0.968223381
1578862363.213431358 0.134806474 -0.029767402 0.189794557 -0.040155684 0.232985019 0.096724490 0.966824635
1578862363.377694845 0.143133659 -0.027766721 0.189425493 -0.036281290 0.238520540 0.094937374 0.965804595
1578862363.609157085 0.167632415 -0.021085160 0.205504066 -0.043341336 0.270821204 0.092790848 0.957166267
1578862363.872351885 0.181161164 -0.013797189 0.204641995 -0.045494223 0.280882386 0.088051581 0.954611062
1578862364.004882812 0.190287106 -0.013802505 0.203870496 -0.050481948 0.285132245 0.088901909 0.953020265
1578862364.398742199 0.203270303 -0.016128600 0.190931423 -0.047094223 0.282071807 0.092321736 0.953778972
1578862364.729135990 0.214443470 -0.019252335 0.179257376 -0.043719127 0.279015753 0.094638590 0.954611117
1578862364.958731651 0.218050045 -0.019058816 0.164813379 -0.035949088 0.267027214 0.090814734 0.958726663
1578862365.255526066 0.225999668 -0.019876552 0.149580663 -0.034625843 0.256518855 0.090363165 0.961682706
1578862365.552320004 0.237025071 -0.021768999 0.137367491 -0.031975936 0.250992732 0.091649962 0.963109793
1578862365.815515280 0.241051952 -0.023065202 0.117101075 -0.025450541 0.231883589 0.090644198 0.968176585
1578862365.979779005 0.250868691 -0.022169201 0.114338350 -0.031677683 0.233778201 0.091690242 0.967438461
1578862366.211241007 0.266221023 -0.020370467 0.113407601 -0.030858245 0.241620155 0.090285964 0.965668636
1578862366.375504971 0.276087646 -0.018768298 0.109819076 -0.036136662 0.243230691 0.090683069 0.965043809
1578862366.672299147 0.284461240 -0.017895083 0.089998333 -0.028245456 0.227375760 0.088315801 0.969382679
1578862366.771230221 0.293600600 -0.016744318 0.091191463 -0.032287078 0.233118454 0.088817990 0.967845388
1578862367.068025112 0.300421608 -0.017511046 0.067408270 -0.027968920 0.212236644 0.090649764 0.972602677
1578862367.396551847 0.308270149 -0.014550122 0.036286729 -0.022053797 0.182637070 0.089111454 0.978885325
1578862367.693346262 0.322932010 -0.010524723 0.023577815 -0.027546202 0.175917700 0.090436696 0.979854772
1578862367.990140676 0.345175662 -0.007145413 0.026219726 -0.033887724 0.190772320 0.093837012 0.976551156
1578862368.089072227 0.354928430 -0.005438170 0.029461169 -0.033505061 0.199399093 0.093329105 0.974888245
1578862368.253335953 0.363831909 -0.005108038 0.023033629 -0.033941802 0.198503725 0.095308977 0.974864311
1578862368.385866404 0.375219809 -0.001668185 0.026368949 -0.037413424 0.207723515 0.094999828 0.972844391
1578862368.714393377 0.399452460 0.008240502 0.023834876 -0.038734999 0.220151647 0.092816222 0.970266974
1578862369.011188030 0.415766005 0.012667885 0.017402129 -0.032779934 0.224074389 0.092645706 0.969604516
1578862369.274383068 0.424133983 0.014157867 0.000901117 -0.031919865 0.211447768 0.095793294 0.972159765
1578862369.472245932 0.434933824 0.015991821 -0.004983599 -0.032538873 0.212593781 0.097708692 0.971698573
1578862369.800779104 0.463488180 0.027280065 0.006044744 -0.033743081 0.242191193 0.093506935 0.965122419
1578862369.966903210 0.475171515 0.031225649 0.004783434 -0.037931363 0.249370118 0.094069699 0.963081849
1578862370.196498632 0.492915039 0.037706303 0.006011353 -0.034405382 0.263975121 0.090579956 0.959650289
1578862370.427961111 0.512186316 0.042681492 0.008562406 -0.025108593 0.280145642 0.086339054 0.955737174
1578862370.821820021 0.526391773 0.071555817 -0.008344679 -0.026075418 0.276992992 0.057322580 0.958806068
1578862370.954350710 0.530083725 0.087369614 -0.017273967 -0.039952192 0.272196043 0.043037500 0.960448286
1578862371.152213812 0.547046943 0.117576553 -0.015910510 -0.032978193 0.285718738 0.004488841 0.957735398
1578862371.350076914 0.572679704 0.156105613 -0.009909817 -0.035711236 0.309519932 -0.043191118 0.949240036
1578862371.678603888 0.619104336 0.231038736 -0.014366550 -0.028761536 0.330495967 -0.149105809 0.931510949
1578862371.777535439 0.625413865 0.252616310 -0.030782887 -0.053166790 0.322192707 -0.170183642 0.929732585
1578862371.842867374 0.633865656 0.264656164 -0.036735802 -0.057488244 0.320884436 -0.188084074 0.926473239
1578862371.975398302 0.654808392 0.291771407 -0.050004519 -0.062597204 0.317453807 -0.230733029 0.917642054
1578862372.074330091 0.669347321 0.310701198 -0.062684743 -0.075421562 0.313874220 -0.257959909 0.910632334
1578862372.238593102 0.698894818 0.342461367 -0.080948629 -0.092228612 0.311806943 -0.306214314 0.894708393
1578862372.371124506 0.719960872 0.361822202 -0.101642797 -0.111438648 0.306756280 -0.338720941 0.882468207
1578862372.535387516 0.744749809 0.380713464 -0.123942632 -0.119550587 0.294608442 -0.379332213 0.868919211
1578862372.699651480 0.768519320 0.392865955 -0.142474647 -0.130684165 0.288659288 -0.411076489 0.854759372
1578862372.766850233 0.778301924 0.395843334 -0.149594272 -0.134179068 0.285709284 -0.421800112 0.849971087
1578862372.832181931 0.787168371 0.398185333 -0.157262230 -0.137096899 0.281287186 -0.432484752 0.845599727
1578862372.996445894 0.802955887 0.402426217 -0.177325520 -0.138623436 0.263502610 -0.457292329 0.837993821
1578862373.095377207 0.815441152 0.402372365 -0.185548329 -0.144290094 0.263084200 -0.468868808 0.830740100
1578862373.259640455 0.835496346 0.401551940 -0.198309073 -0.147656829 0.257982715 -0.490472778 0.819194015
1578862373.326839447 0.841190387 0.400108744 -0.207000739 -0.147479450 0.248933894 -0.498953218 0.816901105
1578862373.491103172 0.851381034 0.398247789 -0.228816365 -0.161326052 0.233531683 -0.513025657 0.810087361
1578862373.655366182 0.862696334 0.392669888 -0.248360585 -0.173284136 0.219818857 -0.525842979 0.803206972
1578862373.754297733 0.866484066 0.388599813 -0.262155502 -0.176319384 0.203931336 -0.532209255 0.802543952
1578862374.017493010 0.879130092 0.375489473 -0.285567013 -0.197134341 0.192235396 -0.542661100 0.793537986
1578862374.116424084 0.880965102 0.368999982 -0.298619456 -0.201874588 0.176890371 -0.545971205 0.793644688
1578862374.248955250 0.883400114 0.360455444 -0.314029165 -0.212500805 0.163647461 -0.548092967 0.792248078
1578862374.577482224 0.895867174 0.338254137 -0.340093226 -0.229313746 0.139431248 -0.557675474 0.785475778
1578862374.874276400 0.910873558 0.317009992 -0.353314559 -0.241061852 0.130809985 -0.565633253 0.777712642
1578862375.204670429 0.927760267 0.293248055 -0.359935339 -0.245093113 0.127236796 -0.572972268 0.771649495
1578862375.598529577 0.946940402 0.265463061 -0.362973399 -0.247048525 0.126818750 -0.579323515 0.766334324
1578862375.697461128 0.954602865 0.258110918 -0.362238366 -0.244892910 0.128612742 -0.582733005 0.764139038
1578862375.829991579 0.961701858 0.247996416 -0.364017515 -0.243716233 0.127823134 -0.585633555 0.762428346
1578862375.928923130 0.970618708 0.240785701 -0.359372347 -0.242025958 0.137135228 -0.588576230 0.759075349
1578862376.291049957 0.987036125 0.215138028 -0.362774747 -0.240023554 0.134453461 -0.593942928 0.756004470
1578862376.619582891 0.995425880 0.190317238 -0.372692070 -0.241428451 0.121388059 -0.594299079 0.757486533
1578862376.851038933 1.003834522 0.173047245 -0.374904837 -0.244468412 0.122201284 -0.594015308 0.756602839
1578862377.179566383 1.010396225 0.147368862 -0.385180714 -0.250872118 0.112627843 -0.591314491 0.758106406
1578862377.411028624 1.011391668 0.127478888 -0.401674519 -0.260150151 0.092282283 -0.587414805 0.760756022
1578862377.872086525 1.022181317 0.091745963 -0.412797575 -0.269175724 0.079787096 -0.584213895 0.761493647
1578862377.971017838 1.031709711 0.085100576 -0.404144812 -0.264350886 0.091341210 -0.586997668 0.759742805
1578862378.135281324 1.041783396 0.072254266 -0.397606365 -0.255728341 0.097018387 -0.589893819 0.759747149
1578862378.333144426 1.051291134 0.060530083 -0.389168721 -0.253338133 0.112118808 -0.590916939 0.757671653
1578862378.728869915 1.056702161 0.028959330 -0.399614873 -0.258819207 0.096460802 -0.587101393 0.760933562
1578862379.124596119 1.064067697 -0.002483938 -0.409344777 -0.269385274 0.085875635 -0.584411326 0.760605254
1578862379.255260468 1.071951083 -0.011662790 -0.405757551 -0.265237796 0.087880335 -0.587375606 0.759549771
1578862379.518455505 1.079447353 -0.030977199 -0.403968521 -0.263374236 0.088378992 -0.587708551 0.759882770
1578862379.617386818 1.086651907 -0.037278977 -0.397383825 -0.258397981 0.094905956 -0.590205342 0.758868235
1578862379.749917269 1.091594291 -0.047334904 -0.395213680 -0.252183552 0.093224830 -0.591753482 0.759960791
1578862379.979513168 1.102755023 -0.062580841 -0.384171969 -0.245646949 0.106864100 -0.595132807 0.757663898
1578862380.375239134 1.113334099 -0.090534536 -0.378337937 -0.236076094 0.106326026 -0.598199445 0.758366849
1578862380.672033310 1.128355952 -0.110087552 -0.375879059 -0.228785291 0.105974415 -0.607207331 0.753475926
1578862380.836297035 1.153892546 -0.119204486 -0.368685595 -0.202946899 0.101010925 -0.630094818 0.742690965
1578862380.935228348 1.168887386 -0.126420495 -0.371478242 -0.206647861 0.105509908 -0.641427505 0.731255822
1578862381.099491835 1.192340860 -0.137912537 -0.379459707 -0.212983161 0.105670522 -0.660375995 0.712302927
1578862381.297354698 1.224240769 -0.154871960 -0.398906555 -0.224693175 0.092888609 -0.687868828 0.683901425
1578862381.396286249 1.239102369 -0.165537672 -0.414827225 -0.243318269 0.090878939 -0.699214124 0.666060693
1578862381.693080664 1.297000096 -0.201705197 -0.450395830 -0.262580958 0.061830127 -0.749255689 0.604850550
1578862381.857344151 1.333469770 -0.224230040 -0.453036772 -0.253484373 0.054635490 -0.779561968 0.570126103
1578862381.956275463 1.354331506 -0.241415433 -0.459356530 -0.255896014 0.048418869 -0.796065134 0.546308654
1578862382.055207253 1.372618148 -0.260057831 -0.468710695 -0.263858422 0.042678007 -0.810111279 0.521801722
1578862382.253070116 1.405616278 -0.298609999 -0.483278572 0.272718188 -0.029749725 0.837939191 -0.471802560
1578862382.417333841 1.430286130 -0.333648187 -0.495829918 0.284950130 -0.018685979 0.857303990 -0.428350472
1578862382.549864531 1.445091292 -0.361719644 -0.503695108 0.289033775 -0.001591857 0.870439000 -0.398488256
1578862382.714127779 1.459949911 -0.392962932 -0.508737223 0.294674321 0.001599145 0.884617269 -0.361409429
1578862382.878391266 1.470607241 -0.421472422 -0.511868532 0.300553845 0.008866584 0.894447626 -0.330986728
1578862382.977322817 1.473038487 -0.436851821 -0.517193983 0.306781884 0.019338277 0.896940974 -0.317817235
1578862383.175185680 1.477285529 -0.463766615 -0.520054083 0.316529070 0.019550317 0.903094526 -0.289564173
1578862383.438384533 1.483492270 -0.495420570 -0.514383554 0.312981316 0.033859814 0.913080055 -0.259193021
1578862383.570911407 1.488581816 -0.511264412 -0.507005076 0.307307852 0.033218095 0.919549997 -0.242664884
1578862383.735175133 1.488355091 -0.529880248 -0.503941599 0.308012858 0.042533410 0.923399249 -0.225061802
1578862384.065568924 1.477862272 -0.559569994 -0.499625739 0.316019089 0.048596135 0.926959839 -0.196254447
1578862384.196233034 1.475215322 -0.568119338 -0.494678560 0.313150721 0.056679169 0.928592539 -0.190892623
1578862384.295164585 1.473587672 -0.573549649 -0.489551287 0.309555917 0.056131850 0.930742692 -0.186393109
1578862384.690890312 1.455454359 -0.596357438 -0.479695436 0.314121503 0.066289241 0.931974194 -0.168396912
1578862384.855154037 1.451324536 -0.606575207 -0.470187054 0.310237460 0.070149882 0.934394403 -0.160433200
1578862384.954085350 1.450375980 -0.611715744 -0.461986454 0.302201768 0.074020946 0.937167040 -0.157838301
1578862385.151948214 1.448787936 -0.618771793 -0.439729433 0.278776141 0.068854521 0.945717914 -0.152185888
1578862385.250879765 1.445735602 -0.623778558 -0.433617317 0.274390486 0.069071521 0.947453117 -0.149236647
1578862385.547674179 1.425588251 -0.639622070 -0.431891305 0.284887197 0.073399213 0.945155754 -0.141888836
1578862385.711937904 1.416227031 -0.649652159 -0.428350646 0.287882103 0.082381206 0.944105487 -0.137847965
1578862385.941533327 1.405625774 -0.662201514 -0.417208979 0.282123420 0.080712900 0.946794824 -0.132179290
1578862386.074064255 1.400248365 -0.669959310 -0.407928196 0.276689208 0.085008513 0.948329303 -0.129954481
1578862386.271927118 1.388659981 -0.680080847 -0.402887556 0.277998840 0.085572262 0.948148099 -0.128098461
1578862386.469790220 1.378470122 -0.690135860 -0.394228412 0.277923035 0.084043599 0.948744623 -0.124816265
1578862386.897248507 1.347285925 -0.715356746 -0.389412827 0.296409134 0.087176902 0.944017218 -0.115643011
1578862387.194043159 1.331201981 -0.727535752 -0.373894039 0.293008911 0.083530301 0.945774740 -0.112599325
1578862387.358306646 1.322452187 -0.733949811 -0.365200826 0.289307297 0.090075714 0.946146160 -0.113996039
1578862387.490837336 1.316109537 -0.737209204 -0.357372613 0.285304750 0.086028071 0.947599223 -0.115135061
1578862387.886563063 1.283894834 -0.753586527 -0.350714930 0.302328174 0.093508088 0.941658537 -0.114599789
1578862388.215090275 1.258775419 -0.768904716 -0.339356491 0.310024498 0.102269822 0.938644633 -0.111229252
1578862388.379353523 1.251996517 -0.773649224 -0.323276180 0.300051459 0.095620343 0.942743598 -0.109819766
1578862388.610816002 1.234545669 -0.780574261 -0.311811077 0.298952543 0.100083399 0.942413802 -0.111655346
1578862388.775079727 1.224644118 -0.783843599 -0.298995034 0.292687051 0.094756727 0.944751115 -0.113140548
1578862388.972942352 1.209159385 -0.790046817 -0.288854721 0.290760941 0.099298956 0.944650499 -0.115035766
1578862389.137206078 1.200339821 -0.794219275 -0.272118798 0.277375875 0.094414684 0.949045907 -0.116018784
1578862389.368668079 1.181737792 -0.803912545 -0.258521836 0.273805177 0.098183662 0.949744137 -0.115657975
1578862389.467599869 1.175856091 -0.806779492 -0.250331990 0.267866542 0.094720236 0.951668330 -0.116631822
1578862389.631863356 1.164933798 -0.812316919 -0.235528421 0.259329434 0.094184443 0.953977371 -0.117493453
1578862389.796126842 1.150698563 -0.818069161 -0.226213429 0.255719423 0.097367676 0.954388401 -0.119456660
1578862389.928657532 1.140912922 -0.822695205 -0.216867891 0.250998105 0.091500024 0.956112815 -0.120316171
1578862390.158253193 1.118298575 -0.832905350 -0.210046947 0.257397380 0.098639169 0.953599216 -0.121100940
1578862390.389715433 1.098536988 -0.842086143 -0.195886678 0.254716668 0.095817409 0.954512798 -0.121834980
1578862390.488647223 1.090671839 -0.846571398 -0.190675728 0.253209738 0.111070207 0.952903901 -0.124588900
1578862390.817173958 1.058150419 -0.881185016 -0.183713347 0.269728195 0.132019558 0.948061242 -0.104868574
1578862390.949705124 1.045173681 -0.903432452 -0.181660405 0.279511804 0.132371264 0.947182756 -0.084828217
1578862391.048636436 1.037931920 -0.918609323 -0.176159264 0.280432015 0.136695002 0.947341480 -0.072225208
1578862391.509694576 1.004440466 -1.000445190 -0.125986406 0.264555694 0.151498325 0.952219013 0.018370988
1578862391.673957825 0.984899047 -1.038635578 -0.109821756 0.265877598 0.156102846 0.949188118 0.063110390
1578862391.772889614 0.975191444 -1.061700991 -0.100345391 0.263107239 0.152440792 0.948210334 0.091834353
1578862391.871820927 0.965064079 -1.082981833 -0.087336172 0.258182514 0.157999074 0.945927143 0.116618700
1578862392.135015726 0.920721148 -1.144894176 -0.056954324 0.257420668 0.152797687 0.932294245 0.203014550
1578862392.366478205 0.878213711 -1.189024463 -0.031111619 0.254216736 0.150094386 0.916135061 0.271186424
1578862392.530741453 0.848386623 -1.214076796 -0.008614431 0.249852480 0.158103355 0.902438466 0.313339885
1578862392.695011139 0.818848399 -1.232407035 0.013064574 0.240199445 0.161209104 0.890769556 0.350493152
1578862392.827536106 0.796203380 -1.243138247 0.029164641 0.234814985 0.163345474 0.880535873 0.377937502
1578862392.991799593 0.769328326 -1.252279391 0.047575221 0.233437463 0.177995549 0.865787921 0.405260178
1578862393.254994392 0.725870728 -1.258254675 0.070726970 0.227626036 0.176396118 0.846893950 0.447036280
1578862393.452857494 0.691413754 -1.258528824 0.072744759 0.241795360 0.171658686 0.830225606 0.472010320
1578862393.617120981 0.669914381 -1.253425751 0.085254752 0.237499648 0.169147227 0.821616092 0.489826634
1578862393.848583221 0.641753156 -1.243589162 0.102380793 0.236791623 0.180686146 0.807297831 0.509462910
1578862394.244309187 0.597747283 -1.217186569 0.121442299 0.236083359 0.182396766 0.787860720 0.538768552
1578862394.473904848 0.575281386 -1.198426749 0.128470376 0.242136109 0.182923343 0.776276667 0.552542932
1578862394.638168097 0.563116055 -1.183949707 0.133337276 0.245595703 0.188360108 0.769659783 0.558414756
1578862394.869630337 0.554907409 -1.159758098 0.152219540 0.233164113 0.200437549 0.766264451 0.564179118
1578862395.132825613 0.542252525 -1.131522444 0.159733183 0.230135344 0.204461117 0.761917057 0.569838375
1578862395.429619551 0.523443968 -1.096848223 0.161455690 0.237538514 0.206291648 0.752658207 0.578381218
1578862395.593883276 0.522762630 -1.076221061 0.175374084 0.222649823 0.214822131 0.753568836 0.580010792
1578862395.726414442 0.519522506 -1.062469034 0.179048260 0.221741852 0.221201785 0.750565350 0.581852195
1578862395.989609003 0.506429241 -1.029377820 0.173117212 0.224470370 0.211903954 0.746862797 0.588987037
1578862396.252804279 0.499027410 -0.995606265 0.173534659 0.225603761 0.218944384 0.743269343 0.590522637
1578862396.450667143 0.502950537 -0.964171069 0.185573862 0.206338327 0.230652704 0.747010814 0.588386496
1578862396.747461319 0.495055332 -0.927159012 0.182638201 0.202804926 0.231336013 0.745729245 0.590966754
1578862396.911724806 0.492748769 -0.905164517 0.184867487 0.201274120 0.238210940 0.744027368 0.590904013
1578862397.141320705 0.491215855 -0.873215080 0.185175758 0.194542823 0.244048299 0.746438528 0.587727013
1578862397.307451010 0.491566545 -0.850344957 0.190323552 0.188794327 0.253026165 0.746521233 0.585696603
1578862397.635977745 0.485098413 -0.798380135 0.191855081 0.176409086 0.259424822 0.749717251 0.582668550
1578862397.768508673 0.477965262 -0.779180926 0.187810304 0.180047585 0.260453842 0.747229632 0.584289775
1578862397.932772160 0.475385179 -0.758325426 0.189684955 0.171229079 0.262752424 0.749545258 0.582943970
1578862398.162367582 0.470419674 -0.724058200 0.197663276 0.158389245 0.274419539 0.749587208 0.581141791
1578862398.393830061 0.462858038 -0.688740861 0.199955718 0.143364142 0.277793101 0.753195411 0.578769720
1578862398.558099747 0.455882947 -0.671181355 0.197858681 0.143711069 0.281273685 0.751517489 0.579183656
1578862398.690624475 0.449059970 -0.656359617 0.192409391 0.143263846 0.277111487 0.752712163 0.579749164
1578862398.854887724 0.440375508 -0.634018648 0.193381870 0.139764290 0.281100227 0.751351200 0.580448085
1578862399.250613928 0.407689076 -0.596434370 0.175659462 0.155071823 0.268559122 0.746321056 0.588925810
1578862399.513814926 0.389687998 -0.570911627 0.165202142 0.160303799 0.263813882 0.745008887 0.591326210
1578862399.612740040 0.389806241 -0.556798653 0.173678502 0.148841073 0.272455280 0.746540424 0.588465676
1578862399.875935316 0.376909580 -0.529566183 0.177595735 0.139055568 0.281789234 0.746063159 0.587067407
1578862400.040198803 0.375313769 -0.507763310 0.190672518 0.117489450 0.295232493 0.748674835 0.581824712
1578862400.336992979 0.353691249 -0.484950994 0.183949631 0.125411653 0.297367960 0.743849640 0.585262271
1578862400.435925007 0.350192353 -0.474460803 0.185894589 0.130217131 0.310221900 0.739385033 0.583194345
1578862400.732718945 0.320417526 -0.459880804 0.178797902 0.172813684 0.334464329 0.712718677 0.591862426
1578862400.896982431 0.299865234 -0.447948595 0.187544129 0.189254311 0.358811135 0.687015894 0.602865273
1578862400.995914221 0.285695349 -0.442842183 0.193630742 0.191355788 0.363021264 0.674704104 0.613492376
1578862401.227376699 0.249762110 -0.423116565 0.216641000 0.205288394 0.391436850 0.628568135 0.639949973
1578862401.456971645 0.198032544 -0.404020740 0.239701270 0.198965819 0.383817926 0.585758791 0.685553091
1578862401.688434362 0.148207716 -0.371173362 0.272359095 0.170577539 0.377840232 0.538341899 0.733708431
1578862401.852697849 0.109911623 -0.350054586 0.283395811 0.153509948 0.361940612 0.506153043 0.767621513
1578862401.951629400 0.088328328 -0.333212337 0.292035287 0.146258875 0.356199067 0.479968820 0.788264231
1578862402.149492264 0.051613929 -0.294614678 0.309573823 0.126228644 0.348017171 0.429318137 0.823793855
1578862402.379087687 0.018314566 -0.246546645 0.324311829 0.090944593 0.333931554 0.378990908 0.858245122
1578862402.610550165 -0.013506635 -0.200742616 0.324508244 0.075015004 0.313323570 0.328646046 0.887802267
1578862402.774813652 -0.023629079 -0.168484948 0.326479232 0.049921350 0.303227544 0.304513233 0.901572297
1578862402.939076900 -0.027703596 -0.136917920 0.329010487 0.041616199 0.300373761 0.276907769 0.911792621
1578862403.235871553 -0.024530278 -0.106539364 0.304081267 0.011441398 0.277992936 0.247442887 0.928095383
1578862403.334802866 -0.024393945 -0.100716477 0.289455570 0.008361614 0.265079635 0.237190740 0.934560551
1578862403.730528593 -0.003573771 -0.057884913 0.257036484 -0.017939537 0.239745923 0.204252277 0.948936812
1578862403.993723631 0.021884525 -0.034936370 0.235418899 -0.032057468 0.230990801 0.191398759 0.953405519
1578862404.256918907 0.049759651 -0.018326971 0.209401902 -0.027712094 0.220190735 0.182405088 0.957849917
1578862404.488380909 0.082101356 -0.001791851 0.192515356 -0.028351598 0.218071745 0.178531313 0.959045083
1578862404.751576185 0.115868198 0.014879087 0.171502948 -0.028205165 0.215192488 0.181646810 0.959114747
1578862405.048370361 0.160488538 0.031923623 0.141363677 -0.025062260 0.207941671 0.189580059 0.959266150
1578862405.147301674 0.176627642 0.038343972 0.134724177 -0.029199938 0.208691420 0.194540193 0.957992363
1578862405.376903057 0.212922690 0.054611271 0.109734639 -0.022981858 0.203655967 0.203884829 0.957301968
1578862405.608359814 0.251896028 0.076530914 0.087848682 -0.027439987 0.202260398 0.218034534 0.954357753
1578862405.936886549 0.296203659 0.102571367 0.050871915 -0.024325800 0.190693752 0.241292142 0.951221452
1578862406.168349266 0.327704339 0.124050900 0.025647333 -0.017437053 0.180951255 0.257802900 0.948941651
1578862406.397944689 0.358334755 0.144018717 0.004289650 -0.016535717 0.173530353 0.277532067 0.944769675
1578862406.595807791 0.383514226 0.164292978 -0.019857028 -0.004730036 0.163247353 0.292452933 0.942230975
1578862407.090464592 0.455318495 0.227144788 -0.054510085 0.010106754 0.171648519 0.329993765 0.928191120
1578862407.189396143 0.469504254 0.241248497 -0.059488926 0.008520221 0.173721384 0.338157885 0.924877036
1578862407.452591181 0.502063684 0.277362966 -0.078277631 0.017891661 0.178273962 0.355564197 0.917318039
1578862407.551522732 0.515214695 0.292373936 -0.083251653 0.017731208 0.180905904 0.362756549 0.913983777
1578862407.880049706 0.551427978 0.333751487 -0.106678191 0.031256140 0.186207479 0.384054086 0.903798809
1578862408.176844120 0.583502922 0.363717142 -0.125019831 0.044208579 0.192595082 0.404286109 0.893031622
1578862408.408306599 0.607208674 0.388516481 -0.140779360 0.047915941 0.195237507 0.422296930 0.883884428
1578862408.671501160 0.635281300 0.414863158 -0.158921940 0.061160895 0.200913115 0.441300479 0.872437477
1578862409.033627987 0.672799017 0.451073607 -0.180246483 0.077187302 0.212027548 0.468169891 0.854343838
1578862409.197891474 0.691661107 0.468554855 -0.189814659 0.079890083 0.216867695 0.482387179 0.844919278
1578862409.528285027 0.720718598 0.495580411 -0.208325000 0.098166667 0.226602295 0.506910605 0.825867026
1578862409.825079441 0.747093533 0.519286889 -0.225538510 0.116947261 0.235426195 0.528370002 0.807293618
1578862410.054675102 0.769729640 0.538640514 -0.229449562 0.125800853 0.255780492 0.544163273 0.789073392
1578862410.515732765 0.807096858 0.572079706 -0.238603693 0.147475341 0.290991058 0.570436934 0.753775121
1578862410.614664555 0.814895488 0.578440942 -0.239366163 0.150872434 0.299075347 0.575779858 0.745834432
1578862410.778927803 0.827077701 0.588944048 -0.240786912 0.155668848 0.312104528 0.584391865 0.732696473
1578862410.911458731 0.836640899 0.596907972 -0.241572496 0.158948296 0.322405004 0.591150926 0.722032572
1578862411.174653769 0.854518474 0.613020384 -0.242313274 0.163358835 0.341959363 0.604217576 0.700927105
1578862411.471448183 0.872087285 0.631551656 -0.240992425 0.167071398 0.363763409 0.616601328 0.677913072
1578862411.734643221 0.886744148 0.647935753 -0.238732343 0.169290672 0.383135630 0.625541118 0.658214302
1578862412.031437159 0.902606326 0.666533000 -0.236399613 0.171095769 0.405230963 0.632947519 0.637096180
1578862412.261032820 0.914316889 0.682404687 -0.233942738 0.172135720 0.423138969 0.636441230 0.621502428
1578862412.393563747 0.920842346 0.691835321 -0.232916041 0.172078634 0.433141399 0.637917697 0.613056673
1578862412.656759024 0.933421819 0.711502585 -0.230848567 0.170461935 0.452625329 0.639844974 0.597219767
1578862412.789289713 0.939362462 0.722683962 -0.228798190 0.168544673 0.462113326 0.640231484 0.590040349
1578862412.953553200 0.946420506 0.735859145 -0.228885744 0.165526298 0.472936727 0.640757166 0.581689050
1578862413.117816687 0.952374986 0.749996915 -0.228102596 0.161628603 0.483488135 0.640678052 0.574148980
1578862413.282080173 0.957917665 0.764738163 -0.227506607 0.156697816 0.493432519 0.640343896 0.567388614
1578862413.414611101 0.962841996 0.777561067 -0.227209707 0.151937947 0.501019243 0.640016362 0.562382107
1578862413.677812099 0.970633496 0.802150554 -0.228521093 0.140764039 0.514391485 0.639117624 0.554180068
1578862413.810336590 0.974540288 0.815636442 -0.228476195 0.133954420 0.520461641 0.638591244 0.550796801
1578862413.974600315 0.978577841 0.831460889 -0.230785412 0.125092211 0.526887745 0.638153931 0.547266665
1578862414.138863564 0.981252829 0.847956664 -0.232057062 0.115419654 0.532562126 0.637509794 0.544644057
1578862414.271394491 0.984195703 0.860998758 -0.234573720 0.107060116 0.536196211 0.637360453 0.542958017
1578862414.435657978 0.986007881 0.877777133 -0.235012978 0.096190266 0.540464420 0.636657047 0.541584202
1578862414.698853016 0.986878242 0.903025503 -0.237175136 0.077763857 0.545120908 0.635748154 0.540943863
1578862414.930315495 0.988379538 0.924256290 -0.239962489 0.060372680 0.547355924 0.635393064 0.541324566
1578862415.094578981 0.990450874 0.939430353 -0.241950661 0.047390384 0.548022570 0.635452454 0.541872303
1578862415.292441607 0.989966347 0.957482233 -0.240113345 0.030831412 0.548221016 0.634838420 0.543583777
1578862415.490304947 0.988512537 0.973872934 -0.239129282 0.013711895 0.546987449 0.634490495 0.545929049
1578862415.654568195 0.985739895 0.985777757 -0.238077619 -0.000965490 0.545208476 0.634084367 0.548346424
1578862415.787098885 0.983041369 0.996156386 -0.233224029 -0.013386025 0.544059166 0.633208849 0.550333528
1578862415.951362371 0.980256436 1.009654985 -0.226097417 -0.029349662 0.541999147 0.632208048 0.552891043
1578862416.115626097 0.977361746 1.022984383 -0.219723065 -0.045270262 0.539382942 0.631328482 0.555374642
1578862416.347088099 0.971122289 1.036780932 -0.214008292 -0.067198369 0.534249169 0.630249433 0.559328040
1578862416.576683998 0.966103048 1.049573417 -0.209624539 -0.089155435 0.527779561 0.629563151 0.563160973
1578862416.808146000 0.965280982 1.061793428 -0.205329879 -0.111321573 0.520110069 0.629548363 0.566358440
1578862417.071341276 0.958537407 1.073666866 -0.202506908 -0.135773770 0.509285690 0.629811521 0.570553255
1578862417.368135214 0.948362418 1.079747435 -0.200049267 -0.161948700 0.495405770 0.629868709 0.575856884
1578862417.498799801 0.945558631 1.082594430 -0.200667336 -0.172964350 0.488667434 0.630159424 0.578088724
1578862417.597731352 0.939687647 1.081366876 -0.200509200 -0.181183948 0.483203395 0.629843962 0.580502747
1578862417.730262041 0.932499394 1.077923166 -0.201009793 -0.191329372 0.475887760 0.629719430 0.583418675
1578862417.894525528 0.922072874 1.074004005 -0.200621367 -0.203153713 0.466753661 0.629310883 0.587228577
1578862418.058788538 0.911571655 1.068448547 -0.202945906 -0.214479059 0.456164941 0.629308197 0.591509487
1578862418.125987768 0.903636827 1.064119320 -0.204640123 -0.218880117 0.451489009 0.628859017 0.593957495
1578862418.191319942 0.901150866 1.062066904 -0.207130402 -0.222592504 0.446984749 0.629213303 0.595607111
1578862418.355583191 0.893687914 1.059620120 -0.209455350 -0.229217029 0.435876115 0.630330353 0.600129329
1578862418.454514742 0.873945162 1.047054212 -0.223674339 -0.225454471 0.426515558 0.630573017 0.607974037
1578862418.618778467 0.843835258 1.016796625 -0.256628173 -0.202366063 0.408843998 0.631859048 0.626616873
1578862418.685976982 0.820113171 0.998383748 -0.271160550 -0.189144885 0.400396591 0.631906692 0.636082318
1578862418.850240469 0.779013403 0.952448896 -0.319614890 -0.151367397 0.376640359 0.635475695 0.656810925
1578862419.014503956 0.741664094 0.918691002 -0.381980082 -0.106742719 0.348746672 0.636641599 0.679462453
1578862419.113435268 0.710242241 0.896768812 -0.415236291 -0.077608933 0.331491404 0.634137221 0.694233597
1578862419.212366819 0.686403133 0.877545010 -0.442352844 -0.050342084 0.314894529 0.631976110 0.706337955
1578862419.376630545 0.654741079 0.853172141 -0.482132937 -0.013920644 0.288033881 0.630715325 0.720444917
1578862419.475561619 0.637429822 0.837721165 -0.501650217 0.003244278 0.272458341 0.630819317 0.726514223
1578862419.608092785 0.614907883 0.820363779 -0.526448821 0.023671798 0.253205090 0.631362293 0.732603906
1578862419.707024336 0.604219308 0.810828824 -0.542588525 0.035708024 0.239415752 0.632430466 0.735823852
1578862419.871287584 0.584818719 0.800006975 -0.563846278 0.051665873 0.218580005 0.633103962 0.740765005
1578862420.035551071 0.570969386 0.796018729 -0.582451999 0.062367973 0.198707487 0.632981366 0.745627360
1578862420.168081999 0.554843329 0.794581883 -0.600584527 0.067965237 0.182692988 0.632411940 0.749706034
1578862420.332345247 0.541146988 0.796000787 -0.606926298 0.073901235 0.169347449 0.630852792 0.753581318
1578862420.563807964 0.549459226 0.822748745 -0.585644015 0.078648852 0.165711339 0.626359399 0.757646364
1578862420.957667112 0.552276352 0.864309848 -0.570162979 0.073772335 0.154066958 0.620441873 0.765423345
1578862421.254461050 0.558839338 0.898332126 -0.560451650 0.069577851 0.150081930 0.629123753 0.759498282
1578862421.452330589 0.564920311 0.923070626 -0.552376232 0.072038028 0.158498441 0.634026055 0.753458511
1578862421.913382292 0.559657475 0.960389718 -0.549290672 0.095195223 0.178278603 0.629372887 0.750362831
1578862422.111244917 0.549059567 0.968710264 -0.554715344 0.103138999 0.172418808 0.623765392 0.755348156
1578862422.374439955 0.532993671 0.977839248 -0.561293030 0.104549960 0.160544136 0.617633799 0.762773477
1578862422.770166159 0.504886318 0.997778311 -0.565283824 0.095816468 0.143438013 0.603104880 0.778787034
1578862423.066960335 0.487580726 1.015158995 -0.578059514 0.101528750 0.126005533 0.595110491 0.787183601
1578862423.330155373 0.477315675 1.032991423 -0.577380049 0.111179115 0.133918286 0.584415823 0.792567500
1578862423.626949787 0.470582094 1.052759209 -0.563940557 0.124821713 0.165686985 0.568417392 0.796158923
1578862423.791213036 0.467001830 1.062984918 -0.556565158 0.128030501 0.180745969 0.560574406 0.797931965
1578862424.153339386 0.458435086 1.083802894 -0.541088972 0.130120429 0.205957393 0.544136665 0.802848376
1578862424.416534424 0.451680496 1.098311136 -0.528311990 0.131849282 0.228111678 0.529817115 0.806148035
1578862424.614397287 0.449589941 1.106974983 -0.516133164 0.130559426 0.247297007 0.520924358 0.806496274
1578862424.877592802 0.449850347 1.114828584 -0.500016550 0.125386867 0.269577440 0.514149559 0.804522448
1578862425.109054804 0.452711030 1.119154438 -0.485678575 0.121860403 0.290628200 0.509768165 0.800513404
1578862425.273318291 0.457571042 1.120972605 -0.474885924 0.120766151 0.308046844 0.508980925 0.794645265
1578862425.471181393 0.465383155 1.124515326 -0.461532492 0.121145092 0.329152026 0.511033067 0.784747103
1578862425.669044018 0.474285511 1.127004307 -0.451438749 0.123310602 0.344391245 0.521348356 0.770963720
1578862425.965838671 0.489609667 1.121947209 -0.450291275 0.131147935 0.344459226 0.561714948 0.740691824
1578862426.130102158 0.493807189 1.118640995 -0.454257828 0.135433548 0.332912873 0.587020217 0.725419904
1578862426.359703779 0.492313464 1.113754286 -0.460254801 0.142317319 0.313793531 0.616055462 0.708346714
1578862426.426896572 0.491043386 1.111695480 -0.462615480 0.144405742 0.307714085 0.623900092 0.703709953
1578862426.656492233 0.486234599 1.103787572 -0.469925870 0.149306984 0.283573676 0.651410328 0.687719404
1578862426.919687510 0.485128464 1.091222659 -0.480010018 0.161769234 0.262895578 0.684237076 0.660708903
1578862427.216481686 0.486056319 1.079601920 -0.488177711 0.177459301 0.251001790 0.716676636 0.626003912
1578862427.447944164 0.483756882 1.075482886 -0.486971692 0.182736827 0.243609523 0.735558951 0.605156741
1578862427.677539825 0.483927883 1.074202207 -0.486169173 0.183856155 0.232038431 0.753952109 0.586439509
1578862427.909001827 0.486709457 1.070948505 -0.492097754 0.182667794 0.205543410 0.778790854 0.563798892
1578862428.237528801 0.486128830 1.061036807 -0.502514964 0.183425390 0.166088823 0.806369523 0.537157166
1578862428.534323454 0.477236694 1.052641946 -0.506572549 0.190843295 0.155989951 0.817538564 0.520458133
1578862428.633255243 0.475542795 1.050928318 -0.506556008 0.193740084 0.158215882 0.821711536 0.512076816
1578862428.930049181 0.477878817 1.052367484 -0.507409106 0.199997933 0.166465690 0.839614848 0.476798604
1578862429.391107082 0.465326591 1.054847771 -0.520626808 0.214877636 0.156239622 0.858848710 0.437944831
1578862429.555371046 0.454270560 1.053585803 -0.530936050 0.228138536 0.148472907 0.861719390 0.428191893
1578862430.050027847 0.419141033 1.050563499 -0.566530216 0.281807204 0.132051910 0.862809825 0.398379465
1578862430.214291811 0.408105243 1.053035261 -0.575122927 0.298015374 0.128737345 0.863812638 0.385280754
1578862430.511085987 0.387654828 1.062096350 -0.587496607 0.319874375 0.121338902 0.867980695 0.359953842
1578862430.774281263 0.374627012 1.072693060 -0.588719946 0.328213505 0.119990255 0.875380106 0.334047756
1578862431.071075439 0.367689404 1.084768681 -0.587555139 0.329732400 0.118842512 0.884944565 0.306636786
1578862431.367870092 0.361892226 1.096633447 -0.584574473 0.327733427 0.116838391 0.894651356 0.280247287
1578862431.696397066 0.355211845 1.110067653 -0.584225975 0.326524959 0.108933537 0.903524074 0.255262970
1578862431.993191481 0.352019859 1.124098791 -0.584573227 0.322417963 0.101746113 0.911878965 0.232746942
1578862432.388917446 0.346822009 1.138685469 -0.584567520 0.316258896 0.095185516 0.919605234 0.212711642
1578862432.618513346 0.342956671 1.144764023 -0.585157208 0.313137224 0.093979619 0.922297914 0.206105476
1578862432.849975586 0.337428703 1.150961780 -0.586697723 0.310354842 0.094057273 0.924244974 0.201505160
1578862433.178503752 0.329339905 1.159755202 -0.587061056 0.305069477 0.098047725 0.926859086 0.195579887
1578862433.409964800 0.321751179 1.165804401 -0.588465601 0.302589201 0.098501874 0.928195708 0.192846787
1578862433.673159838 0.311689144 1.171388224 -0.590478025 0.300177628 0.097558373 0.929361131 0.191477529
1578862434.035286427 0.297584176 1.178295448 -0.592314277 0.295572834 0.097574344 0.931332454 0.189039171
1578862434.332080841 0.284736510 1.181407301 -0.594042156 0.292585271 0.098490505 0.932514785 0.187375707
1578862434.595275640 0.272214154 1.182396953 -0.596360990 0.291045813 0.098396393 0.933181288 0.186502463
1578862434.991001844 0.251936233 1.179700000 -0.599034792 0.288545019 0.094778578 0.933802757 0.189132768
1578862435.353128195 0.236702199 1.176685737 -0.599101324 0.284439657 0.095135875 0.934961097 0.189449188
1578862435.616329432 0.228825867 1.174426724 -0.597214192 0.279516257 0.097674599 0.936276693 0.188987537
1578862436.012048721 0.217801632 1.170423520 -0.594754365 0.273292899 0.099711847 0.937319357 0.191835768
1578862436.473106623 0.204663628 1.165472728 -0.593161092 0.271141824 0.103743215 0.935756541 0.200197781
1578862436.769901037 0.199904357 1.165517335 -0.589885974 0.267189737 0.111415885 0.935496506 0.202589320
1578862437.033096075 0.197997587 1.166384164 -0.584315530 0.259715200 0.119711312 0.936043335 0.205036805
1578862437.329890728 0.198198089 1.169960076 -0.577956439 0.249692252 0.129670236 0.937491484 0.204814857
1578862437.559486151 0.197650729 1.171157599 -0.574452393 0.243400303 0.133810977 0.938100295 0.206926922
1578862437.955212116 0.190474788 1.167984858 -0.573337744 0.239331678 0.131102419 0.936872779 0.218636455
1578862438.416269779 0.179926331 1.158736233 -0.569197672 0.233739366 0.130715413 0.934572545 0.234208342
1578862439.108789921 0.170022798 1.140739632 -0.560640724 0.225863692 0.135307700 0.933757365 0.242434737
1578862439.536248446 0.169637631 1.129546515 -0.555585983 0.223236176 0.133433092 0.935202050 0.240329659
1578862439.997306585 0.167939782 1.116836299 -0.549000526 0.222207428 0.127974830 0.936520593 0.239113948
1578862440.458364487 0.166485664 1.105157458 -0.536479216 0.216382857 0.124043009 0.938125166 0.240235226
1578862440.854090214 0.165208303 1.100442579 -0.525564271 0.211054598 0.116213767 0.940563652 0.239353990
1578862441.085553169 0.163347180 1.101460593 -0.522356947 0.210960174 0.107452044 0.942004151 0.237861394
1578862441.414080381 0.160104737 1.107578997 -0.517125170 0.209312608 0.094690273 0.944608351 0.234386536
1578862441.710874319 0.155664641 1.116926081 -0.514219120 0.208420147 0.078890973 0.947163528 0.230691370
1578862441.974069595 0.149537293 1.124005867 -0.515965050 0.213308876 0.065140157 0.946976279 0.231283398
1578862442.336196423 0.135807271 1.124231829 -0.513882031 0.221318793 0.067333198 0.941659632 0.244461388
1578862442.567658424 0.126531275 1.120166292 -0.506093685 0.221588689 0.081806863 0.936818849 0.258024289
1578862442.666590214 0.123232267 1.118764148 -0.502180892 0.221690500 0.089627339 0.934739164 0.262836369
1578862442.797254324 0.119889260 1.118385808 -0.497851195 0.222399142 0.099338613 0.932361916 0.267154860
1578862442.995117188 0.116172798 1.119326301 -0.493939965 0.224728873 0.111035300 0.929524316 0.270467450
1578862443.984431505 0.087815024 1.133359713 -0.476470094 0.225080404 0.102689352 0.929700345 0.272857063
1578862444.312959194 0.075515595 1.140135505 -0.469030454 0.225728457 0.098222627 0.931473537 0.267873158
1578862444.609753132 0.064687383 1.143001342 -0.460101201 0.224170041 0.095147414 0.932839798 0.265527161
1578862444.872948170 0.053791681 1.144248214 -0.451431699 0.221870930 0.087341745 0.934108372 0.265680749
1578862445.070811510 0.045219696 1.144655769 -0.445143945 0.219710079 0.077992204 0.935104899 0.266877362
1578862445.235074997 0.038529760 1.146046597 -0.439928908 0.217307922 0.068691067 0.936350924 0.267031368
1578862445.399338722 0.030389229 1.147315796 -0.436053729 0.216173755 0.056423800 0.936854196 0.269052928
1578862445.729732513 0.017380518 1.150201879 -0.424256229 0.211746319 0.046318559 0.937419767 0.272511043
1578862446.190790176 0.009040107 1.155183900 -0.406335187 0.208749747 0.056448414 0.937435128 0.272859854
1578862446.487584591 0.007815615 1.156929134 -0.399104515 0.212277056 0.068269723 0.935846372 0.272890573
1578862447.607563257 0.007850703 1.184544549 -0.382497077 0.218432659 0.065298923 0.937024697 0.264590139
1578862448.133953571 -0.002086900 1.195362375 -0.378270900 0.230723216 0.080917324 0.933985622 0.260557178
1578862448.759274960 -0.008896775 1.196511054 -0.373960018 0.237699061 0.082949847 0.933799119 0.254239424
1578862449.089668989 -0.011801539 1.194696946 -0.372868923 0.240155202 0.072633777 0.935998882 0.246892499
1578862449.253938437 -0.013918908 1.192448632 -0.373650358 0.243472679 0.066702766 0.936659270 0.242778104
1578862449.386463165 -0.015936865 1.190286028 -0.373062934 0.246086815 0.063484772 0.937190048 0.238926302
1578862449.813921690 -0.024406225 1.178687731 -0.373840793 0.257515750 0.060914931 0.937268496 0.226942229
1578862450.176048040 -0.034088605 1.163043516 -0.369998319 0.263275658 0.069369680 0.936313713 0.221789103
1578862450.571774006 -0.043128407 1.140396517 -0.354257668 0.253847807 0.076931257 0.937499676 0.225249263
1578862450.803236246 -0.049652243 1.124443525 -0.340908594 0.243587624 0.076049509 0.938369355 0.233119058
1578862451.032831669 -0.058830080 1.106838678 -0.328091617 0.233283301 0.069966969 0.938928654 0.243097731
1578862451.197095394 -0.066847610 1.094733129 -0.320285188 0.226235985 0.060494948 0.939034846 0.251736369
1578862451.428557634 -0.077867124 1.078155926 -0.307945390 0.215402848 0.047830525 0.939301340 0.262729606
1578862452.514936686 -0.114165582 1.022193534 -0.281251876 0.219310518 0.083854522 0.928736075 0.286915699
1578862452.845330477 -0.120402194 1.010183548 -0.271959006 0.217407222 0.098645610 0.926008330 0.292423864
1578862453.931709766 -0.134731545 1.018763426 -0.260995397 0.210715369 0.078786502 0.925358521 0.305128379
1578862454.392767906 -0.146186112 1.037195220 -0.262393643 0.219364803 0.072220114 0.922144737 0.310342427
1578862454.655962467 -0.153992843 1.048686026 -0.260044136 0.222825133 0.075770912 0.919610772 0.314521473
1578862454.853825331 -0.158401542 1.059280454 -0.256763179 0.224646768 0.084117983 0.917789713 0.316417505
1578862455.117023945 -0.165859205 1.074855955 -0.253668877 0.228973036 0.099652514 0.914842066 0.317340069
1578862455.249551535 -0.168738463 1.084280569 -0.251652036 0.231028165 0.109198878 0.913749938 0.315852249
1578862455.677009821 -0.177030468 1.114998470 -0.248048011 0.236291262 0.126582971 0.912419616 0.309246883
1578862456.138067484 -0.187280225 1.150432105 -0.250074609 0.236676304 0.112613403 0.916817208 0.301245342
1578862456.369530201 -0.190575906 1.170329694 -0.250611259 0.232699811 0.102919364 0.922060134 0.291656497
1578862456.533793211 -0.194009297 1.183596003 -0.251412185 0.230249076 0.093989695 0.925215059 0.286580519
1578862456.830587864 -0.202679611 1.204253617 -0.255536053 0.231315651 0.082393408 0.928539024 0.278423557
1578862457.093782902 -0.208634611 1.219742865 -0.255399126 0.229053834 0.078390574 0.931123690 0.272759846
1578862457.390576839 -0.214689113 1.236506895 -0.253235732 0.223870534 0.074281362 0.934142974 0.267845416
1578862457.752703667 -0.222180065 1.254045125 -0.254301531 0.224065055 0.073184173 0.936178639 0.260784363
1578862458.083096981 -0.230828249 1.260634911 -0.249907257 0.219810531 0.078061494 0.935156813 0.266592326
1578862458.312692881 -0.234392165 1.263895760 -0.243880314 0.214370914 0.087816499 0.934727496 0.269477052
1578862458.476956367 -0.235836825 1.266454035 -0.240051593 0.210046186 0.095301588 0.934987285 0.269438275
1578862458.773750782 -0.234555586 1.273137085 -0.235660735 0.203784810 0.105772101 0.936662931 0.264474135
1578862459.169476509 -0.236693601 1.277813525 -0.235807150 0.201591852 0.113530195 0.937810994 0.258809117
1578862459.630534172 -0.246872554 1.274580316 -0.239468217 0.198383878 0.106196200 0.938512160 0.261841802
1578862460.057992935 -0.262943326 1.260827682 -0.241215105 0.193754801 0.093057615 0.937087769 0.275074300
1578862460.651581049 -0.284948946 1.237998980 -0.240774765 0.194276290 0.093674480 0.934560814 0.282980387
1578862460.914776087 -0.295022107 1.229309905 -0.243706581 0.199991724 0.091722667 0.934266865 0.280598801
1578862461.146238804 -0.304175310 1.221086542 -0.244518202 0.202910450 0.087312623 0.934670333 0.278559193
1578862461.310502291 -0.309954104 1.215090760 -0.243668138 0.202898492 0.082732990 0.935552954 0.276998420
1578862461.474765778 -0.314967544 1.209548887 -0.241667906 0.201337555 0.077118090 0.936878626 0.275271556
1578862461.836892128 -0.325439878 1.197597567 -0.232895163 0.193034056 0.064040188 0.940814935 0.271116147
1578862462.068354130 -0.330507409 1.190673398 -0.218364584 0.177655408 0.063030971 0.944759928 0.268131183
1578862462.331549168 -0.344043646 1.184370151 -0.204083913 0.164639063 0.062477817 0.947292787 0.267631980
1578862462.495812416 -0.357330018 1.182290318 -0.188390048 0.156368794 0.072143558 0.947791223 0.268395055
1578862462.628343582 -0.372893539 1.181696232 -0.182823494 0.154077125 0.078690210 0.947352571 0.269427533
1578862462.727274656 -0.384227631 1.183425197 -0.172511939 0.145126961 0.080770839 0.948717240 0.268979247
1578862463.024069071 -0.425233366 1.193654599 -0.148880121 0.125943220 0.103189526 0.950210067 0.265689772
1578862463.188332796 -0.449800640 1.204669391 -0.135808391 0.113122118 0.111034218 0.951769749 0.262695896
1578862463.352596045 -0.477395379 1.216620723 -0.132241165 0.116163493 0.123655582 0.950409661 0.260646920
1578862463.550458908 -0.511671745 1.232816595 -0.131441901 0.123050263 0.131273407 0.949329488 0.257680905
1578862463.714722395 -0.545355079 1.247291263 -0.134346374 0.141778633 0.136410346 0.945837231 0.258230459
1578862463.912585735 -0.582607498 1.264646725 -0.141922334 0.165070824 0.135966525 0.941983938 0.258710240
1578862464.045116663 -0.610877849 1.278363443 -0.140081071 0.179128081 0.136616544 0.938382594 0.262082350
1578862464.209379911 -0.647113983 1.297162755 -0.141825709 0.195999011 0.139193030 0.934324379 0.263149470
1578862464.373649597 -0.682036198 1.320115333 -0.134412256 0.201107185 0.135868617 0.933347113 0.264497233
1578862464.506173849 -0.707499982 1.337141584 -0.129514896 0.209063026 0.140554676 0.930775962 0.264939886
1578862464.670437813 -0.745001773 1.362387575 -0.126614737 0.217124036 0.138221330 0.929669273 0.263566045
1578862464.933632374 -0.799991411 1.400935987 -0.117725907 0.236061004 0.136266477 0.925313880 0.263630181
1578862465.131495476 -0.845919646 1.433788248 -0.106864167 0.240033381 0.129385186 0.925216025 0.263853665
1578862465.295758724 -0.878408232 1.460438683 -0.091280571 0.236135112 0.130005180 0.926076497 0.264047692
1578862465.428289890 -0.910615284 1.483933792 -0.083293914 0.236055702 0.130194426 0.926244811 0.263434369
1578862465.527220964 -0.938033699 1.505701209 -0.072480163 0.233206357 0.127771159 0.927434228 0.262973534
1578862465.691484690 -0.973898067 1.531414201 -0.062770071 0.241944826 0.127849339 0.924982116 0.263676569
1578862465.922946930 -1.025964102 1.569569331 -0.048919377 0.244338210 0.124733356 0.925320903 0.261766413
1578862466.053611040 -1.054659877 1.593010481 -0.030779935 0.235539787 0.127545251 0.927282335 0.261535253
1578862466.152542591 -1.080715319 1.608677491 -0.026626984 0.241265626 0.128335662 0.925385671 0.262644657
1578862466.316806078 -1.121384684 1.634482105 -0.016427294 0.245420111 0.121526774 0.924646149 0.264631275
1578862466.415737152 -1.144053589 1.651335826 -0.002680319 0.239811892 0.121852798 0.925899458 0.265240164
1578862466.548267841 -1.177551428 1.674014229 0.009550316 0.242954754 0.127265474 0.924615636 0.264314986
1578862466.712531805 -1.213078071 1.700476332 0.026061036 0.231684251 0.126556448 0.928354929 0.261654351
1578862466.811463118 -1.234136408 1.716669155 0.039299935 0.226101406 0.128317278 0.929875852 0.260276259
1578862467.009325743 -1.289436075 1.750176270 0.054578652 0.231046164 0.129293766 0.928927740 0.258832080
1578862467.272521019 -1.361107657 1.789970126 0.075398538 0.247123079 0.126558872 0.924645101 0.260661608
1578862467.405051708 -1.398327156 1.808240070 0.083914737 0.257892205 0.130656055 0.921427797 0.259598578
1578862467.569315195 -1.441179960 1.832807685 0.107952564 0.251383838 0.129202615 0.923738248 0.258496614
1578862467.866109371 -1.507292421 1.872419494 0.150490142 0.222667566 0.138375933 0.931517381 0.252084559
1578862468.129304171 -1.568677860 1.902968878 0.188011087 0.194356003 0.147203607 0.937718189 0.247470080
1578862468.293567896 -1.612793124 1.918457478 0.199002207 0.195991794 0.146860020 0.937744371 0.246282045
1578862468.426098585 -1.645741304 1.932219942 0.216354233 0.189056599 0.148804640 0.938963287 0.245891699
1578862468.689293385 -1.716181734 1.954018387 0.234905347 0.193525009 0.151043201 0.937357120 0.247175348
1578862468.986088037 -1.789641103 1.977910219 0.263858236 0.184637982 0.157395522 0.937717793 0.248637901
1578862469.150351763 -1.830139149 1.991223544 0.278321532 0.183059844 0.155927187 0.938258990 0.248688305
1578862469.314615011 -1.872294476 2.006656520 0.289796367 0.189942640 0.160182011 0.935994367 0.249355293
1578862469.447145700 -1.907539606 2.018889604 0.296699962 0.194065209 0.162087253 0.935063700 0.248439720
1578862469.841004610 -2.006948769 2.059541777 0.326258880 0.205545909 0.162854616 0.932533508 0.248214644
1578862470.072466612 -2.065580485 2.092529172 0.353660065 0.199216191 0.162790880 0.934240645 0.246994850
1578862470.236736536 -2.107831862 2.113150664 0.361515743 0.203352068 0.161191862 0.933512089 0.247427362
1578862470.369261026 -2.143569040 2.135071037 0.378905860 0.194612691 0.157078860 0.935979769 0.247778135
1578862470.697788239 -2.229878658 2.187837293 0.408008891 0.187568081 0.158926636 0.936767178 0.249053796
1578862470.929250240 -2.290296993 2.232770687 0.435458427 0.170474826 0.163200333 0.940047626 0.246200013
1578862471.028181791 -2.316879889 2.250899885 0.441629303 0.167448789 0.162923134 0.941048552 0.244631515
1578862471.192451715 -2.361592388 2.282620080 0.456938168 0.160891530 0.161846384 0.942767372 0.243124138
1578862471.390308142 -2.419742980 2.316674382 0.461436995 0.172725887 0.164218214 0.940072980 0.243846137
1578862471.554571629 -2.469428018 2.347735659 0.471965364 0.175189773 0.158919140 0.940289791 0.244761842
1578862471.884965181 -2.574246146 2.407447666 0.486009714 0.184895790 0.159276833 0.937705233 0.247292002
1578862472.247091293 -2.690877336 2.465261316 0.510822810 0.188497161 0.142717245 0.937195395 0.256447656
1578862472.312423706 -2.711380625 2.473839384 0.519539796 0.184491097 0.153119859 0.935381686 0.259958546
1578862472.411355019 -2.743573791 2.486515181 0.534627199 0.177243264 0.169418235 0.931569159 0.268442152
1578862472.674550056 -2.836221519 2.510377252 0.564236312 0.156261720 0.157564116 0.926654824 0.303424885
1578862472.906012297 -2.917259215 2.528093434 0.600967042 0.130852413 0.183388309 0.911918642 0.343002572
1578862473.036676407 -2.963947803 2.535670696 0.618508255 0.113373518 0.187995123 0.904140606 0.366516089
1578862473.234539032 -3.035417143 2.545246466 0.644840245 0.096758631 0.214954587 0.880796939 0.410644670
1578862473.531333685 -3.149785297 2.554416765 0.664862623 0.084592203 0.202461957 0.845867308 0.486170560
1578862473.729196548 -3.222173160 2.570452816 0.692458752 0.062956376 0.217082934 0.814971127 0.533604307
1578862473.927058935 -3.289231727 2.587129885 0.712983481 0.043664274 0.227434346 0.782707445 0.577698974
1578862474.156655073 -3.357066000 2.614215054 0.736079401 0.052943028 0.280912799 0.726027898 0.625434671
1578862474.453449011 -3.436925239 2.645560848 0.756867791 0.100363873 0.375187597 0.612370758 0.688595247
1578862474.617712736 -3.476266150 2.672157410 0.767570376 0.123048788 0.403296206 0.540663706 0.727938131
1578862474.684911013 -3.489443179 2.678569864 0.767236678 0.137218685 0.414298347 0.507409503 0.743009763
1578862474.914506912 -3.516709076 2.711941527 0.772773644 0.180300365 0.437126442 0.398094491 0.786087164
1578862475.013438225 -3.530101747 2.726381760 0.774885134 0.173102005 0.428326305 0.370354194 0.805859816
1578862475.177701712 -3.534948261 2.759858439 0.786212230 0.159587820 0.425625932 0.310877751 0.834703132
1578862475.244900465 -3.537504365 2.771551056 0.787774641 0.142897763 0.423652904 0.294976670 0.844444912
1578862475.409163713 -3.535361557 2.808737989 0.788309341 0.111896278 0.419453119 0.252359146 0.864785040
1578862475.573427439 -3.520690350 2.845814275 0.790285159 0.099541735 0.422479932 0.191308452 0.880342676
1578862475.672358990 -3.520126809 2.872671002 0.790654458 0.087122223 0.424700089 0.155252566 0.887657701
1578862475.771290541 -3.520208521 2.895489197 0.782786683 0.073340320 0.424645870 0.120554835 0.894295038
1578862475.935553789 -3.501985151 2.922695150 0.763337102 0.045143912 0.421799019 0.071784914 0.902715094
1578862476.034485340 -3.481714687 2.933239685 0.750071982 0.031323702 0.419493696 0.044840072 0.906108842
1578862476.167016268 -3.465273749 2.948256767 0.728153218 0.020480268 0.402933077 0.010585529 0.914939037
1578862476.265947342 -3.451148329 2.954583458 0.710706750 0.007319030 0.391768767 -0.009891414 0.919981427
1578862476.430210829 -3.398850359 2.955120205 0.680306453 -0.017573926 0.387765014 -0.040153583 0.920715559
1578862476.594474554 -3.353401441 2.957133295 0.643092079 -0.027768809 0.368489318 -0.073805521 0.926281416
1578862476.727005005 -3.308755795 2.958510289 0.614472060 -0.046747641 0.362406934 -0.093511110 0.926137973
1578862476.825936556 -3.272208420 2.950951472 0.592666233 -0.056848320 0.351973313 -0.108390834 0.927973320
1578862476.956600904 -3.233177875 2.941115865 0.564388674 -0.061029668 0.325458986 -0.126109333 0.935119385
1578862477.055537462 -3.207381467 2.931063186 0.541032690 -0.070671941 0.312991089 -0.134993711 0.937453334
1578862477.286994457 -3.126006277 2.909752717 0.498635844 -0.092518320 0.293403248 -0.156983248 0.938462122
1578862477.451258183 -3.075758977 2.889566771 0.459940988 -0.098940780 0.275786037 -0.170003385 0.940878118
1578862477.615521669 -3.008863985 2.869966014 0.432731567 -0.112717597 0.264486814 -0.180882579 0.940543971
1578862477.748052120 -2.960311401 2.852327209 0.411984365 -0.111564158 0.242781807 -0.190625323 0.944601725
1578862477.846983910 -2.929171065 2.841981626 0.392150665 -0.117762438 0.223289333 -0.194691789 0.947823290
1578862478.076579332 -2.836500688 2.805277499 0.354751443 -0.127716077 0.212919582 -0.211996467 0.945204398
1578862478.143777847 -2.816254139 2.797314639 0.340997489 -0.125313911 0.200803144 -0.216509341 0.947152694
1578862478.274442196 -2.787939694 2.785512075 0.321406232 -0.132091563 0.187060236 -0.222729045 0.947603324
1578862478.537640095 -2.677632974 2.734871971 0.293881020 -0.138185480 0.157139734 -0.232906150 0.949719223
1578862478.769099474 -2.598017260 2.698780610 0.272120800 -0.151097161 0.133718638 -0.236567113 0.950434098
1578862478.998695135 -2.523234556 2.666078536 0.257823780 -0.147720941 0.106530976 -0.242370301 0.952935628
1578862479.230157137 -2.445265174 2.636303480 0.248728077 -0.155929032 0.091584150 -0.248455991 0.951613420
1578862479.394420624 -2.394271726 2.619134973 0.237652824 -0.153383911 0.068240589 -0.251164167 0.953274965
1578862479.691214800 -2.340628630 2.610890742 0.229373809 -0.163471442 0.043006998 -0.254912558 0.952075141
1578862479.954410076 -2.300733292 2.604192021 0.216380991 -0.173465943 0.027945892 -0.253247555 0.951311868
1578862480.185872316 -2.245730134 2.591561569 0.207436160 -0.172722338 0.006349008 -0.251108560 0.952402843
1578862480.514399052 -2.131166516 2.565538525 0.200154065 -0.178367650 -0.013272784 -0.251259005 0.951250612
1578862480.712261915 -2.067353799 2.548224047 0.191211285 -0.182508744 -0.021316482 -0.250558822 0.950503257
1578862480.876525640 -2.007289339 2.533909717 0.191891800 -0.183008256 -0.028623823 -0.251136802 0.950062609
1578862481.107988119 -1.920384733 2.509210972 0.185955968 -0.180859210 -0.027260349 -0.251577484 0.950397595
1578862481.503713608 -1.766522143 2.465335265 0.187388689 -0.162765346 -0.000547659 -0.260342956 0.951697792
1578862481.733309269 -1.674319973 2.432591537 0.187980651 -0.148967644 0.017055901 -0.264002715 0.952796045
1578862481.897572756 -1.611426957 2.405012595 0.183015606 -0.142249328 0.033982020 -0.264832062 0.953139198
1578862482.194366932 -1.493018382 2.353001932 0.171628312 -0.123677996 0.059727271 -0.270095716 0.952987256
1578862482.293298244 -1.455025581 2.336160355 0.166189510 -0.121416936 0.069449275 -0.271227597 0.952297389
1578862482.457561970 -1.388199214 2.305274388 0.161561661 -0.115509997 0.087711301 -0.276193901 0.950095310
1578862482.590092421 -1.338455745 2.276481500 0.147039059 -0.107988580 0.095030366 -0.279208356 0.949394749
1578862482.853287458 -1.236973518 2.217442221 0.128757910 -0.100341557 0.130799930 -0.284117250 0.944510634
1578862483.051150322 -1.167678059 2.165907584 0.100298082 -0.095586408 0.140325981 -0.284862700 0.943411416
1578862483.150081635 -1.131118614 2.139177387 0.089392513 -0.096017805 0.144525548 -0.284553786 0.942826649
1578862483.249013186 -1.095567009 2.113505089 0.079317138 -0.092899275 0.145278615 -0.286444953 0.942450602
1578862483.413276911 -1.040765627 2.068550102 0.051151167 -0.089414584 0.138766260 -0.288068628 0.943273779
1578862483.545807838 -0.994760287 2.030325019 0.034628772 -0.091760051 0.139991055 -0.287386303 0.943075665
1578862483.809002638 -0.910158768 1.950244494 -0.005622204 -0.087846106 0.126301539 -0.288740378 0.944965596
1578862484.072197676 -0.823013202 1.864964136 -0.035661363 -0.097495568 0.131544357 -0.287054439 0.943816956
1578862484.171128750 -0.793518682 1.829392200 -0.048170820 -0.082897457 0.129511787 -0.285843062 0.945858580
1578862484.335392475 -0.747259075 1.768026053 -0.068215079 -0.084899192 0.126589151 -0.272682285 0.949953517
1578862484.467923403 -0.711476357 1.716780604 -0.079604940 -0.086469902 0.126506959 -0.256285269 0.954377706
1578862484.632186890 -0.670377799 1.649166463 -0.095043383 -0.067869847 0.125443773 -0.233902700 0.961741686
1578862484.895381689 -0.601027579 1.539984086 -0.106498968 -0.073436573 0.153120088 -0.178970359 0.969087673
1578862484.960714102 -0.585989056 1.511862287 -0.111651849 -0.066353119 0.161205832 -0.164024248 0.970930476
1578862485.093244553 -0.556288471 1.456086294 -0.122557521 -0.074483346 0.178160351 -0.126296988 0.973016028
1578862485.192176342 -0.533031611 1.414534750 -0.129855248 -0.089135570 0.189681091 -0.090175284 0.973624338
1578862485.488970280 -0.466022449 1.296634892 -0.154511972 -0.051318189 0.194791944 -0.007832104 0.979469857
1578862485.653233528 -0.427292781 1.236160784 -0.165868944 -0.041065743 0.195226847 0.042360234 0.978981968
1578862485.817497015 -0.389120437 1.180714017 -0.180749321 -0.027693980 0.202479760 0.094840516 0.974289622
1578862485.950027943 -0.355619683 1.143610745 -0.192817366 -0.022926662 0.202347238 0.135081041 0.969681946
1578862486.213223219 -0.288139855 1.084841162 -0.215480742 0.022002237 0.209634248 0.192435340 0.958403894
1578862486.444685221 -0.231093692 1.045188469 -0.235967110 0.051213250 0.208738182 0.251177832 0.943777130
1578862486.608948946 -0.191424853 1.021425522 -0.255643270 0.102411388 0.219848333 0.288353850 0.926299452
1578862486.773212194 -0.154600609 1.004401173 -0.275855570 0.136562797 0.216759663 0.333585746 0.907241093
1578862486.872143745 -0.129916815 1.000054717 -0.284107005 0.156226632 0.217622474 0.360513842 0.893455913
1578862487.070006609 -0.081311665 0.994917118 -0.311318379 0.205691849 0.236789407 0.410490278 0.856223903
1578862487.333201647 -0.012763270 1.005263736 -0.339058016 0.239705533 0.250082739 0.489437402 0.800281770
1578862487.465732336 0.012120752 1.019509852 -0.360518862 0.262818517 0.249229675 0.519514282 0.773896574
1578862487.629996061 0.046165471 1.045837736 -0.381422414 0.287107200 0.238948530 0.559056051 0.740222526
1578862487.926789999 0.096352485 1.113802675 -0.431049434 0.327513243 0.226565403 0.627771728 0.668809279
1578862488.255316973 0.137472029 1.216863765 -0.472254468 0.344223571 0.203264989 0.697211202 0.595054634
1578862488.354248762 0.144178081 1.254927486 -0.478916959 0.348366425 0.198649327 0.713000989 0.575159864
1578862488.486779213 0.151891014 1.305353336 -0.483509910 0.358264929 0.193666058 0.728387090 0.550991784
1578862488.749974251 0.157909638 1.410912548 -0.487931891 0.356176303 0.180115596 0.763994667 0.506960513
1578862489.046768427 0.146420772 1.540550643 -0.482746918 0.366125846 0.165934483 0.790557210 0.461992327
1578862489.276364565 0.129657068 1.645734073 -0.460819931 0.377836829 0.157284111 0.803096436 0.433055601
1578862489.573158503 0.091988572 1.782771760 -0.428866168 0.381158341 0.142629784 0.819837052 0.402793087
1578862489.804620981 0.049076678 1.887764391 -0.394900840 0.371212995 0.144251662 0.833863969 0.382182223
1578862490.133147717 -0.016090894 2.034685741 -0.336389299 0.337484719 0.149004294 0.858700585 0.355717713
1578862490.364609957 -0.069590355 2.136924455 -0.296638278 0.297002042 0.149231312 0.881134319 0.336336313
1578862490.528873205 -0.073117258 2.186468668 -0.205635611 0.249977929 0.169963745 0.895636082 0.326281121
1578862490.693136692 -0.158985856 2.272904181 -0.250947715 0.250534278 0.154090328 0.902751878 0.313891372
1578862490.890999556 -0.219152400 2.352019954 -0.218586644 0.226584940 0.159826584 0.911233452 0.304578930
1578862491.055263519 -0.281229438 2.413241262 -0.209196410 0.220655078 0.153723673 0.915258539 0.299970293
1578862491.286725760 -0.361919133 2.502009813 -0.181256238 0.198213609 0.158083926 0.922426200 0.291291510
1578862491.549920321 -0.460691822 2.592489602 -0.166091652 0.190602645 0.157083768 0.926760019 0.283039201
1578862491.714184046 -0.518807303 2.648216812 -0.150563114 0.183763728 0.163167895 0.928649933 0.277878447
1578862491.846714497 -0.566519602 2.689737029 -0.146213927 0.177502485 0.161877154 0.931354994 0.273617489
1578862492.010978460 -0.625334397 2.740936234 -0.133653167 0.156392584 0.160755583 0.937141250 0.267329907
1578862492.109909773 -0.662493683 2.767682790 -0.124862533 0.151012754 0.163305083 0.937866014 0.266334261
1578862492.373104811 -0.760436709 2.835460821 -0.113479991 0.134289162 0.162335248 0.942192097 0.260552759
1578862492.636299372 -0.858455307 2.897859722 -0.105568074 0.116246770 0.168972691 0.945154321 0.254201155
1578862492.768830299 -0.913147324 2.921688663 -0.076407664 0.099801502 0.173216438 0.946858311 0.251982270
1578862492.933093786 -0.895183523 2.935519522 0.011187849 0.037014595 0.178950708 0.949688600 0.254358264
1578862493.032025099 -0.895483861 2.946192892 0.059453572 0.002274978 0.180199044 0.950230225 0.254137068
1578862493.229888201 -0.905867497 2.981071299 0.134645165 -0.073877831 0.184286192 0.949347755 0.243555960
1578862493.328819752 -0.912221076 2.993002305 0.154060176 -0.096655137 0.190109545 0.946946766 0.240432875
1578862493.592014551 -0.938024794 3.022079579 0.210751001 -0.148218695 0.193255813 0.941854970 0.231500811
1578862493.954140902 -0.971402398 3.054740088 0.301721393 -0.216587917 0.197265178 0.928565115 0.227909964
1578862494.152003765 -0.998456139 3.076946733 0.362267391 -0.256276312 0.204035314 0.916754526 0.228589548
1578862494.448798180 -1.025116960 3.089096583 0.362013283 -0.296286632 0.197219896 0.908006677 0.221003210
1578862494.613061666 -1.053417713 3.109695287 0.414850176 -0.328954617 0.199936050 0.896691113 0.218539432
1578862494.745592594 -1.091936625 3.131617322 0.442463582 -0.388886247 0.201295583 0.874938680 0.206712072
1578862494.909855843 -1.125501606 3.160477162 0.474305896 -0.429687430 0.206061443 0.857625519 0.193354245
1578862495.008787155 -1.152856016 3.175023753 0.493978830 -0.460320669 0.205288614 0.843297508 0.186576473
1578862495.469845057 -1.235840924 3.217476989 0.537098215 -0.537999138 0.194375562 0.804177582 0.161472859
1578862495.634108782 -1.268663268 3.228004468 0.547458753 -0.565398208 0.185799626 0.788774007 0.153749573
1578862495.831971407 -1.289505827 3.232025745 0.553935877 -0.577485525 0.176398485 0.782957538 0.149571176
1578862495.996235132 -1.321169786 3.242333680 0.560087656 -0.604392002 0.164144255 0.767680521 0.135770353
1578862496.293029308 -1.357928652 3.244817942 0.562322230 -0.627404466 0.152235816 0.751784637 0.134192967
1578862496.391960859 -1.371284976 3.232113326 0.559925623 -0.632595498 0.146504832 0.745257137 0.151496101
1578862496.556224108 -1.398347018 3.209573658 0.556076286 -0.649298241 0.112313451 0.734996326 0.159930872
1578862496.787686348 -1.458532159 3.176870069 0.545332972 -0.684833272 0.071524510 0.700175706 0.188789871
1578862496.951949596 -1.499345533 3.148730107 0.529504151 0.712040951 -0.027975628 -0.672171604 -0.200998464
1578862497.149812937 -1.531702402 3.111659661 0.505511128 0.726700626 0.015629653 -0.647176443 -0.229835953
1578862497.347675800 -1.584331336 3.077059529 0.468722500 0.747792460 0.052908837 -0.602161135 -0.274607100
1578862497.511938810 -1.626352486 3.052326851 0.430983677 0.764505854 0.084712123 -0.559166641 -0.309333676
1578862497.808733463 -1.662271460 3.001108257 0.355179186 0.766829229 0.158267658 -0.504006208 -0.364557300
1578862497.907665014 -1.671669469 2.986309034 0.327586042 0.767281344 0.184973225 -0.484481734 -0.377281982
1578862498.204459190 -1.670733450 2.950240977 0.267958012 0.776744356 0.272359974 -0.439732101 -0.359338183
1578862498.335123062 -1.666495877 2.935164697 0.235483195 0.785314272 0.317841146 -0.407051286 -0.341420198
1578862498.434054852 -1.671283906 2.925563309 0.198349060 0.791737959 0.350315222 -0.367595725 -0.339563885
1578862498.598318338 -1.682076703 2.920195655 0.137308533 0.810317444 0.393320840 -0.288826574 -0.324443474
1578862498.730848789 -1.698295118 2.927019813 0.078735521 0.818510870 0.410139764 -0.220479281 -0.336473203
1578862498.895112276 -1.705604247 2.940359945 0.017752360 0.820541167 0.425888565 -0.149281699 -0.350779271
1578862499.126574755 -1.697224031 2.966103681 -0.070959590 0.809510179 0.449722986 -0.048231435 -0.374321032
1578862499.225506067 -1.684231202 2.982071624 -0.115832759 0.785670856 0.466174730 -0.010927244 -0.406550147
1578862499.356170177 -1.661862070 2.993949281 -0.152279222 0.768406563 0.487543109 0.030272066 -0.413444886
1578862499.587632179 -1.631298839 3.021173793 -0.202194367 0.727899002 0.515129881 0.075993397 -0.446126946
1578862499.751895905 -1.603139975 3.043987407 -0.236394601 0.704848772 0.533092312 0.124207607 -0.451190941
1578862500.015090942 -1.557378797 3.108024078 -0.295037542 0.644899342 0.555451194 0.206173906 -0.482774409
1578862500.212953806 -1.518997675 3.154095010 -0.322935073 -0.594778722 -0.574186118 -0.254282504 0.501885428
1578862500.311884880 -1.505837142 3.186155100 -0.335137786 -0.567986033 -0.574618561 -0.281531047 0.517634664
1578862500.608679295 -1.468628748 3.269138079 -0.352758010 -0.491695955 -0.578595550 -0.344209011 0.552252148
1578862500.937206745 -1.448052067 3.371039116 -0.350513024 -0.407504594 -0.558475335 -0.408774489 0.595775733
1578862501.234000683 -1.435373297 3.456570176 -0.329946117 -0.335131778 -0.530739003 -0.461992115 0.626550946
1578862501.332932234 -1.428852258 3.473896085 -0.323205927 -0.315000364 -0.529870994 -0.472069402 0.630207886
1578862501.728657961 -1.412345560 3.528123337 -0.295869956 -0.266181090 -0.508263049 -0.515066097 0.636807048
1578862501.892921448 -1.414041462 3.573542496 -0.267874345 -0.227519885 -0.477343484 -0.542632291 0.652631670
1578862501.991852999 -1.414031870 3.593630756 -0.252344341 -0.208504429 -0.462121745 -0.555756377 0.658865878
1578862502.189715862 -1.418910611 3.636846434 -0.213652419 -0.158205173 -0.431395451 -0.576546271 0.675620815
1578862502.452910662 -1.424912542 3.678995931 -0.164185541 -0.110151352 -0.386302889 -0.602464436 0.689690773
1578862502.585441351 -1.427235744 3.699787632 -0.133403466 -0.079755745 -0.362402346 -0.615402321 0.695401714
1578862502.749704599 -1.429807983 3.717727491 -0.100810013 -0.053609353 -0.332838701 -0.629299010 0.700233670
1578862503.046499252 -1.434491620 3.742023920 -0.041539355 -0.000888659 -0.288194073 -0.647314512 0.705639645
1578862503.145430326 -1.440889157 3.751115368 -0.012141746 0.018348567 -0.258126152 -0.653858591 0.710987456
1578862503.276094913 -1.443750055 3.756386676 0.011678895 0.040667365 -0.242429965 -0.657715849 0.712027907
1578862503.572888613 -1.459643650 3.765376395 0.094319342 0.101976291 -0.169684328 -0.666190049 0.719026344
1578862503.671820402 -1.464153900 3.764510986 0.127401227 0.129475655 -0.144524460 -0.668360780 0.718082588
1578862503.836083889 -1.463355124 3.761490504 0.157427996 0.153262419 -0.121980497 -0.673536544 0.712727096
1578862504.067545652 -1.459132359 3.753103509 0.201949428 0.183843538 -0.083228580 -0.682441082 0.702530232
1578862504.297141552 -1.451374277 3.744279255 0.232615348 0.203802411 -0.055841283 -0.691261083 0.691016963
1578862504.396072865 -1.451757071 3.737796502 0.251526218 0.217892508 -0.038657697 -0.691969034 0.687173408
1578862504.528603792 -1.454545614 3.724902351 0.283305143 0.248486183 -0.016548013 -0.691021134 0.678579821
1578862504.692867041 -1.457672963 3.711415418 0.310612880 0.272340808 0.006913891 -0.688656666 0.671963302
1578862504.857132196 -1.454447957 3.700385635 0.329553964 0.287988829 0.023437444 -0.690965917 0.662630532
1578862505.088592529 -1.456230219 3.676691522 0.364966097 0.321800376 0.053546743 -0.688101379 0.648146400
1578862505.187524319 -1.469421273 3.667388746 0.377321458 0.335056509 0.067817804 -0.675637572 0.653185848
1578862505.351787567 -1.474679198 3.657281070 0.389287907 0.351737090 0.074858805 -0.670959135 0.648452788
1578862505.450719357 -1.479572966 3.649668018 0.397711769 0.359683549 0.085451707 -0.665317153 0.648597591
1578862505.549650669 -1.487020617 3.637098475 0.410678033 0.370690661 0.103962274 -0.655717624 0.649472615
1578862505.713913918 -1.497954679 3.612147370 0.433518433 0.398195992 0.128289455 -0.641814263 0.642694499
1578862505.878177404 -1.509834159 3.587577249 0.452384825 0.420878206 0.153194209 -0.625240986 0.639114058
1578862506.010708094 -1.516529886 3.564939543 0.467696013 0.438726557 0.175998346 -0.612528031 0.633524271
1578862506.174971819 -1.526070004 3.539397567 0.482263293 0.462417340 0.194879606 -0.597828800 0.625134280
1578862506.273902893 -1.529771436 3.524909536 0.489684351 0.472713643 0.207887812 -0.589554254 0.621087958
1578862506.406433821 -1.533059178 3.509182983 0.496998311 0.483314441 0.221777900 -0.580880576 0.616278728
1578862506.505365133 -1.535782687 3.494197340 0.503378410 0.495481435 0.231900317 -0.574245081 0.609067301
1578862506.669628859 -1.537984083 3.477616372 0.509760804 0.507547491 0.243905226 -0.566916905 0.601257854
1578862506.833892107 -1.539312218 3.456854478 0.516944507 0.521196010 0.259609328 -0.558269164 0.591010369
1578862507.031755209 -1.546977375 3.420213975 0.526044755 0.548095083 0.282001961 -0.539221656 0.573852489
1578862507.196018457 -1.551078160 3.397780284 0.529968544 0.560917809 0.298494467 -0.525290649 0.565987632
1578862507.294956207 -1.554118561 3.377399729 0.532626868 0.574796611 0.310124267 -0.515131580 0.555041664
1578862507.427480698 -1.556772493 3.362471590 0.533848357 0.584782070 0.318443129 -0.507008356 0.547326622
1578862507.526412249 -1.561498873 3.343340447 0.534372029 0.596310417 0.330043761 -0.493773364 0.540067466
1578862507.690675974 -1.563252124 3.325748725 0.534579921 0.607095949 0.340011590 -0.484790904 0.529909810
1578862507.823206425 -1.566095329 3.311863779 0.533929713 0.617009848 0.346037598 -0.477245067 0.521338637
1578862508.052801847 -1.572547089 3.281962063 0.530873905 0.634667389 0.362296901 -0.456590486 0.507408504
1578862508.151733637 -1.573014238 3.273869174 0.529964153 0.640333457 0.365549998 -0.453568830 0.500621193
1578862508.250671148 -1.573197870 3.267622019 0.529195782 0.644539435 0.368200323 -0.451292280 0.495310727
1578862508.349596500 -1.573004021 3.260197245 0.528260755 0.648008552 0.372974128 -0.447432355 0.490692881
1578862508.448527575 -1.572016017 3.254295914 0.527619472 0.650192007 0.377358780 -0.444815843 0.486815746
1578862508.711722374 -1.571398542 3.246138472 0.526367448 0.654285495 0.382185987 -0.441387062 0.480647297
1578862508.844253302 -1.571649759 3.239055999 0.524994641 0.657088293 0.387155644 -0.436402046 0.477387407
1578862509.008516788 -1.571485405 3.234021552 0.524010368 0.660613806 0.388966710 -0.435174740 0.472141127
