1535224865.41754 -0.000601403655875626  8.15684715000053e-05  7.37221148899467e-05 -0.00126787472025203 -0.0017858976775235 0.00127339440900732 0.99999679075978
1535224873.06023  -0.0232051011027827 -0.00654360467501241   0.0121594250752329 -0.00165647040668532 0.0167658256822334 -0.0291294764325714 0.999433658027259
1535224873.19213  0.0712942272991342 -0.0377094181989427  0.0113478337240405 -0.00362591480301209 0.0260614142385559 -0.0499755478177484 0.998403776059588
1535224873.25743   0.139172826368464 -0.0759898046374889 -0.0016957303379137 -0.00548710971865908 0.0294582627742872 -0.0583582271580063 0.997845889756645
1535224873.32403   0.217924049045328  -0.136680115609567 -0.0163804208482289 -0.0080590353358644 0.0323351525869773 -0.0648717143252467 0.997337029562793
1535224873.38934   0.302996685894909  -0.213661703334466 -0.0386780884138132 -0.0111401262607331 0.0340932365705133 -0.0692369496225339 0.996955261591015
1535224873.45568   0.390709467556069  -0.296985963727198 -0.0702350008832993 -0.00967506877665144 0.0396442416757798 -0.0736010154363654 0.996452516516896
1535224873.52124   0.497853783222748  -0.409820496366801 -0.0973652461000816 -0.0149537707071003 0.0377703968321407 -0.0760156981338944 0.996278773989489
1535224873.58758  0.577386078048368 -0.490214075491167 -0.129247370424309 -0.00796643046299463 0.0473618496676694 -0.0789323720917935 0.995722386922027
1535224873.65315  0.715633346400597 -0.642922910216174  -0.15224103363607 -0.0192857953136144 0.0382222830419878 -0.0817818719811796 0.995730305149659
1535224873.71845  0.820770978184999 -0.760276578889976 -0.182767438269568 -0.0196676845285708 0.039052067053935 -0.0836433672497486 0.995535988982429
1535224873.76866  0.827589804729516 -0.778060235738036 -0.212882207766629 -0.00864352202837879 0.0517336395553531 -0.0859961581323099 0.994913855995475
1535224873.83396  0.946889674714849  -0.91146427097596 -0.239618152971523 -0.0139772879714177 0.0424303383995486 -0.0809018746799921 0.995720436908637
1535224873.90043     1.032243253308  -1.03180416187036 -0.282963197385173 -0.0119620068525106 0.0432719054414192 -0.0797324893126706 0.995804791482515
1535224873.96587   1.13105518855108  -1.13708934834387 -0.308841236807644 -0.0098211187997878 0.0394667578704863 -0.0719726790067053 0.996577068833771
1535224874.0486   1.27978847000947  -1.33590203407914 -0.371993258552867 -0.0133517341811982 0.0322903706964578 -0.063004585498829 0.997401366231649
1535224874.11416   1.39133866756137   -1.4548051054362 -0.393692197248585 -0.0155842993067702 0.0244772932889639 -0.0534136708125201 0.998150775934525
1535224874.18051   1.47530092245573  -1.56241068303347 -0.436382951147183 -0.0148137074102808 0.0219874637880993 -0.0459253558441345 0.998592993766489
1535224874.24581   1.58725542164704  -1.67201211310918 -0.451376419336161 -0.0172177938059104 0.0153824691891826 -0.0379935515194947 0.999011219787364
1535224874.34493   1.75419552612962  -1.76245556136073 -0.457560483498493 -0.0137194130315368 0.00955681087361696 -0.0239930320091237 0.999572298279122
1535224874.47684   1.97116837538907  -1.97008845199223 -0.480366949281322 -0.01886744978656 0.00800496202854417 -0.0251569791004921 0.999473394505332
1535224874.60874   2.16974933773748  -2.09980400707093 -0.468506860610797 -0.0177452094269518 0.00899793393917472 -0.0241508851364131 0.999510319843846
1535224874.73961   2.35251293586809  -2.28036464666771 -0.441691040978951 -0.02268018929906 0.00923279901698878 -0.0318715950134376 0.999191956466309
1535224874.83873   2.45862527497614   -2.3651122457213 -0.396258396402134 -0.0216733438616797 0.0109012688225006 -0.0377505897842443 0.998992653363805
1535224874.97064   2.60881304745041  -2.59041858131561 -0.323938336986353 -0.0294725710768323 0.00824784668504381 -0.0512082472252141 0.998218941913698
1535224875.06976   2.72921786306954  -2.74748534788706 -0.251126880170916 -0.0336102225468618 0.00522285671594639 -0.0555401970216672 0.997876926891723
1535224875.13506   2.82414547852469  -2.85179502809335 -0.196960570085384 -0.0362360337955916 0.00292114315539608 -0.0555256136178018 0.997795231001731
1535224875.20167   2.93394499062182   -2.9340430324101 -0.131579047946908 -0.0383168045002051 0.000867004803032776 -0.0524143304122104 0.997889677651294
1535224875.26697    3.06037960698568   -3.04568200707196 -0.0745943605578927 -0.0410498773327268 -0.000514724968894417 -0.0503740218121799 0.997886316448743
1535224875.33357    3.19604166772797   -3.14152118080684 -0.0133807944414783 -0.0439081570824579 -0.00184273202619054 -0.0460684801200371 0.997971128449983
1535224875.39887   3.33878084670127  -3.23278957486779 0.0552331136093966 -0.0477668702047563 -0.0036361062750953 -0.0414650404409654 0.997990859308454
1535224875.46443  3.51058681229878 -3.35697189861896 0.125311402332527 -0.0545700714569137 -0.00635279483284153 -0.036748209286105 0.997813268308888
1535224875.56356  3.78806861748057 -3.45957247685958 0.213343945225737 -0.0569527561156306 -0.0049279964592012 -0.024826727954495 0.998055976386498
1535224875.6299  4.02637603805871 -3.55318938906087 0.282259891749293 -0.0619312178308912 -0.00475340632671286 -0.0167246816377796 0.997928962607254
1535224875.6952  4.27501649806528 -3.61681288932016 0.341509596876773 -0.0647703006131177 -0.00220619426982118 -0.00806793949517697 0.997865145807605
1535224875.76077  4.53292736254999 -3.67286308750307 0.391712814902427 -0.0674015601252359 0.00226439336009496 0.000438925358723288 0.997723263014311
1535224875.85989  4.94127814495996  -3.7309756741699 0.453916797832044 -0.0705790215761352 0.0091958497550721 0.0161137833940186 0.9973336372776
1535224875.92623  5.21656297013667 -3.76182357012477 0.490616214293519 -0.0730236189023836 0.0133797194110734 0.0278664642449455 0.996851039203634
1535224875.99179   5.4617473813779 -3.77458261489603 0.516131742846555 -0.0738860958699523 0.0199049540105841 0.0394244692638457 0.996288286022774
1535224876.09092  5.88070727368941 -3.80864309438657 0.570990588086055 -0.0790817196794631 0.0237955802003857 0.053805785888664 0.995130538864309
1535224876.15622  6.12947497675954 -3.81633733185767 0.604182382564284 -0.0819069154483768 0.0278216524483283 0.0619863533047855 0.994321328776946
1535224876.22282  6.31868412367635 -3.79258311885976 0.635570018174971 -0.0821603836188421 0.0357547536331712 0.0704890985903116 0.993480022917502
1535224876.28813  6.58397887436251  -3.8267988490382 0.673157572135024 -0.0878912365131631 0.034665021841418 0.0779803026090236 0.992467903365104
1535224876.35473  6.80021858662954 -3.82028106289984  0.71285405588456 -0.0909247845369997 0.0363354318284824 0.0865523855475777 0.991423776448175
1535224876.42003  7.00535154143707 -3.81456069793936 0.753319954115395 -0.0934822927290909 0.0375888129092727 0.0950251877602348 0.990362739495644
1535224876.48533  7.19188147022395 -3.81145122745343  0.80258045056618 -0.0939745773225505 0.0398127055934382 0.102637158127322 0.989469221887132
1535224876.58472  7.46784166606254 -3.81631412282234 0.865137798554074 -0.0957207568136438 0.0418430706816931 0.11272334857162 0.988119497246032
1535224876.65106  7.50301599553669 -3.76982581163322 0.896475416983238 -0.0910007826909742 0.052319368465731 0.118794208657386 0.987354787916908
1535224876.81549  7.9604001636097 -3.8354499258392 1.04910173420336 -0.0968016627058138 0.0445282253377442 0.127070286088998 0.986154053705059
1535224876.94739  8.18801170219194 -3.85912451993881  1.15615205661127 -0.0954847482921382 0.050380193497895 0.129118595263202 0.985734694176866
1535224877.0793  8.36261676207546 -3.90015267789992  1.26699579607069 -0.0934613823340554 0.0540235414711723 0.129123348670507 0.985735049497194
1535224877.21016  8.48191193780306 -3.96725364290625  1.38595821009521 -0.0901865140297638 0.0531409692285036 0.12822125121765 0.986205729456484
1535224877.34207  8.40106723651186 -3.96721951333288  1.48969742898463 -0.0759385873111395 0.0600139696553342 0.129679035533705 0.986820653485954
1535224877.47397  8.61947429101846 -4.12443232395493  1.63114458860606 -0.0771498985153318 0.0438805270395974 0.127653457389096 0.987839555455445
1535224877.60562  8.69002547926312 -4.19047029089769  1.73437087168522 -0.0711866055118845 0.0438878841401254 0.121593283015527 0.989050754181455
1535224877.73752  8.79014641905383 -4.25151758985322  1.82782438920038 -0.0668787007230416 0.0442818317523737 0.117021206450495 0.989885041814009
1535224877.90221  8.92113082313706 -4.31694519358408  1.93832875261651 -0.0632692474945179 0.0436180441698251 0.113615488479225 0.990548327605425
1535224878.06663 9.01332133683628 -4.3821567110212 2.05270869905582 -0.0610857141519759 0.0343805537996368 0.118762527363801 0.990445341824139
1535224878.26488  8.98272136894514 -4.31539458248256   2.1433221262005 -0.0474647938131611 0.0345442964449011 0.131070819244534 0.989633379223825
1535224878.46235  9.26505433607764 -4.42760186383712  2.26822400904469 -0.0584596970204108 0.0241505548344274 0.142496980380608 0.987772152425791
1535224878.7259  9.38507517898321 -4.39598836386328  2.36267610815503 -0.0578575593222172 0.0249339546583751 0.15095246714669 0.986531374765495
1535224879.12161  9.45676886420913 -4.36449279248004  2.54169827194699 -0.0662921833278909 0.0233404880180648 0.155148069553026 0.985388068002992
1535224879.38438  9.38847824127178 -4.27535631116583  2.67127273658444 -0.0715017277326596 0.0434167576669164 0.136903423934193 0.987046068124498
1535224879.64793     9.56271728623 -4.36586794494164  2.86542524495696 -0.091728730621917 0.0297458507030719 0.146818916334181 0.984451740894849
1535224879.87896   9.6061650081453 -4.38649138491408  3.01094499711252 -0.100110016986989 0.0231555987417611 0.154222851118303 0.982678540998386
1535224880.07617 9.71473351682836 -4.3879977215504 3.12665331402724 -0.105142016723268 0.0267527140024594 0.153502730695703 0.982174302393332
1535224880.24086  9.85052239194477 -4.36259449489741  3.18708669659188 -0.108298374785914 0.028953175409693 0.162805615776633 0.980269099341613
1535224880.40528  10.0024486314002 -4.31452704350934   3.2260888041977 -0.110808202812293 0.031233556188451 0.172977409565928 0.978174229336059
1535224880.57101  10.0722739718954 -4.23417646246531  3.21406433915208 -0.106689653122836 0.0350753836443475 0.187851996823319 0.975755431790273
1535224880.76822  10.2632096503675 -4.19554737614516  3.24130832283682 -0.112123194286872 0.027950794701179 0.200654622773337 0.972823141551521
1535224881.36114  10.2742021866498 -4.27607360839201  3.32411069608509 -0.113999521306228 0.0145512940188305 0.173056680894454 0.978183906114859
1535224881.55835  10.2621205298645 -4.38674529279601  3.41539878095092 -0.112882613998909 0.0101942506106477 0.154315214390099 0.981499061292979
1535224881.72303  10.2876329107124 -4.49840719241728  3.51018186554258 -0.111196009323121 0.00786825966019681 0.144732745585431 0.983171384020017
1535224881.85468 10.3451272052489 -4.6120540678019 3.60235671141837 -0.110172592229454 0.00183748958262744 0.145446813923665 0.9832109884826
1535224881.98658  10.3882640515323 -4.71946977781682  3.69661508768427 -0.107689879613969 -0.00379143209280844 0.14963516784896 0.982851886814198
1535224882.11849 10.4374989153742 -4.8306303179291 3.79973075714914 -0.105444193091298 -0.00945395179117397 0.154638332096621 0.982282612685998
1535224882.25039  10.5067096789144 -4.94801851431312  3.92059636721967 -0.103324474910627 -0.0173456826192404 0.162327315514427 0.981159020147497
1535224882.3823  10.5549170379837 -5.05405991306469  4.03331391728245 -0.0992818526167551 -0.02011806015024 0.170562244248358 0.980125960391694
1535224882.5142  10.5982238526852 -5.15637440861543  4.15822020068379 -0.0944937681688349 -0.0242889841919659 0.178073951557243 0.979168341400479
1535224882.64585 10.6164622067264 -5.2590146689024  4.2908080580019 -0.0889526774786378 -0.0298020132836093 0.182595191200856 0.978702333359816
1535224882.81053  10.6484240715659 -5.35415551456927  4.46542195213156 -0.0815204239426179 -0.0257615798876833 0.169688844556337 0.981782286209647
1535224882.97496 10.6812527042469 -5.4649973669155  4.6342989298878 -0.0755649115906566 -0.0213464049241469 0.160505579028583 0.983906618655353
1535224883.13965  10.7029451912505 -5.56176522032155  4.79630027569511 -0.0682213473493189 -0.0230189641506482 0.159615985642898 0.984550004917232
1535224883.33789  10.7460170803002 -5.63459747476934  4.99374014730474 -0.0625264309627584 -0.0212766029709442 0.152352880289715 0.986116804169011
1535224883.5351   10.781305414183 -5.70631516149902  5.19201938539121 -0.0641812709720046 -0.0255955758186715 0.14907417661818 0.986408901430102
1535224883.76613  10.8224536495236 -5.77772386072549  5.42460436423368 -0.0688642385788537 -0.0316881616057358 0.147353269890895 0.986174726360124
1535224883.9636 10.8171911228419  -5.816989340295   5.625692784064 -0.0694338885961595 -0.0353796536536638 0.146459047443837 0.986142465693272
1535224884.1608  10.8301269194125 -5.93539810595248   5.8379445395491 -0.0761573763820653 -0.0384009521092062 0.142486544497562 0.986115107650649
1535224884.32523   10.855146622499 -6.01940388751248  6.00990607222506 -0.0771542407891874 -0.0352660053094327 0.136169752567018 0.987046772186403
1535224884.52374  10.8871160683299 -6.08106623603524  6.20960889371804 -0.0735642089738 -0.0312105099567531 0.128805242860088 0.988444950737294
1535224884.68817  10.9153203537751 -6.23525550741184   6.3993353398923 -0.0835361558448506 -0.0407306285885679 0.131717252872285 0.986921117342832
1535224884.82007    10.91100173204 -6.31716317137075  6.54212911005035 -0.0875967497707956 -0.0493948518196461 0.135553470609215 0.985653191872833
1535224884.9845  10.9235654042997 -6.38780181997108  6.74364275608706 -0.0936596788108586 -0.0530548851271263 0.134509030764426 0.985048407121198
1535224885.14918  10.9314018944002 -6.37714490592933  6.93314300418475 -0.0942263363048297 -0.0533121011459353 0.136714573394894 0.984676770742271
1535224885.28109  10.9770820958543 -6.46039555890244   7.1224177841345 -0.100489156974632 -0.0542231829989821 0.137937640353808 0.983836868149192
1535224885.44552  10.9879819020904 -6.48229540429346  7.32583666347169 -0.103963342760546 -0.0505072016365901 0.135461609755829 0.984017681867177
1535224885.6102  10.9755406679629 -6.48870907612725  7.52077650122405 -0.104626264214672 -0.0506640756422787 0.137393631944734 0.983671432022314
1535224885.77463  10.9899602284135 -6.53503062888743    7.721401684153 -0.110696583418485 -0.0546756459356043 0.133197283075348 0.983369373095555
1535224885.97313  10.9851649961235 -6.57401077997247  7.92479722848491 -0.112459994137989 -0.0609735613528928 0.124432284424649 0.983946940199161
1535224886.17034   10.965355274587 -6.60299451740975  8.10512110403678 -0.110311372212363 -0.0714943311759968 0.116944405350136 0.984400308729952
1535224886.36755  10.9517426681014 -6.67342322605263  8.29846515292788 -0.111150266703422 -0.0856190654529562 0.111065609751175 0.983859453465443
1535224886.53327  10.9420152439535 -6.72467264844578   8.4696426228423 -0.112098959013088 -0.0950232764305313 0.115434428759515 0.982384493455365
1535224886.6977  10.9295071451723 -6.77214677611411  8.64313944338688 -0.113319992532918 -0.0985440375848807 0.121852987806918 0.981121552770775
1535224886.86239 10.9091172305057 -6.8162806564424 8.82000800379116 -0.117312546878049 -0.100322357186841 0.124857917285731 0.980093715664237
1535224887.02681  10.8983925500119 -6.86615906273808  9.00403735812246 -0.11856190116297 -0.102090222716136 0.12661812392003 0.979534845073601
1535224887.1915  10.8849448530509 -6.91239316214476  9.18277184889132 -0.121783460611051 -0.103591010700306 0.12589544675525 0.979075087881405
1535224887.35593  10.8775319773506 -6.98359381272961  9.37766012571196 -0.126688278924712 -0.10727444339011 0.125086674268893 0.978159290554859
1535224887.52061  10.8644017586141 -7.04301116738483   9.5650552046068 -0.128517459317077 -0.112857160972698 0.123063911834011 0.977548872165467
1535224887.68504  10.8454235734274 -7.12164698694312  9.75219284106052 -0.133778888661953 -0.119218471500313 0.121765226763915 0.976249657901417
1535224887.85076  10.8205197503342 -7.20304402390103  9.94256717056382 -0.138020089724635 -0.126147029105738 0.117071294409519 0.975362339802742
1535224888.01519  10.7889963349262 -7.26016454261125  10.1144967546071 -0.139105875040842 -0.130561887452747 0.113548797495504 0.975043496291946
1535224888.17988 10.7675370987042 -7.3200112519249  10.294344316089 -0.140600658081766 -0.134812712155977 0.10636324052956 0.975060946121921
1535224888.3443  10.7427812398672 -7.39420630228305  10.4783072757828 -0.144371854265886 -0.143440359741302 0.10019344785739 0.973931673116531
1535224888.50899  10.7062995976384 -7.43420488193288  10.6462933283565 -0.145971582630305 -0.150830319218132 0.0945979679495998 0.973136031769848
1535224888.67367  10.6754246944307 -7.49492458925747  10.8176800226921 -0.147253221118047 -0.159956433672254 0.0883702829295947 0.972070533085
1535224888.8381  10.6407480473985 -7.57450659373416  10.9975399282744 -0.148405507737092 -0.171459509750991 0.0816570905370281 0.970520252933587
1535224888.97001  10.593004217214 -7.6280204521313 11.1270464338996 -0.148701824901554 -0.17981429043158 0.0779369999104706 0.969267977533814
1535224889.10191    10.54027101317 -7.69958293548235  11.2671185684065 -0.148620303017653 -0.188961536893773 0.0714811805003619 0.968037181073103
1535224889.23382  10.4749527317692 -7.76352098712625  11.3964099329791 -0.144229947050129 -0.198898514419508 0.0645695666803744 0.967195882122302
1535224889.36546  10.3986377666221 -7.83731991906311  11.5333376700822 -0.14602574577369 -0.209468777501401 0.0598218480558065 0.964997750939604
1535224889.49737  10.3225219690864 -7.89295488215973  11.6603967695111 -0.143085056224411 -0.21784508168659 0.0496384529914312 0.964160884424813
1535224889.66205  10.2228628746185 -7.93801306450045  11.8010147066842 -0.136612912400347 -0.228174137114566 0.0387513667836356 0.963209118981916
1535224889.82648  10.1268886145317 -8.00225305286459  11.9507875853688 -0.136731627547793 -0.242650418169402 0.0303451452429871 0.959950211599814
1535224889.99117  10.0359099509496 -8.04979872989504  12.0818763632693 -0.134350766236565 -0.25467416318118 0.0226406877651585 0.957380980319295
1535224890.15559   9.9396929381355 -8.09304974992864  12.2062860034453 -0.131034213357714 -0.266930089199666 0.0129449966297128 0.954678369646993
1535224890.32132  9.85022103073005 -8.12609693353926  12.3167063508308 -0.124529602261878 -0.2802135727597 0.00560290697197541 0.951809507850813
1535224890.48575  9.72872329928099 -8.20120704925093  12.4342039248046 -0.126549693768792 -0.294789299196991 -0.00325314700792942 0.947139831873054
1535224890.61765  9.63391827364732 -8.24308684152812  12.5129744584344 -0.124293690260975 -0.307033430955252 -0.00784766461450137 0.943514687218622
1535224890.78234  9.51454514975409 -8.29322853549124  12.6139584886124 -0.121132182192547 -0.318550176630167 -0.0188608729103987 0.939945236106455
1535224890.97954  9.39971237806306 -8.32786897593938  12.7146036673073 -0.11698329730147 -0.330513418042197 -0.0277308336573173 0.936112594462445
1535224891.11145 9.26177150372109 -8.3837861729408 12.8211217218792 -0.116670437970872 -0.343528519732683 -0.0390019007783949 0.93105049098834
1535224891.27588  9.15770155259277 -8.41563410111778  12.9186111392773 -0.112139747311282 -0.355185637743309 -0.0459222242518945 0.926908295967622
1535224891.44056  9.05574126369858 -8.48454025442078  13.0218088820049 -0.11066038291176 -0.363208948726926 -0.0524051014638503 0.923627221642513
1535224891.57247  8.98625593544468 -8.53302240522883  13.1048022531473 -0.107001967720318 -0.370523411001996 -0.0555266918009016 0.920966756892492
1535224891.73689  8.86691527827521 -8.61443692118887  13.2034528866348 -0.107348836894574 -0.381432907210853 -0.0605578294600597 0.916142954895766
1535224891.8688  8.76982220802394 -8.67514663010679  13.2774233949495 -0.105410744520347 -0.391253593392582 -0.0661282497361183 0.911831264644888
1535224892.0007  8.66945420906126 -8.73852999627915  13.3457449682903 -0.102863033413251 -0.401371287465632 -0.072336644555866 0.907241806691911
1535224892.13261   8.5716169641494 -8.79474126662394  13.4078743155126 -0.0980548452110142 -0.411501303542552 -0.0780771551421106 0.902749069430891
1535224892.29703  8.42774456874148 -8.88497430650297  13.4883701352514 -0.0968797143972271 -0.422179865877335 -0.08538295085826 0.897267091499985
1535224892.42894  8.32316776838129 -8.93495326501929  13.5620968221335 -0.0920591185480133 -0.428567809809987 -0.0905171424155666 0.894237886703395
1535224892.62615 8.16610297909554 -8.9943784112076 13.6639657226726 -0.0866187053196227 -0.439660478048311 -0.0952757922500847 0.888886037319859
1535224892.79187  8.03452536785858 -9.05748208393236  13.7421099840319 -0.0857089946706546 -0.447593314807374 -0.0945025301437173 0.885089523476992
1535224892.9563  7.92235691060081 -9.09486465220107  13.8132551647345 -0.078537033330285 -0.454272480108677 -0.0962944524928369 0.882154083270431
1535224893.15351  7.77651153238409 -9.18496745472025  13.9100660133817 -0.075786314482684 -0.46089983187116 -0.0981927605969766 0.878741123018955
1535224893.28541  7.68329565931226 -9.22238060148273  13.9649170118027 -0.0719909667325644 -0.469396774531931 -0.0955286734529305 0.874847553186413
1535224893.4501  7.56894088763772 -9.26301681551855  14.0281945744368 -0.0673556119849709 -0.479511602779343 -0.0923694517315362 0.870057313469022
1535224893.68113  7.37564720767419 -9.32933795364851  14.0980879192924 -0.0630043914527832 -0.49171378250142 -0.0972048975716459 0.863017503092433
1535224893.87834  7.22613695186862 -9.35371568196522  14.1472935720047 -0.0603574926058529 -0.502175531192523 -0.0998491501133604 0.856858714246101
1535224894.07554  7.09335385498466 -9.39929510873205  14.2214654008858 -0.0589020585510097 -0.512999744297852 -0.0987419638313982 0.850653768831662
1535224894.24127  6.99434812484589 -9.43269669155746  14.2744666593183 -0.061346724941396 -0.521723489145465 -0.0929065685235607 0.845818863432368
1535224894.40569  6.88791994821998 -9.47426629724986  14.3321804576995 -0.058152748996793 -0.528973305765151 -0.0953300369283078 0.841259581598481
1535224894.5376  6.79733645521534 -9.50391656572665  14.3702749259623 -0.0541965496903282 -0.535222240848282 -0.100186139000081 0.836996191422197
1535224894.73481  6.65638806254189 -9.54823441739226  14.4187182632306 -0.0491277569550556 -0.545933292241379 -0.106515768257037 0.82957681683595
1535224894.89949     6.54124385711 -9.58346584832208  14.4606847978605 -0.0442311992353081 -0.55095569851189 -0.114479347361713 0.825461021683713
1535224895.0967  6.40447453288294 -9.62416577438436  14.5163922913686 -0.0390925597447428 -0.558545940149075 -0.12208843607336 0.819507546208545
1535224895.32773 6.24846939355622 -9.6698280404951 14.5828305504324 -0.0382489448930706 -0.569463841996524 -0.125303321592088 0.811509105599632
1535224895.55876  6.09798320377795 -9.71425055604077  14.6658843150859 -0.0374596856593978 -0.575540829803514 -0.127944153103791 0.806833203869261
1535224895.75597   5.9618996060294 -9.74454370367322  14.7312691796445 -0.0344625718131203 -0.579744075437184 -0.134604635771441 0.802864079510566
1535224895.92065   5.8386194620092 -9.76171948557526  14.7713188908872 -0.0340640100590759 -0.58803333346314 -0.140084299468649 0.79588493577734
1535224896.11786  5.68306881214868 -9.78135166625483  14.8113037235162 -0.0322579444192937 -0.595751090365089 -0.148684551047949 0.788627267871406
1535224896.28333  5.54951005338229 -9.80326791366248   14.839034339706 -0.0307794319116277 -0.599300840519149 -0.15577871943408 0.784617180347026
1535224896.48079  5.39431964296228 -9.82954026980261  14.8758047251898 -0.0314518564340887 -0.606183106920319 -0.154848906250653 0.779470742134851
1535224896.64522  5.25843207337079 -9.84701950534774  14.8977172229826 -0.0338357755248663 -0.610454364977473 -0.153840796594915 0.776230389689571
1535224896.84269 5.08910917458212  -9.864467563736 14.9160693675255 -0.0379152574731617 -0.616869382982028 -0.152350842699808 0.771248220950152
1535224896.94181  5.00074681704213 -9.87400242220074  14.9268465061615 -0.0397042951605072 -0.618331598786878 -0.153582735076406 0.769741480221718
1535224897.17284  4.79401655532121 -9.89601414334148  14.9579304603311 -0.0370715141248895 -0.620298384772059 -0.161753338697965 0.766610379599523
1535224897.37005  4.6158353614929 -9.9266455021686 14.9994520535054 -0.0360713774188787 -0.618356439817849 -0.168121140708465 0.76685686481493
1535224897.56725  4.42831827931517 -9.95900387359397  15.0511614023748 -0.0340285954689993 -0.617717343726278 -0.173561280510954 0.766253104305331
1535224897.73298  4.27865948375087 -9.99307651288905  15.0816501144104 -0.0384095349955762 -0.620949560667958 -0.171849957174268 0.76381538538242
1535224897.89741  4.13345058759229 -10.0242528144234   15.110435719232 -0.0407716258365877 -0.622930473029708 -0.17199128078581 0.762046126970856
1535224898.09462  3.97339032860921 -10.0609728735975  15.1207487133974 -0.0427025578124777 -0.626249385368135 -0.173617175140051 0.758844697799684
1535224898.29208  3.81700720513562 -10.0958665338246  15.1307165588924 -0.0415972810650602 -0.62797022989412 -0.176156711307192 0.756896207967879
1535224898.45755  3.69199461266836 -10.1285178003162  15.1510024178979 -0.0424098198770081 -0.628197566649794 -0.176678498842316 0.756540767229436
1535224898.62223  3.57089290822244 -10.1553273059988  15.1718824877349 -0.0457739786364613 -0.629847038203881 -0.17491741907652 0.755381590885823
1535224898.81944  3.42612838803949 -10.1810439773463   15.200588891598 -0.0498379316981938 -0.629862635099061 -0.176460066836664 0.75475233439991
1535224899.01665  3.27054805518778 -10.2063230982113  15.2325832907211 -0.0530668151946629 -0.631452760883904 -0.176651772693178 0.753157005611412
1535224899.18237  3.14137163962264 -10.2352037303331  15.2482607575175 -0.0545931631595083 -0.632283233830474 -0.178578000797513 0.751895868045756
1535224899.3468  3.01754190347845 -10.2714334399469  15.2514730460629 -0.0566789781139399 -0.634727867512631 -0.179747555241644 0.749398988541805
1535224899.52775  2.89243131843225 -10.3164228385958  15.2545151911415 -0.0584366878856546 -0.636494690495518 -0.18104224539382 0.747451247816694
1535224899.7087  2.74896356032275 -10.3667806516828  15.2587316511684 -0.0592094261501973 -0.638084761531704 -0.183208305835758 0.745504391421528
1535224899.90694  2.60395446924155 -10.4168591941878  15.2839071446772 -0.0590574909266335 -0.636663711940468 -0.187286459257481 0.745717984792127
1535224900.07163  2.48350478471767 -10.4608411945253   15.328416252302 -0.0614850991493045 -0.633350668810822 -0.190256042454472 0.747588891844339
1535224900.26884  2.33475392807838 -10.5068967489163  15.3918097495415 -0.0652886735678729 -0.630684761126354 -0.191218445018728 0.749272732368769
1535224900.417  2.23336693886952 -10.5412639478874  15.4143498371946 -0.0662955208696629 -0.6301600535538 -0.195349279458092 0.748559863893928
1535224900.56517  2.10241760355554 -10.5889964487204  15.4157117528517 -0.0676871201410659 -0.632477611871828 -0.200300031085828 0.745164694409856
1535224900.69707  2.00080949361734 -10.6387955703675  15.4036337277477 -0.0724542051499786 -0.635018793656924 -0.201495563381302 0.742227093143494
1535224900.86176  1.86894629626604 -10.6980652213334  15.4048802256876 -0.0758683380673583 -0.636986116939925 -0.198484898384504 0.741010409655617
1535224900.9934  1.76384312974669 -10.7520132117838  15.3965276903667 -0.0804744567480251 -0.637781208786159 -0.195656882424293 0.740592584279901
1535224901.15809  1.6318161631955 -10.818782536206 15.3989333980084 -0.081572160583515 -0.635201718268675 -0.195366326434436 0.742762921948702
1535224901.28999  1.51708692985508 -10.8811524115679  15.4172596814366 -0.0824145342586722 -0.632093518293051 -0.195369027394345 0.745316423950141
1535224901.45442   1.3876764189494 -10.9355533388858  15.4414534801225 -0.0861912905232015 -0.630955653145792 -0.191444976007042 0.74687003311351
1535224901.58633  1.27691005936268 -10.9886448992614  15.4580532840055 -0.0894196876662155 -0.630614663860039 -0.189707206900985 0.747221815013583
1535224901.71823  1.16929449571843 -11.0461813635425  15.4715303161603 -0.0911201082839092 -0.629630833584401 -0.190528864525084 0.74763687111386
1535224901.88292  1.03580549094006 -11.1139769465112  15.4943027250531 -0.0896669374873675 -0.628603633601461 -0.19110316337948 0.748529821110043
1535224902.01456 0.925904371223126 -11.1768730358429  15.5072097138838 -0.0906867296090993 -0.628205852807389 -0.190930700109135 0.748784876534764
1535224902.17925 0.770833893397258 -11.2720716726554  15.5377208229734 -0.0915075761671933 -0.628725561233109 -0.188151091777528 0.74895240090345
1535224902.31115 0.661893599597047 -11.3227726448098  15.5386302039146 -0.0904870745203823 -0.628845350015692 -0.187591094233676 0.749116277004176
1535224902.4428 0.544524550680531 -11.3914399359621  15.5519876657522 -0.0908151645638567 -0.629581081481267 -0.184304652488477 0.749274357493448
1535224902.60749 0.402832673326444 -11.4742768349636  15.5683288222357 -0.0919130990293809 -0.631189189611956 -0.1773263299677 0.749471521703129
1535224902.73939 0.293620137379644 -11.5327340737764  15.5880188323043 -0.0904972259457859 -0.630969389357827 -0.172842482128845 0.750875061618821
1535224902.90382 0.152147975005986 -11.6071532414628  15.6415025044093 -0.0864029160648774 -0.630249162607611 -0.167482314052347 0.753173422000247
1535224903.10232 -0.00788854053851296    -11.6608406808933     15.6657345700919 -0.08723056601768 -0.629472702886467 -0.165806929778827 0.754097478254873
1535224903.26675 -0.144675035161907  -11.6981904144671   15.7068628649234 -0.0864330342458628 -0.6295366891316 -0.163521930721475 0.754634657169546
1535224903.4477 -0.282533646113638  -11.7280301497075   15.7505415167399 -0.0831245237968092 -0.627421716723514 -0.165947438977042 0.756236570409177
1535224903.62864 -0.445504982159978  -11.7619696851003   15.7984744234926 -0.0787113425005117 -0.627024339897781 -0.169246680057384 0.75630718826881
1535224903.85967 -0.634323746260218    -11.81660859646   15.8043843649361 -0.0794455965308561 -0.627645566834123 -0.175826752762246 0.754211106148943
1535224904.05688 -0.785797291237875  -11.8618861405519   15.8305564194001 -0.0805486745444933 -0.625902867009296 -0.175642235970892 0.755584089987219
1535224904.23783 -0.905792952208898  -11.8977358899547   15.8634553200439 -0.083040423946671 -0.622221293285496 -0.173441425298915 0.758856391001066
1535224904.41981 -1.05540583413133 -11.9406768008571  15.9098120200811 -0.0896938912570652 -0.615762333626095 -0.171618873175821 0.763766140077166
1535224904.58424 -1.18241711695125 -11.9704123453268  15.9542049349113 -0.0929975819598971 -0.609979678364426 -0.173804507542451 0.767507807706195
1535224904.78171 -1.34140328532994 -12.0100566642214  15.9959049689757 -0.09810115447798 -0.605668534730013 -0.175440277267957 0.769910708225459
1535224904.97892 -1.49527101657092  -12.056526054576   16.003993414312 -0.107896315857537 -0.60495952407613 -0.175330446644474 0.769182419022564
1535224905.14438 -1.62395695922598 -12.0879918849075  15.9971495033788 -0.110719629932705 -0.604045640634582 -0.177697056668937 0.768956295005846
1535224905.30907  -1.7449660857296 -12.1190303465509  15.9922909994177 -0.114203825895912 -0.602730945595437 -0.177001477127149 0.769638467377492
1535224905.50628 -1.89049214396833 -12.1545312618966  16.0000570162517 -0.120050864353705 -0.598112400173609 -0.177901263683736 0.772140199125925
1535224905.67096 -2.01799185758504 -12.1776191080614  16.0146226217641 -0.125039690976396 -0.59413577628824 -0.179695566134843 0.774000813001108
1535224905.86921 -2.17405215446727 -12.1932457101679  16.0402063867833 -0.129330933243643 -0.590345139153807 -0.180941977343411 0.775903426477069
1535224906.03364 -2.30259218850409 -12.2125697721831  16.0691703402726 -0.133703033243755 -0.586261071691205 -0.182255943040625 0.777948729639217
1535224906.2311 -2.46751489597401 -12.2375870092569  16.0989814993899 -0.136088731677424 -0.582498341302532 -0.184411207215867 0.779851297455749
1535224906.39553 -2.60119858177001 -12.2712231123906  16.1128953015904 -0.139136002102456 -0.581097941397282 -0.184021834074349 0.780450075281372
1535224906.59378 -2.76529701248851 -12.3055807162445  16.1194341290287 -0.140061872895902 -0.581065434327865 -0.182366500392089 0.78069718350011
1535224906.75846 -2.89638161063007 -12.3361848659437  16.1173619541878 -0.141060348960115 -0.580791800643711 -0.180404814340211 0.781176654297324
1535224906.95567 -3.05500919249041 -12.3656381619409  16.1265869095277 -0.139958797943016 -0.578461077955841 -0.179546660063706 0.783298993378953
1535224907.12036 -3.18862525427643 -12.3834862789143  16.1536030619725 -0.136530271483338 -0.576066276836521 -0.179480182746559 0.785680592646691
1535224907.3186 -3.33663124139128 -12.4127943259427  16.1942007241026 -0.13511297346461 -0.572655488102498 -0.181582521092266 0.787932715643549
1535224907.48303 -3.46107853164935 -12.4355102042265   16.245528661436 -0.133597542209421 -0.570427666068316 -0.180861750160488 0.78997025376171
1535224907.6805 -3.62602119777148 -12.4680008442577  16.3238762661778 -0.132331984780789 -0.566712855572196 -0.182404768895546 0.792498129598643
1535224907.91153 -3.80528611221566 -12.4828518907999  16.3816942213928 -0.129045834957514 -0.565061988002471 -0.186028924110945 0.793375927028882
1535224908.07595 -3.93026500105947 -12.5087441902354  16.4021268381629 -0.128341042888812 -0.566233644989328 -0.186718849267862 0.792492338966376
1535224908.2569 -4.05424486227612 -12.5390906806854   16.418012261385 -0.126135132608186 -0.565720719039441 -0.189025118874953 0.792666071435963
1535224908.47063 -4.21148051658614 -12.5864278849239  16.4535485517579 -0.121190151685985 -0.55951338761644 -0.193625141133691 0.796722675046507
1535224908.6361 -4.32146215613093 -12.6283184148488  16.4879243088503 -0.1240621133371 -0.555949711852486 -0.190823506729531 0.799446620610104
1535224908.80078 -4.43377083787823 -12.6621190016156  16.5302206220179 -0.128460312382403 -0.552222209372346 -0.189058590032631 0.801751475928429
1535224908.99799 -4.56644540291987 -12.6901739864952    16.58548724844 -0.133613366593076 -0.549230979331157 -0.187992429278141 0.803213325427751
1535224909.1952 -4.71402895767509 -12.7076682530491  16.6194642729473 -0.134217777462093 -0.546928188641382 -0.191173323378626 0.80393277399977
1535224909.36092 -4.82676768713525 -12.7305667499539  16.6414484025163 -0.133868747139285 -0.547032480476271 -0.192685849909248 0.803558826152813
1535224909.52535 -4.94712806826834 -12.7532177631546   16.661634398659 -0.131259200422136 -0.549753762201515 -0.190774168948295 0.80258771465299
1535224909.72256 -5.06969010206384 -12.7943587795334  16.6643689380938 -0.132804333699048 -0.549756250352406 -0.190998858202817 0.802278324719318
1535224909.88724 -5.17196665722024 -12.8177025567122  16.6770908905968 -0.131116193812135 -0.548096980385999 -0.19152860048794 0.80356396074432
1535224910.08549 -5.28352318033445  -12.837231578414  16.7162725102231 -0.127478494087346 -0.542788385793138 -0.195132649617875 0.806878708881583
1535224910.31548 -5.38099800238675 -12.8465037359685  16.7824555668591 -0.131201587994551 -0.537553659979122 -0.196239546840437 0.809513586177909
1535224910.54651 -5.53291410689206 -12.8691537773952  16.8180516356404 -0.133944595343531 -0.537742296618227 -0.202748092435352 0.807332198552639
1535224910.71119 -5.64194988531486  -12.884380922389  16.8285763907687 -0.136012056686247 -0.539738783129535 -0.208968711063954 0.804061467935192
1535224910.87562 -5.75348746476666 -12.9019529382465  16.8360602939238 -0.13957627413103 -0.541132270648856 -0.214821664004254 0.800965655965695
1535224911.04031 -5.86911959058754 -12.9206438465407  16.8452413040724 -0.142728808777963 -0.539782475481123 -0.220343946721666 0.799819924390118
1535224911.23751 -6.00996787621825 -12.9430344434642  16.8600731936245 -0.145232599588971 -0.537277436585289 -0.227792251984936 0.798968796692713
1535224911.40298 -6.11586113871609 -12.9509252820214  16.8646789875688 -0.147030563371305 -0.533772825081196 -0.237558609492154 0.798144405289989
1535224911.56767 -6.25358440316831 -12.9785009647509  16.8883748273251 -0.147805749585218 -0.535613595347105 -0.239842314583978 0.796082408425095
1535224911.73235 -6.37405270049663 -13.0001801199933  16.8973003912789 -0.150058611933325 -0.536356168489804 -0.242946994342045 0.794217370401672
1535224911.89678 -6.49132140095359 -13.0151856787711  16.8900630572025 -0.15135816076612 -0.53802931324806 -0.247372276484761 0.791468332962264
1535224912.02868 -6.60841087044109 -13.0503897576513  16.8941813493286 -0.147056167765656 -0.542481315998758 -0.251009641822838 0.788087980511253
1535224912.16059 -6.71815963455375 -13.0746419012459  16.8798575869911 -0.143394446557292 -0.545495569414684 -0.258868160969785 0.784130022178465
1535224912.29224 -6.82969263577904 -13.1000334030408  16.8556624627891 -0.137446635594169 -0.551268995571065 -0.267215295550339 0.778335983178124
1535224912.42414 -6.92850813952633 -13.1148079915126  16.7938672612462 -0.129537340766128 -0.564560491274615 -0.272321703755189 0.768330930460877
1535224912.55605 -7.03746967837171 -13.1464399901112   16.730313365096 -0.12142603049652 -0.576415955665023 -0.281140995965124 0.757601548018729
1535224912.68691 -7.1293786991488 -13.163025533447 16.6410019081072 -0.108901108459008 -0.591105679678092 -0.290474065173935 0.744553182445706
1535224912.78604 -7.19413523738933 -13.1717023483466  16.5683795156556 -0.0971068651921507 -0.603574387636406 -0.298723655904777 0.732824940026454
1535224912.88516 -7.23997147439799 -13.1763400302287  16.4864328185769 -0.0860856910075429 -0.616008638339168 -0.304633690822827 0.72133274271375
1535224913.01706 -7.33194750242517 -13.1938147792972  16.4006985537356 -0.0736942583316499 -0.627947736648042 -0.316156669962624 0.707315881601491
1535224913.11515 -7.38247577828564 -13.1985026634309  16.3262607139983 -0.0669820660925042 -0.639723806613129 -0.321083009842895 0.695106146473051
1535224913.24705 -7.43287894955157 -13.1956535114227   16.208627859455 -0.0564301042008598 -0.657234733257885 -0.331790161152343 0.67436891810182
1535224913.34618   -7.430238467326 -13.1752155111403  16.1193050205937 -0.0448417220455633 -0.674786506143899 -0.339308398141927 0.65385181963535
1535224913.4453 -7.43486019227511 -13.1578699529761  16.0174929809444 -0.0363520197194344 -0.690061230174749 -0.350009092559674 0.632445779808502
1535224913.5772 -7.41188239202117 -13.1390142515727  15.8948554254907 -0.0259595418394254 -0.715512510593195 -0.360895582357779 0.597597128512805
1535224913.70807 -7.37454148615577 -13.1549245373152  15.7861739652625 -0.0224450038551741 -0.743653451001106 -0.364827250763563 0.559800717859836
1535224913.80719 -7.33149104695275  -13.192628329028  15.7589609877424 -0.0201227929679323 -0.76726166190106 -0.364421365325224 0.527353471472876
1535224913.9391  -7.2693759719874 -13.2603529380069  15.7649273613516 -0.0138846612801587 -0.797646631454113 -0.360562553666135 0.483282228521593
1535224914.03822 -7.23147036735887 -13.2983085135952  15.7690668634902 -0.00776510368918337 -0.81902067543803 -0.354910707082558 0.450758501159865
1535224914.17013  -7.2190544260778 -13.3102129428081  15.7725690248452 -0.00903345893390571 -0.843412247311996 -0.339190138088168 0.416562393798993
1535224914.30203 -7.21733898420495 -13.3118881325136   15.772896845735 -0.0132705953564876 -0.865703411322296 -0.320373056621013 0.384372995299011
1535224914.43264 -7.21121127978584 -13.3177344262052  15.7763916096547 -0.0138917579314952 -0.884754539858998 -0.301812518742051 0.354860010132227
1535224914.59836 -7.21126904379314 -13.3177606429551  15.7743342739576 -0.0156842875103264 -0.90291664204785 -0.280142555580493 0.325600505514286
1535224914.76279   -7.208544356204 -13.3198270628596  15.7760728927289 -0.0176723641530322 -0.917170066890401 -0.259873244329933 0.301583575194233
1535224915.0266  -7.2097798839348 -13.3185365268011  15.7749111668572 -0.0286991640228476 -0.92935650286738 -0.233768515157115 0.284297607945865
1535224915.4538 -7.20824112003726 -13.3194599496098  15.7760855584839 -0.0467552507306503 -0.937006425750091 -0.221219331638117 0.266260984640517
1535224915.68483 -7.20843711989147  -13.318618332282  15.7751356384738 -0.0562361282122151 -0.942892790570821 -0.216822449698691 0.246533382485879
1535224916.04776 -7.20893152514248 -13.3176155182203  15.7742982659941 -0.065749715142211 -0.952097170089289 -0.205139933316064 0.217038156612536
1535224916.50878 -7.21009741743108 -13.3160550239211  15.7726984508865 -0.105535780633002 -0.951602823540846 -0.174012653568628 0.230290819689534
1535224916.83789 -7.21110833832344 -13.3139223853905  15.7708368084412 -0.125075396743673 -0.949300269490347 -0.152516486218236 0.244793514837728
1535224917.06892 -7.21155816625706 -13.3130811770309  15.7701054769116 -0.149123468003149 -0.955370408232446 -0.129604080358001 0.219618662046375
1535224917.43081 -7.21259896725747 -13.3114039958967  15.7688462265261 -0.143613167484055 -0.961773194679566 -0.0931197395592733 0.21376691564756
1535224917.66184 -7.21288756357675 -13.3104042175543  15.7676999857551 -0.130728670193063 -0.965139448192215 -0.0642340993573286 0.217462274458199
1535224917.92435 -7.21351061703978 -13.3092082347536  15.7666586131683 -0.128276859318772 -0.966547789340215 -0.0266656060563864 0.220497990327578
1535224918.15538 -7.21365297164712  -13.308701286561  15.7652889809824 -0.136393302693018 -0.963215814240335 0.00577007056175184 0.231471096389012
1535224918.32007 -7.21364662264587 -13.3085228460302  15.7642099625521 -0.138118486391085 -0.959477371950682 0.0241514109477185 0.244424151386237
1535224918.51831 -7.21399413083642 -13.3080889052021  15.7628893986234 -0.152310687469742 -0.952579281511191 0.050834268559053 0.25847638974998
1535224918.69913 -7.21391215076897  -13.307941639698   15.761932268678 -0.153920217743751 -0.947696719561051 0.0680529285704311 0.271197885714337
1535224918.83104 -7.21397509186094 -13.3077726718067  15.7611441586648 -0.15009880266795 -0.94416225475771 0.0776631629444515 0.28283638247218
1535224918.97933 -7.21429762252138 -13.3073293802288  15.7603423875057 -0.150120407539302 -0.941759036148619 0.0962803100765068 0.285103284730692
1535224919.24288 -7.21455721225986 -13.3066376498005  15.7605636575242 -0.150786992418467 -0.941970413373482 0.132419621597879 0.269109767682741
1535224919.7039 -7.21727744978527  -13.307315934713  15.7575605391838 -0.133591311781739 -0.955605538294548 0.0980785784790661 0.243622677599495
