1535224865.41754 -0.0335859285360329 -0.0361129689474432  0.0367820964455054 0.00207489271965141 0.00130638950900923 0.00225910457087281 0.999994442291151
1535224873.06023 -0.0571927923054029 -0.0427936902625163  0.0485524925936156 0.000613304587365612 0.0189410202053408 -0.0276354741281916 0.999438413400633
1535224873.19213  0.0365738822693546 -0.0733376493798589  0.0471349097938295 -0.00101172011707803 0.0288992935548649 -0.0488495730061086 0.998387463098148
1535224873.25743  0.103367484992195 -0.110602719316041  0.033678428539027 -0.00198349467322647 0.0336807331070638 -0.0581576263586741 0.997737121922692
1535224873.32403  0.182502563172937 -0.171230246022357 0.0179099249437545 -0.00532469554348524 0.0353220705658787 -0.0636341857155106 0.997333790341344
1535224873.38934    0.268833323499915   -0.248655352932684 -0.00434942260028796 -0.00875923463407921 0.0366123305184917 -0.0677765318685682 0.996990047488188
1535224873.45568   0.358319989625659  -0.333192291758469 -0.0359406449997023 -0.00777912482835574 0.0416917817893378 -0.0722126785658194 0.996487134689899
1535224873.52124   0.463120985345209  -0.442094297198106 -0.0644859030447465 -0.0122629956447613 0.0406283588064746 -0.0747209133330619 0.996301029061589
1535224873.58758   0.547439465972097  -0.526727021210779 -0.0954611357518616 -0.0069338246108115 0.0484374959075836 -0.0771640179490311 0.995816973846314
1535224873.65315  0.671715816901036 -0.662027301659966 -0.125408110346394 -0.0140699541688193 0.0433144274057086 -0.0798859946160408 0.995763086598619
1535224873.71845  0.781142816171581 -0.784587204291677 -0.155693245813339 -0.0161307546545097 0.0426122379549424 -0.0819199099461777 0.995596868358452
1535224873.76866  0.791555644159231 -0.806752327575848 -0.184002564312765 -0.00622934583751115 0.0540987537001823 -0.0841772484020485 0.994961663055408
1535224873.83396  0.897548140724548 -0.936154275802401 -0.219878651746461 -0.00929688990542761 0.0487436807005182 -0.0816959227996764 0.995421216183261
1535224873.90043  0.983686404233954  -1.05915490847234 -0.264199678260345 -0.00800680558398438 0.0488225382958386 -0.0805603190155473 0.995521112693651
1535224873.96587   1.08204778953084  -1.16768983581043 -0.292201395602924 -0.00641154855375723 0.0448139514576232 -0.0732600188179872 0.996284884680424
1535224874.0486   1.23453117075017  -1.35433669947991 -0.349900376591124 -0.00954064716849459 0.0361294759788255 -0.0620686799783124 0.997372105075559
1535224874.11416   1.34514200182955  -1.47595810968446 -0.374097700633316 -0.0122644107882509 0.0283038078551865 -0.0529004400118178 0.998123249972402
1535224874.18051   1.44366740648558  -1.58935017822683 -0.404758437643397 -0.0137461396932296 0.0227697610240692 -0.0443650976833243 0.998661263759634
1535224874.24581   1.55574935314396  -1.70147998970648 -0.420483010506687 -0.016379390764737 0.0161512120010078 -0.0366220569856896 0.999064401753566
1535224874.34493  1.72218970255849 -1.79640359234746 -0.42810762697476 -0.0132901994262758 0.0106214000401542 -0.0227863641892423 0.999595587258883
1535224874.47684   1.93792637652061  -1.97826018478049 -0.450423566357187 -0.0165227027372341 0.00873426633452938 -0.0216606480965704 0.999590680833856
1535224874.60874  2.13631335223368 -2.11619928385715 -0.44107357915021 -0.016072292212603 0.00990845461416934 -0.0218443963275378 0.999583076236926
1535224874.73961   2.31697807465987  -2.29054081270868 -0.415361301509988 -0.0206394235214832 0.0102083308076457 -0.02929027030917 0.999305701096535
1535224874.83873   2.42323691858616   -2.3824202347087 -0.371838540247267 -0.0201981551176949 0.0120829670551103 -0.0358841679119029 0.999078757120907
1535224874.97064   2.57226517813786   -2.5887967904214 -0.297198908601158 -0.0276458822277302 0.00886542027094099 -0.047828504980392 0.998433544924554
1535224875.06976   2.69288282140245  -2.74934626533957 -0.226427241735272 -0.0320600366677617 0.00596318805120438 -0.0525853678739362 0.99808385094775
1535224875.13506   2.78776162161172   -2.8564320880688 -0.173679576435266 -0.0347731357160228 0.00377745700016251 -0.0529161125750498 0.997986194734693
1535224875.20167   2.89721321254358  -2.94088431185784 -0.109754774246471 -0.0368122608762311 0.00183597680522293 -0.0501283077589166 0.998062442635519
1535224875.26697   3.02244273321611  -3.05089344277928 -0.051450630098581 -0.039906297897906 0.000329035264103882 -0.0480999167673766 0.998044977508955
1535224875.33357    3.15739877684452     -3.147727922427 0.00839544954833925 -0.0427101130731035 -0.000961413828687657 -0.0440334778217393 0.998116213051193
1535224875.39887   3.29927662581112  -3.23972617468978 0.0756450334477483 -0.0465529757958984 -0.00271019155597872 -0.0396031305079025 0.998126779202046
1535224875.46443  3.47006042674814 -3.36410993892618 0.144239100509628 -0.0532907939405787 -0.00538025103000971 -0.0352517366134684 0.997942112171729
1535224875.56356  3.75544705356119 -3.48789091330087  0.23716377142802 -0.0564691647826132 -0.00408345751534028 -0.0241976398661593 0.998102716672178
1535224875.6299  3.99323851720433   -3.577545276224 0.304727767349849 -0.0612494693972915 -0.00391554723341283 -0.0158431700295351 0.997989060537153
1535224875.6952  4.24138537755349  -3.6380106172981 0.362798023361271 -0.0644344973009353 -0.00151824284841306 -0.00650288986098125 0.997899595610543
1535224875.76077  4.49900180372281 -3.69062973778026 0.412194787213649 -0.0669858629680369 0.00295113462457966 0.00223549858574245 0.997747055877855
1535224875.85989  4.90445950394242 -3.75241341774445 0.473019003475722 -0.0703132780601979 0.010013982898936 0.0173427415868826 0.997323915480412
1535224875.92623  5.17954610029459 -3.78032805346101 0.509242435824162 -0.0725780945306283 0.0140173455800547 0.0293809085085627 0.996831327975001
1535224875.99179  5.42466079912744 -3.79036381611183 0.534619681993636 -0.0731505041004884 0.0203156455681764 0.0412632658604398 0.996259816104977
1535224876.09092   5.8282054248556 -3.81840891562173 0.580488646624943 -0.0783052189223163 0.0249299352514731 0.0552646458682669 0.99508422253342
1535224876.15622  6.08618754616114 -3.83104637260096 0.614227353210097 -0.0812643726923128 0.0290435901861249 0.063359660577909 0.994252545891373
1535224876.22282  6.28490611358612 -3.81208727102137 0.646169606791831 -0.0816649957315149 0.0370273231371976 0.0718186792757876 0.993379022891337
1535224876.28813  6.51669135002621 -3.82228754510158  0.68079794946264 -0.0874114474429476 0.035579276428483 0.0800764794493289 0.992310995295203
1535224876.35473  6.74040403467572 -3.81895947099091 0.720509834170368 -0.0905053070978407 0.037236329588456 0.0886446191738287 0.991243853265902
1535224876.42003  6.95276450164424 -3.81569911608889 0.760935120771004 -0.0929288175151415 0.03853341591523 0.0971168029777911 0.990175609330241
1535224876.48533   7.1469296211672 -3.81451901179121 0.810194604035646 -0.0926381662765413 0.0408416872562519 0.103107992407855 0.989504355034683
1535224876.58472  7.42843972470194 -3.82176934991815 0.874170842909807 -0.0944652485314932 0.0427722463978425 0.112936821157664 0.988176161514113
1535224876.65106    7.474220023124 -3.77969451292215 0.906387827750778 -0.0908707873697873 0.0529435972117563 0.11905003796222 0.987302670906074
1535224876.81549  7.84716755528102 -3.81327440270409  1.03958137058599 -0.0946639514022806 0.0457459483524777 0.129328048130878 0.986012322682073
1535224876.94739  8.09662623921366 -3.84620314407269  1.14951797636643 -0.0935502375844978 0.0513360509106152 0.130827491182526 0.985645539976554
1535224877.0793  8.29228208212064 -3.89626237918154  1.26369320960859 -0.091628452703832 0.0550619359705657 0.130249880462341 0.985701465202229
1535224877.21016   8.4326234846595 -3.97268005042689  1.38659215653118 -0.0886948143686857 0.0543406480762927 0.128687118986485 0.986214960988582
1535224877.34207  8.37334113937603 -3.98249122089877  1.49542819099749 -0.0757250629054343 0.0610239692422678 0.129520601295943 0.986795928176553
1535224877.47397  8.48976281560411 -4.08598246823742  1.62109112395472 -0.0753005480672896 0.0437045053048093 0.13117316113053 0.987528908678552
1535224877.60562  8.58831436979223 -4.16781302792029  1.72814127424601 -0.0695308456435303 0.0437694411764379 0.124056320953256 0.988867901569639
1535224877.73752  8.71469393940549 -4.24469451949226  1.82628148694787 -0.0650724929764483 0.0444825464833541 0.118437320190932 0.989828002686415
1535224877.90221  8.87157571269799 -4.32658321703114  1.94200884664533 -0.0613433580257175 0.0443153907361295 0.114592832428692 0.990525931677714
1535224878.06663  8.98864868158577 -4.40872903755831  2.06234759521378 -0.0589266454715844 0.0355931564129716 0.118387903580604 0.990578155400076
1535224878.26488 8.98380797299754 -4.3594262259865 2.16066220253162 -0.0460332960794233 0.0358654564592463 0.129453612952099 0.989866842953476
1535224878.46235  9.17239449827866 -4.39424709789376   2.2571820117405 -0.0566704053009556 0.0242538972206615 0.147195426901548 0.987184744580216
1535224878.7259  9.31500826089341 -4.37888771699139  2.35751882149361 -0.056743586168911 0.0252162576331628 0.154433748365764 0.986049959761355
1535224879.12161  9.40866728293905 -4.36270922363725  2.54227765546809 -0.0650589480301147 0.0240724429298772 0.157471084157401 0.985084112361424
1535224879.38438  9.36223928216102 -4.28857293574891   2.6789265257389 -0.070564399282445 0.0442788946843244 0.138155513483357 0.986900754449804
1535224879.64793  9.45959353431572 -4.33255623520544    2.844861837533 -0.0913948114219811 0.0295644172864859 0.151298558642898 0.983809778274353
1535224879.87896  9.52306441335953 -4.36376114149259  2.99649620736791 -0.100052711770493 0.0230696315917426 0.157890432633619 0.982103791993677
1535224880.07617  9.64918570655784 -4.37453339993619  3.11868938223339 -0.105205552649311 0.0270615073914572 0.15621979530179 0.981730534345001
1535224880.24086 9.80179062400586 -4.3577909148729 3.18572909562137 -0.108859758167465 0.0286584552261043 0.163865593779584 0.98003893451793
1535224880.40528   9.9683970065004 -4.31710995207974  3.23081450931733 -0.111235406972098 0.0313953944319775 0.173471643260311 0.978033027268906
1535224880.57101  10.0526896979053 -4.24334104010409  3.22446113099414 -0.107001032726841 0.0354686312034545 0.188156625015151 0.975648420107802
1535224880.76822  10.1989333425113 -4.19010177648173  3.23010223339384 -0.11295008787633 0.0275913275739152 0.201273069203029 0.972609966998607
1535224881.36114  10.2219846335227 -4.27473996995923   3.3167195150071 -0.114520216203085 0.0143141693434852 0.173805471650869 0.977993805021803
1535224881.55835  10.2200217780025 -4.38900223147248  3.41116769357434 -0.11300815815307 0.0103533553800335 0.154972679491716 0.981379352154091
1535224881.72303  10.2542707039677 -4.50434497166154  3.50869068026549 -0.111069294262945 0.00845730792947903 0.145312277859727 0.983095329923673
1535224881.85468  10.305726924777 -4.6183363470703 3.60223059706763 -0.110538457892152 0.00209081171737038 0.145738432848705 0.983126231479961
1535224881.98658  10.3515851216335 -4.72764551494046  3.69580830903458 -0.108163484346647 -0.00354566629165342 0.149802002416375 0.982775380733861
1535224882.11849  10.4024950285569 -4.84005420663166  3.79789837479744 -0.106010377877483 -0.00923298885128748 0.154718548139692 0.982211139501427
1535224882.25039  10.4721205642885 -4.95790414228765  3.91724701609788 -0.103636609106826 -0.0168981933888053 0.16233067752015 0.981133352531083
1535224882.3823  10.5298776134571 -5.06724144242237  4.03684831824466 -0.0997058785602768 -0.01958011678542 0.170572589520726 0.980092010227298
1535224882.5142  10.5727899424626 -5.16946645091761  4.16039131449264 -0.0947846247909498 -0.0236078165823245 0.17812322904106 0.979147926094643
1535224882.64585 10.5905498406987 -5.2717581267484  4.2916278023401 -0.08916038156024 -0.0290916946694594 0.182634789668693 0.978697416602273
1535224882.81053  10.6219143906376 -5.36630263692623  4.46472791618649 -0.0817466218482334 -0.0250477050079643 0.169795434403606 0.981763521804475
1535224882.97496 10.6521104955909 -5.4691196990239 4.63136921814103 -0.0760152570666549 -0.0206863858067658 0.160989129134152 0.983807020932445
1535224883.13965   10.676063551269 -5.56936549998589  4.79369899868737 -0.068491117899291 -0.022294305624192 0.159982418308337 0.984488474558162
1535224883.33789  10.7210464694963 -5.64523332999566  4.99124159114777 -0.0624701925977719 -0.0205231397436332 0.152701893285853 0.986082353335043
1535224883.5351  10.7609313115503 -5.72171748604212  5.19205167758891 -0.0630320479164553 -0.0248147637808771 0.149771916633902 0.98639726349061
1535224883.76613   10.803821046084 -5.79646179745767  5.42448278742482 -0.0673902358289295 -0.0308489902795247 0.148013771220054 0.986204248339497
1535224883.9636 10.8001464664388 -5.8393994222509 5.62552058902271 -0.0682337013583314 -0.0345682540168999 0.146920757709791 0.986186335723197
1535224884.1608 10.8019852592197 -5.9398284107828 5.83430489224623 -0.0756373974995964 -0.038203455746472 0.143386537175537 0.986032342788675
1535224884.32523  10.8300764804184 -6.03196727306957   6.0066638146745 -0.0758894950801558 -0.034333190479144 0.137024954104483 0.987059359167759
1535224884.52374  10.8661112317612 -6.10309353846364  6.20848110732326 -0.0720471890346606 -0.0302031612840086 0.129475835624236 0.98850036903891
1535224884.68817  10.8834862080898 -6.22421442231126  6.38699682687301 -0.0838449137635906 -0.0398641813294708 0.132595281609563 0.98681273237519
1535224884.82007  10.8830294818248 -6.31427899056015  6.53185142555632 -0.0876928362829577 -0.0485629012381865 0.136394189708646 0.985570005682855
1535224884.9845  10.8993542842686 -6.39245042897007  6.73563246704632 -0.0931533940201487 -0.0520564066461204 0.13534462715387 0.985035231659356
1535224885.14918  10.9110605716175 -6.38953458644445  6.92786915735433 -0.0935139219865569 -0.0523984326546579 0.137468310792542 0.984688790521082
1535224885.28109  10.9399973015628 -6.44491993096673  7.10430284357405 -0.101422945254224 -0.0538788760023165 0.138158687569936 0.983728941297164
1535224885.44552  10.9575292116229 -6.47651228398404  7.31105008320425 -0.104269926699434 -0.0499327356359824 0.135927190895193 0.983950356000415
1535224885.6102  10.9515151683141 -6.49216358325842  7.50955677450935 -0.104358146741053 -0.0498636813717412 0.138088925303746 0.983643451255223
1535224885.77463  10.9590868883337 -6.53167216910669  7.70967858331194 -0.111811371204903 -0.0544961530284982 0.133061212516586 0.983271630984028
1535224885.97313  10.9592932994042 -6.57748361712626  7.91581487836359 -0.113103459643085 -0.060620283704619 0.124453487252564 0.983892330558081
1535224886.17034  10.9440940725661 -6.61286304943041  8.09889778592435 -0.110239422803733 -0.0707426930036652 0.117190757446607 0.984433373781882
1535224886.36755 10.9305195782304 -6.6776189282937 8.28892056161854 -0.111529544173412 -0.084892925910931 0.111542487203889 0.983825505592898
1535224886.53327   10.922398777049 -6.73181464693411  8.46136131092333 -0.11223784840932 -0.0941910468150341 0.115797250949434 0.98240608139246
1535224886.6977  10.9115633519134 -6.78222349452551  8.63602764884962 -0.113214826797532 -0.0976456132046095 0.122210504211782 0.981179050874713
1535224886.86239  10.8930613603267 -6.82949212976342  8.81401177033181 -0.117790484285417 -0.0999497513969811 0.125131607604516 0.980039555214889
1535224887.02681  10.8808438222458 -6.88065261988801  8.99608044254747 -0.119232427925573 -0.102027332585563 0.126907042662378 0.979422612593327
1535224887.1915  10.8670184772871 -6.92354440734668  9.17364928950145 -0.121583749719624 -0.102992234585031 0.126430422501738 0.979094142401705
1535224887.35593  10.8596010441143 -6.99199726917048  9.36722782016277 -0.126666668879948 -0.10678732594426 0.125570792398386 0.978153361241975
1535224887.52061  10.8474980129636 -7.05648862950369  9.55705769486217 -0.128155182370076 -0.112233794164899 0.123737702530448 0.97758314513474
1535224887.68504  10.8281326571278 -7.13221744575422  9.74262229548607 -0.133722712750302 -0.118820553902693 0.122359624736187 0.976231547482142
1535224887.85076  10.8023269281689 -7.21020873537216  9.93116701221595 -0.138130105394268 -0.125761930510234 0.11771924830909 0.9753185066406
1535224888.01519 10.7749191987361 -7.2733129230014 10.1072222639557 -0.138903043842593 -0.129885752267551 0.114013017811353 0.975108541414085
1535224888.17988  10.7520898601972 -7.32985992081665   10.285303900162 -0.140642187629971 -0.134245412618793 0.106890675955817 0.97507554971047
1535224888.3443  10.7257409311861 -7.40030636683149  10.4674086168882 -0.144534868976691 -0.142749330731308 0.100805374441559 0.973945879764041
1535224888.50899  10.6934134742917 -7.44827991936424  10.6397146088742 -0.145296097614349 -0.149700816774581 0.094969007102231 0.973375362933068
1535224888.67367  10.6613732504325 -7.50614461640418  10.8090933522829 -0.146818966066995 -0.158964763599056 0.0888277231398864 0.972257183433837
1535224888.8381  10.6258929850051 -7.58319552058171  10.9870587493153 -0.148225107250762 -0.170613611911986 0.0822751207457013 0.970644691695744
1535224888.97001  10.5809583624833 -7.64260421485556  11.1222440510609 -0.148068396650277 -0.178666498769908 0.0781623683347984 0.96955901125564
1535224889.10191 10.5280673671692 -7.7127082633145 11.2611958860354 -0.148797492909646 -0.18847758732852 0.0716984430996356 0.968088238971899
1535224889.23382  10.4623260359824 -7.77512476117665  11.3897575503936 -0.144713558186415 -0.198594305165641 0.0650018754255453 0.96715719726628
1535224889.36546  10.3857700455142 -7.84568930681354    11.52055344793 -0.146085365622497 -0.209055571328605 0.0598640321201859 0.965075712939521
1535224889.49737  10.3095205017441 -7.90359651948293  11.6499237019948 -0.143197991242865 -0.217571753786229 0.0498843538360228 0.964193143773982
1535224889.66205  10.2096252374283 -7.95111423192623   11.792788520128 -0.136744175135944 -0.228005067628049 0.0391038298016639 0.963216284225491
1535224889.82648  10.1121457079395 -8.00623660477071  11.9340329841664 -0.136124663899745 -0.242210781514601 0.0309147649468936 0.960129309262323
1535224889.99117 10.0213342323876 -8.0558792922562 12.0670893850828 -0.133948793055623 -0.25433739891688 0.0232844076512969 0.957511380982736
1535224890.15559  9.92517120636406 -8.10139324082286  12.1935705093253 -0.130743130394409 -0.266575409917406 0.0135373907086917 0.954809155661401
1535224890.32132  9.83546917542556 -8.13698141311575  12.3062839554215 -0.124405608522537 -0.279712388727616 0.00605762823140301 0.951970340557225
1535224890.48575  9.72106089551519 -8.20171445974305   12.417655339921 -0.126758951311173 -0.294040142272315 -0.0020074129625013 0.947348158433934
1535224890.61765 9.62440089312851 -8.2458402982636 12.4982919820718 -0.124625760202589 -0.306361058261832 -0.00696158722006799 0.943696380292939
1535224890.78234  9.50345183860838 -8.29772252426104  12.6011083460159 -0.121249040151131 -0.31797824238156 -0.0182551647466923 0.940135764979949
1535224890.97954  9.38690858152344 -8.33415852446579  12.7034089979689 -0.117033318197028 -0.329993264517148 -0.0274423516740642 0.936298331270384
1535224891.11145  9.25534168116392 -8.38620832887297  12.8086603901603 -0.116970587479736 -0.342772379218528 -0.0378546961326733 0.931338821101224
1535224891.27588  9.14915875236497 -8.42238000450304  12.9085624982473 -0.112905623672594 -0.35503247784848 -0.0454758549107035 0.926896006268239
1535224891.44056  9.04648376181277 -8.49084101592709  13.0123572503424 -0.111348414586197 -0.363220942873172 -0.0521273100965429 0.923555532044264
1535224891.57247  8.97481758864774 -8.54145030075576  13.0961179039172 -0.107504934696082 -0.370546550650575 -0.0553044214363337 0.920912245431965
1535224891.73689  8.86029378710434 -8.62413135813197  13.1945167684722 -0.107471346887263 -0.381228338570841 -0.0599550603677244 0.916253378823269
1535224891.8688  8.76092596171223 -8.68614296852492  13.2684697247016 -0.105694428085856 -0.390989122493976 -0.0656900332587942 0.911943536351595
1535224892.0007  8.65875004195463 -8.75035887806271  13.3368478219049 -0.103094852619697 -0.401254716453315 -0.0720077153397671 0.907293223174757
1535224892.13261  8.55901403847963 -8.80739805173434  13.3989964264909 -0.0984256772787161 -0.411448052391206 -0.077836405907251 0.902753776038157
1535224892.29703  8.41981014395535 -8.89445143657233  13.4789889926705 -0.0966843109221292 -0.421630122678448 -0.0847102219799955 0.897610361996657
1535224892.42894  8.31325980823748 -8.94672130654571  13.5530744828608 -0.0919087054510625 -0.427941904220503 -0.0898548903664539 0.894619815984238
1535224892.62615 8.15473818711999 -9.0083731989986 13.6554970857461 -0.0864572229197532 -0.439081133512675 -0.0945553619408846 0.88926497194394
1535224892.79187  8.02418864340298 -9.06796070047685  13.7338077533451 -0.0855927320000965 -0.44697052066818 -0.0941675925340478 0.885451129311335
1535224892.9563  7.91079580482275 -9.10747030973622   13.805596164963 -0.0786949266672123 -0.453678481465634 -0.0959882371438244 0.882479009553145
1535224893.15351  7.76899778539594 -9.18741472097558  13.8972161686345 -0.0757263048814684 -0.460576773052108 -0.0980618588459878 0.878930278641927
1535224893.28541 7.67426001443442 -9.2281916738768  13.953577894045 -0.0719671780806021 -0.469074315050518 -0.0952823320390918 0.875049306862302
1535224893.4501   7.5584770979972 -9.27221879949251  14.0183774702895 -0.0674456094360981 -0.479485119725417 -0.0922072331792031 0.870082143179098
1535224893.68113  7.36786695693736 -9.33432481402555  14.0900063754437 -0.0633959493779851 -0.491577655355103 -0.0967414220858989 0.863118450510034
1535224893.87834  7.21706651516218 -9.36165948013282  14.1404817407994 -0.0604788318236879 -0.502006597656599 -0.0994590647277454 0.856994504798001
1535224894.07554  7.08486496225191 -9.40615618893019  14.2104342312821 -0.0593071434528034 -0.513155641255078 -0.0982665646228119 0.850586640419887
1535224894.24127  6.98543175775112 -9.44069836291805   14.265434217565 -0.0614698035984357 -0.521752991975962 -0.0926054992897563 0.845824745506418
1535224894.40569  6.87819612661071 -9.48331555655413  14.3215845009371 -0.0588695490560442 -0.529085017266754 -0.094981703718217 0.841178873163468
1535224894.5376  6.78742929382769 -9.51374305274719  14.3610501398651 -0.0547786441468112 -0.535203110017176 -0.0999185368806749 0.837002519208279
1535224894.73481  6.64649873680896 -9.55851207226568  14.4107301002679 -0.0496575813454021 -0.545759421666817 -0.106227829779858 0.829696586986525
1535224894.89949  6.53143070917148 -9.59403151154307   14.454035960948 -0.0446941772255992 -0.550646804212684 -0.114161602450918 0.825686172863712
1535224895.0967  6.39560937209694 -9.63504984713604  14.5091728580135 -0.0394408316414829 -0.558141474670294 -0.122000833441718 0.819779428682999
1535224895.32773 6.23963016524294 -9.6807807497145 14.5763741862115 -0.0385950389872188 -0.569025547077433 -0.125176578675787 0.811819668331476
1535224895.55876  6.08929383674653 -9.72492000564648  14.6599446432271 -0.0378140762984729 -0.57508029138922 -0.127772381315598 0.807172207563123
1535224895.75597  5.95399430715358 -9.75500741686403  14.7253933001881 -0.0348765333626231 -0.579299371040722 -0.134465388575421 0.803190466457173
1535224895.92065  5.83114369457219 -9.77105942012984  14.7658375767406 -0.0340408846104448 -0.587875626511898 -0.13974320833323 0.796062372966413
1535224896.11786  5.67580867059516 -9.79018558585666   14.805830999052 -0.0322629227790536 -0.595601059188273 -0.148316849692339 0.788809605801616
1535224896.28333  5.54245647593355 -9.81155755315146  14.8336088323208 -0.030807181683772 -0.599124442225466 -0.15537190488642 0.784831441429746
1535224896.48079 5.38717553077965 -9.8393164275734  14.868383838628 -0.0314506188340347 -0.606129349566459 -0.154352442962576 0.77961105271833
1535224896.64522  5.25122629758982 -9.85621025227926  14.8909371818147 -0.0336794480060833 -0.610380059709272 -0.153488474705542 0.776365355759694
1535224896.84269  5.08138263673104 -9.87307048303198  14.9099028229844 -0.0380636853768428 -0.616803719144886 -0.151847305533772 0.771392716913183
1535224896.94181   4.9927193245151 -9.88228523104871  14.9210685531998 -0.0398226421793537 -0.618196227706733 -0.153187501397335 0.769922834207859
1535224897.17284  4.78597146794857 -9.90619348855189  14.9525466109124 -0.0374703481136671 -0.61988652216653 -0.16121933244807 0.767036504668144
1535224897.37005  4.60764120783173 -9.93674926290816  14.9950303974412 -0.0364165608041573 -0.61806375387755 -0.16771898439412 0.767164501600402
1535224897.56725  4.42213453714136 -9.96930051075748   15.044718200436 -0.0343254631317678 -0.617544280687121 -0.17325385884451 0.766448905255206
1535224897.73298  4.27207933847952 -10.0028264001539  15.0761345760166 -0.0387946915010584 -0.62074856460417 -0.171527119137595 0.764031831047344
1535224897.89741  4.12656938829291 -10.0334976849918  15.1057002709225 -0.041241210117471 -0.622677037851113 -0.171687372068532 0.762296474734871
1535224898.09462   3.9662021126193 -10.0696380377948  15.1168333838315 -0.0431222533919884 -0.625967079022421 -0.173283740815423 0.759130049735583
1535224898.29208  3.81219359525806 -10.1057285112621  15.1266815949122 -0.0416905100325934 -0.627763318668229 -0.175690585502546 0.757171007945792
1535224898.45755  3.68667729099429 -10.1378679613539  15.1472741535679 -0.0424318443363623 -0.627992972789717 -0.176264156187438 0.756805993605018
1535224898.62223  3.56513312301779 -10.1642915759762  15.1684388582364 -0.0458358021111751 -0.629608693732462 -0.174561782594534 0.755658756370061
1535224898.81944  3.41984462660078 -10.1895966982164  15.1976037877937 -0.0499265895672605 -0.629607016907496 -0.176148060417487 0.755032582559312
1535224899.01665  3.26639789325671 -10.2155221492484  15.2271829101695 -0.0532302786870176 -0.631385405566409 -0.17620421313618 0.753306765097528
1535224899.18237  3.13696048502672 -10.2442177488021  15.2433631889388 -0.0546660049728111 -0.632221680215723 -0.17817465369854 0.752038009508114
1535224899.3468  3.01294365648193 -10.2802619151993  15.2469208682076 -0.0567780036736263 -0.634641797423067 -0.179372919211879 0.749554136214233
1535224899.52775  2.88765964786325 -10.3249898661898  15.2502426770609 -0.0586023369674232 -0.636390419103636 -0.180654333726782 0.747620901447243
1535224899.7087  2.74251873938944 -10.3772456607996  15.2557097917788 -0.0594674420426601 -0.63772665699569 -0.182738056996295 0.745905581705368
1535224899.90694  2.59734493549554 -10.4272152253841  15.2814580214287 -0.0594026775784321 -0.636362322587273 -0.186839751990854 0.746059798785487
1535224900.07163  2.47672307676951 -10.4709519130035  15.3264939298746 -0.0617787234044607 -0.633119322135995 -0.189716590243733 0.747897672585539
1535224900.26884  2.32961603876269 -10.5179194199499  15.3880363916248 -0.065430283631675 -0.630519509335351 -0.190926418123084 0.749473901609707
1535224900.417   2.2281630093281 -10.5511284614165  15.4115513920022 -0.0665601741407112 -0.629959418497385 -0.195004217104419 0.748795185331935
1535224900.56517  2.09727260571597 -10.5977684098188  15.4137991804362 -0.0681049147601569 -0.632207665697566 -0.200000286268955 0.745436163270258
1535224900.69707  1.99574761946743 -10.6462442297607  15.4025810269973 -0.0727936718590613 -0.634709167861684 -0.201117900039338 0.74256107079039
1535224900.86176  1.8652994388966 -10.706087382778 15.4016731467597 -0.07634860207446 -0.636718399537045 -0.198048028828133 0.741307998695246
1535224900.9934  1.76021047275462 -10.7591879349646   15.394245024677 -0.0809580553592691 -0.637537332267439 -0.195327837703641 0.740836675020738
1535224901.15809  1.62853053377712 -10.8249801965416  15.3974180724773 -0.0821152078731698 -0.634939741803306 -0.195128226665101 0.742989631201695
1535224901.28999 1.51439272418123 -10.886044716404 15.4163895836668 -0.0828786252354949 -0.631826844289468 -0.19509504022476 0.745562805935212
1535224901.45442  1.38063095289208 -10.9478842759614  15.4409688077204 -0.0863629841483388 -0.630722389210379 -0.19078722578844 0.74721545567105
1535224901.58633  1.27101333452475 -10.9987406825515  15.4573606028613 -0.0896210288808932 -0.63037399657981 -0.189192250712734 0.747531262147997
1535224901.71823  1.16437417031135 -11.0543292930506  15.4706685814963 -0.091287349494725 -0.629436623922346 -0.190191234621549 0.747865930873039
1535224901.88292 1.03190402790752 -11.122356448968 15.4916447627578 -0.0897893674115816 -0.62847675573018 -0.190965037269826 0.748656925131418
1535224902.01456 0.922877447740959 -11.1832119066432   15.504134508491 -0.0908424788588036 -0.628130635063098 -0.190957181634173 0.748822344827096
1535224902.17925 0.769015947100723 -11.2759364400042  15.5338339968601 -0.0917441918675915 -0.628568793881617 -0.188294312890674 0.74901904271507
1535224902.31115 0.653539066750188 -11.3377005238285  15.5440208663234 -0.0906036208621736 -0.62828837515806 -0.186631414085269 0.7498089201953
1535224902.4428 0.537644810759424 -11.4041621840108   15.554788205414 -0.0908960232293872 -0.629156561538379 -0.183598657761045 0.749794283055446
1535224902.60749 0.397115426501734 -11.4851800937674  15.5689151921504 -0.0920526195232862 -0.630969677359335 -0.176894858684321 0.749741148972772
1535224902.73939 0.288776866802134 -11.5422183851721   15.586472233518 -0.0907166719220885 -0.630918280973449 -0.172578958777531 0.750952136394958
1535224902.90382 0.148632500587509 -11.6145533746944  15.6372723411015 -0.0867842920647738 -0.630206346850417 -0.167505928166658 0.753160149682187
1535224903.10232 -0.0136816622355795   -11.6749588195441    15.6740457201854 -0.0875737587952598 -0.628866509846265 -0.164534341227145 0.754841837818491
1535224903.26675 -0.149705101408189  -11.7105947473788   15.7116130367837 -0.0867974278853191 -0.629076443982276 -0.162621978467843 0.755170925193967
1535224903.4477 -0.286945926194436  -11.7389210879327   15.7521615468841 -0.0833855794613402 -0.627196630489565 -0.165378824161369 0.756519052211797
1535224903.62864 -0.449284483930092  -11.7714310536072   15.7969321483233 -0.0789281401940874 -0.626948158370688 -0.169048432912491 0.756392082673356
1535224903.85967 -0.634990056247298   -11.822891145161   15.8087818379941 -0.0797730587132623 -0.627340356313303 -0.174865925568146 0.754653724909262
1535224904.05688 -0.785873696767571  -11.8671042648688   15.8326596894699 -0.0809070763835964 -0.625722475105292 -0.175016124648001 0.75584044960055
1535224904.23783 -0.905546154183212  -11.9021979378495    15.863374593317 -0.0834816814526465 -0.622282009510403 -0.172990792930006 0.758861051222806
1535224904.41981 -1.05350078785846 -11.9432370620516  15.9098098677019 -0.0896817431864126 -0.615470116169198 -0.171730951331603 0.763977880174853
1535224904.58424 -1.18055292139198 -11.9729420202761  15.9533108861602 -0.0931638654625028 -0.609840108869681 -0.173785401156799 0.767602872669632
1535224904.78171 -1.33949755237329 -12.0125139265615  15.9938010309291 -0.0984671200503805 -0.605397145582156 -0.175361197566385 0.77009543095518
1535224904.97892 -1.49475580166933 -12.0590967673784  16.0026164235935 -0.10797366747096 -0.604649343771368 -0.175427178078327 0.769393373640038
1535224905.14438 -1.62334922260395 -12.0906059726232  15.9951631483628 -0.110903118256329 -0.603726398980386 -0.177713238139187 0.76917679276307
1535224905.30907 -1.74441832440945 -12.1218639016566  15.9899952329108 -0.114432883424236 -0.602448573213331 -0.177013264658669 0.76982279516738
1535224905.50628   -1.890001638743 -12.1563201461204  15.9983054067901 -0.120291109317761 -0.597832734184027 -0.177890637935521 0.772321818863126
1535224905.67096 -2.01777240228547 -12.1797871118613  16.0129056574737 -0.125242815157978 -0.593935887276567 -0.179595217837342 0.77414466140784
1535224905.86921 -2.17427513297981 -12.1989770409034  16.0375581629844 -0.129943835002797 -0.590187094217376 -0.180897271172966 0.775931679238701
1535224906.03364 -2.30278056118658 -12.2174380562953  16.0667117936739 -0.134233018948936 -0.586019056693475 -0.182228208311956 0.778046298051317
1535224906.2311 -2.46743835042517 -12.2416040833688  16.0969500268073 -0.136648809569349 -0.582177094923892 -0.184473309867905 0.779978545176492
1535224906.39553 -2.60087204303705 -12.2742754441556  16.1115373563599 -0.139620552363591 -0.580707007210809 -0.184137732340237 0.780627163671971
1535224906.59378 -2.76337216234788 -12.3117179672228  16.1176968417517 -0.140670848081022 -0.580893025083608 -0.181902434760954 0.780824250479849
1535224906.75846 -2.89422882682173 -12.3407831442345  16.1160988787003 -0.141250843689637 -0.580925325668009 -0.179717802696504 0.781201303473326
1535224906.95567 -3.05228349273347 -12.3697172193393  16.1254460067234 -0.140233925262381 -0.57871015502535 -0.179074282487195 0.783173929614448
1535224907.12036 -3.18463713102408  -12.386980288344  16.1520957793339 -0.137024362408182 -0.576310701500261 -0.179218171370745 0.785475108767575
1535224907.3186 -3.33412498691008  -12.414623786388  16.1944188855248 -0.135634093040482 -0.572797045269086 -0.181387969034607 0.787785086445276
1535224907.48303 -3.45726020823214 -12.4362133834608  16.2450139896341 -0.134269574953759 -0.570533465458065 -0.180844013142285 0.789783950802206
1535224907.6805 -3.62095733087861 -12.4670490452928  16.3224923684834 -0.132956117415866 -0.566766483260275 -0.182473766348842 0.792339415205975
1535224907.91153 -3.80583287251004 -12.4895632165223   16.385222074784 -0.129469301309641 -0.564930114533665 -0.185415747104058 0.793544369545407
1535224908.07595 -3.92953474786707 -12.5133086866143  16.4039598594012 -0.128721495267749 -0.566168646379334 -0.18630851033812 0.792573642943429
1535224908.2569 -4.05259764883938 -12.5415786785918  16.4182177047863 -0.12632310293804 -0.565493708850929 -0.188679642304673 0.792880401759248
1535224908.47063 -4.21145098765848 -12.5900117718534  16.4539255030296 -0.121305192441219 -0.559361324517309 -0.19334206324438 0.796880672059152
1535224908.6361 -4.32074624845798 -12.6306207175118  16.4871129272082 -0.124203264472945 -0.555846782540441 -0.190676803131075 0.799531275299108
1535224908.80078 -4.43268087681144 -12.6633091352738   16.528249340287 -0.12866334338225 -0.552230594543121 -0.189065954205852 0.801711406604947
1535224908.99799 -4.56516474957435 -12.6902162247659  16.5821108726638 -0.133947275447665 -0.54929788306147 -0.188128843674106 0.803080009240785
1535224909.1952 -4.70784171379678 -12.7094319218841  16.6212623998397 -0.134473633067273 -0.546461517276737 -0.190883030193468 0.804276271519591
1535224909.36092 -4.82057588717041 -12.7324998338892  16.6417597779166 -0.134212329781424 -0.546631754103352 -0.192471433808291 0.80382555514758
1535224909.52535 -4.94036223553127 -12.7555120084102  16.6604904065346 -0.131810814264081 -0.549453958204847 -0.190577938965922 0.802749217524108
1535224909.72256 -5.06847646530366 -12.7938053240288  16.6666539748738 -0.133078960761168 -0.549265270341898 -0.19126262029987 0.802506238651761
1535224909.88724 -5.17036316575401 -12.8176141671202  16.6781170903899 -0.131596673535917 -0.547752684741099 -0.19178108186728 0.803659958260342
1535224910.08549 -5.28185663959569 -12.8375112276667  16.7164114585934 -0.127856885298566 -0.543105818894942 -0.195550866334051 0.806503902681324
1535224910.31548    -5.37985996811 -12.8464869346374  16.7804400496833 -0.131335023736738 -0.537894636325308 -0.196402451457645 0.809225894799445
1535224910.54651 -5.51788015626128  -12.863943960006  16.8188595246562 -0.135051610969424 -0.537502544493946 -0.202952166737898 0.807256152069149
1535224910.71119 -5.63032538508833 -12.8802776260661  16.8286720502946 -0.136909825109853 -0.539552263186582 -0.20905645027735 0.804011477328564
1535224910.87562 -5.74438981211705 -12.8985337762008  16.8355625140578 -0.140273315489501 -0.54102171467117 -0.214668476242069 0.800959641008059
1535224911.04031 -5.86130790575602 -12.9184071156859  16.8458879466261 -0.143244681401425 -0.53955752626827 -0.220171999814683 0.799926826400436
1535224911.23751 -6.00469696716104 -12.9420268143124  16.8608715926107 -0.145661177831541 -0.537171038723676 -0.227472335207695 0.799053460754919
1535224911.40298 -6.11365452310894 -12.9515965391256  16.8660433118159 -0.147298860976723 -0.533912180379607 -0.237083649629418 0.798142952280887
1535224911.56767 -6.24148721359138 -12.9722820641293  16.8832097253642 -0.148283730140541 -0.535653540441242 -0.240373146854767 0.795806490460782
1535224911.73235 -6.36579490045355 -12.9969294123619  16.8947200078874 -0.150280663932835 -0.536280640762758 -0.242977305397976 0.79421711480711
1535224911.89678 -6.48825428360959 -13.0156821358829  16.8901862100241 -0.151405221241033 -0.537708734427087 -0.247235244133186 0.791719969408489
1535224912.02868 -6.60019230971255 -13.0430717789068  16.8874875399736 -0.148038084957683 -0.54275682089093 -0.251414130905969 0.78758535636414
1535224912.16059 -6.71316312325212 -13.0701610480162  16.8756153120077 -0.144100750270625 -0.545579595331806 -0.259179875038087 0.783839059567886
1535224912.29224 -6.82709983863627 -13.0977999003949   16.853559844372 -0.137996842029343 -0.551121235738318 -0.267307668806374 0.778311547714346
1535224912.42414 -6.92844555137709 -13.1148901337288  16.7940539151542 -0.130088082556332 -0.564127881416451 -0.272321545721516 0.768555658310605
1535224912.55605 -7.03142828629189 -13.1414204133245  16.7229125619643 -0.121684563924198 -0.577025183830173 -0.281432547654493 0.756987797292027
1535224912.68691 -7.12573029890723 -13.1602399123757  16.6361723569258 -0.109155856564061 -0.591499187499817 -0.290873171523199 0.744047383069693
1535224912.78604 -7.19246488968993 -13.1703418125212  16.5656428281288 -0.0972636910881689 -0.603706879889715 -0.298999464944568 0.732582485139109
1535224912.88516  -7.2406315024776 -13.1764818229415  16.4857785667126 -0.0861792876739711 -0.615762818192877 -0.305080193303379 0.721342746384231
1535224913.01706 -7.32174205613712 -13.1914833780044  16.3951531975701 -0.0737184035750183 -0.628884165434258 -0.315828165505841 0.706627818100606
1535224913.11515 -7.37518051080932 -13.1972923100082    16.32258718318 -0.0669139746351586 -0.640240326682885 -0.321062081374985 0.694646661253533
1535224913.24705 -7.42732181603604 -13.1951645505829  16.2066913409118 -0.0561442524443763 -0.657415081609683 -0.331843213058514 0.674190859724899
1535224913.34618 -7.42683813477854 -13.1757414880487  16.1188436157915 -0.0448512892800732 -0.674984100405884 -0.339265155776615 0.653669626130084
1535224913.4453 -7.43213318707062 -13.1593558110341  16.0186029969754 -0.0363866712660469 -0.690333486348104 -0.349631597410766 0.632355464808082
1535224913.5772 -7.40970952032759 -13.1403814593893  15.8957262857935 -0.0261199363113038 -0.715683213387321 -0.360604426230168 0.597561490380616
1535224913.70807 -7.37275651706047 -13.1561492005141  15.7869997976659 -0.0226282927436539 -0.743766081664539 -0.364574943597161 0.559808080179282
1535224913.80719 -7.33005502576189 -13.1933945148984  15.7594627550119 -0.0201795991060667 -0.767128719093695 -0.364353236506378 0.527591727729798
1535224913.9391 -7.26929073235255  -13.260415401927  15.7650512896644 0.0140749097076916 0.797682646478943 0.360477957458176 -0.483280389225398
1535224914.03822  -7.2310254331289 -13.2984877918907  15.7687111282981 0.00780744387566608 0.818891121317731 0.355300867963416 -0.450685775759076
1535224914.17013 -7.21926110391382 -13.3098208727858  15.7719623916675 0.00934833125908013 0.843303984371768 0.3395109464867 -0.416513284135184
1535224914.30203 -7.21483551416609 -13.3132197005169  15.7730505145014 0.0134991010173137 0.865714488646608 0.320251718374686 -0.384441198751028
1535224914.43264 -7.20954375002318  -13.318553490233  15.7764571808892 0.0141894989009306 0.884729239260442 0.301640831506322 -0.355057234944952
1535224914.59836 -7.20863962124087 -13.3197722458141   15.775791220565 0.0157444451004817 0.90313210173879 0.279681494909007 -0.325396343960434
1535224914.76279 -7.20680979957862 -13.3211524214491  15.7770094837361 0.0180380190045513 0.91731424506855 0.259366116273444 -0.30155998307789
1535224915.0266 -7.20812724939592 -13.3195505477925  15.7755015074611 0.0282562093069508 0.929256932221358 0.23403776645194 -0.284445890158989
1535224915.4538  -7.2074105182407 -13.3200769039456  15.7762761086394 0.0464357833901246 0.936884211652669 0.221564122469269 -0.266460187666608
1535224915.68483 -7.20831770526708 -13.3187295827045  15.7750727929999 0.0561781605438235 0.942755124034656 0.217140265547407 -0.246793224101301
1535224916.04776 -7.20899716061419  -13.317509284489  15.7741105699481 0.0656089550359702 0.951981048891352 0.205389461700014 -0.217353897120312
1535224916.50878  -7.2100770670186 -13.3159127292679  15.7725555983589 0.104747900913641 0.951695410439497 0.174010779446874 -0.230269345851495
1535224916.83789 -7.21110671775897 -13.3140915721217  15.7708765230908 0.126096907199931 0.949079905275748 0.152512233950657 -0.245126338633305
1535224917.06892 -7.21156732590794 -13.3131670544025  15.7701947533363 0.14959031951113 0.955293694045276 0.129581898846321 -0.219647959055552
1535224917.43081  -7.2125394619322 -13.3114669320999  15.7689003787953 0.143824525490989 0.961743875146859 0.0928960761249102 -0.213854023869996
1535224917.66184 -7.21290748256151 -13.3104279113097  15.7677801049567 0.131256868786802 0.965100120423945 0.0640543885612584 -0.217371633982023
1535224917.92435 -7.21344180294582 -13.3091841035258  15.7665360816763 0.128150141391398 0.966501627713744 0.0266445518167714 -0.220776386297385
1535224918.15538 -7.21374982806937 -13.3084750092995  15.7649063390777 0.136696642164611 0.96310975994254 -0.00565430425632559 -0.231736158524559
1535224918.32007 -7.21379632365115  -13.308257882448  15.7637930778319 0.138793319523923 0.959280193107584 -0.0240216288966491 -0.244828280458279
1535224918.51831 -7.21395567903419 -13.3080284638937  15.7626394719374 0.152383224875622 0.952587332496002 -0.0501225282239125 -0.25854295370228
1535224918.69913 -7.21388764242173  -13.307831106995  15.7617535386042 0.153495587132811 0.947809753886764 -0.0677961360876354 -0.271107836661819
1535224918.83104 -7.21395745890348 -13.3076490006114  15.7609957623599 0.149510262527218 0.944307401054817 -0.0775875169908894 -0.282684260119532
1535224918.97933 -7.21428401388417 -13.3072123517122  15.7602160993277 0.149530550376001 0.9419050477604 -0.0962711145838359 -0.284933971306537
1535224919.24288 -7.21454805582313 -13.3065517694329   15.760474350905 0.150348887625331 0.942081533509905 -0.132421610984946 -0.268964892046532
1535224919.7039 -7.21727744978527  -13.307315934713  15.7575605391838 0.133591311781739 0.955605538294548 -0.0980785784790661 -0.243622677599495
