1535224873.455681 0.0000000 0.0000000 0.0000000 -0.0000000 -0.0000000 -0.0000000 1.0000000
1535224873.521242 0.0329574 -0.0260015 -0.0076705 -0.0001794 0.0049069 -0.0040879 0.9999796
1535224873.653146 0.1067790 -0.0880855 -0.0262679 -0.0011750 0.0119054 -0.0126357 0.9998486
1535224873.718450 0.1471756 -0.1224687 -0.0380511 -0.0018122 0.0131769 -0.0156768 0.9997886
1535224873.833963 0.2079755 -0.1773084 -0.0546602 -0.0026114 0.0109651 -0.0148596 0.9998261
1535224873.965868 0.2898674 -0.2509585 -0.0758625 -0.0036377 0.0019108 -0.0047791 0.9999802
1535224874.114162 0.3904704 -0.3359304 -0.0969765 -0.0046853 -0.0114462 0.0164915 0.9997875
1535224874.180506 0.4295347 -0.3660736 -0.1041966 -0.0047354 -0.0167230 0.0261871 0.9995060
1535224874.476839 0.6026912 -0.4735985 -0.1180001 -0.0041948 -0.0241594 0.0450797 0.9986824
1535224874.608743 0.6754542 -0.5169157 -0.1134471 -0.0054087 -0.0225958 0.0435611 0.9987805
1535224874.739609 0.7387303 -0.5612347 -0.1004173 -0.0072674 -0.0204416 0.0374327 0.9990636
1535224874.970637 0.8354920 -0.6543433 -0.0539856 -0.0129712 -0.0209541 0.0169874 0.9995520
1535224875.201665 0.9586415 -0.7657419 0.0122219 -0.0216183 -0.0281391 0.0128839 0.9992872
1535224875.333569 1.0506666 -0.8253006 0.0571704 -0.0275713 -0.0302475 0.0188512 0.9989843
1535224875.464435 1.1576793 -0.8742197 0.1036195 -0.0331868 -0.0316556 0.0286354 0.9985372
1535224875.563557 1.2559391 -0.9057227 0.1379766 -0.0378964 -0.0303489 0.0396342 0.9980341
1535224875.695204 1.4112154 -0.9280673 0.1804618 -0.0422575 -0.0226084 0.0573563 0.9972028
1535224875.794586 1.5440922 -0.9343342 0.2087721 -0.0456391 -0.0137908 0.0718581 0.9962747
1535224875.926232 1.7194092 -0.9282467 0.2422668 -0.0492776 -0.0007612 0.0947776 0.9942778
1535224876.090919 1.9264716 -0.9019046 0.2784882 -0.0529447 0.0154915 0.1218542 0.9910139
1535224876.156223 2.0009320 -0.8885238 0.2937462 -0.0544528 0.0223414 0.1294096 0.9898429
1535224876.354728 2.1933901 -0.8537129 0.3405477 -0.0614786 0.0393031 0.1535843 0.9854378
1535224876.420031 2.2490425 -0.8433824 0.3545982 -0.0633507 0.0441828 0.1612137 0.9838927
1535224876.519155 2.3320675 -0.8310012 0.3761766 -0.0634601 0.0508915 0.1717500 0.9817764
1535224876.651058 2.4259808 -0.8210745 0.4033137 -0.0641565 0.0587269 0.1826548 0.9793224
1535224876.716362 2.4668744 -0.8196398 0.4183993 -0.0641077 0.0617563 0.1866026 0.9783945
1535224876.881049 2.5612118 -0.8190863 0.4577204 -0.0635307 0.0709055 0.1917181 0.9768216
1535224877.012954 2.6282377 -0.8271192 0.4896826 -0.0622711 0.0783797 0.1921984 0.9762370
1535224877.112077 2.6677051 -0.8367669 0.5154797 -0.0600184 0.0812822 0.1915114 0.9762757
1535224877.243982 2.7086148 -0.8584152 0.5530915 -0.0551111 0.0807024 0.1901254 0.9768839
1535224877.375628 2.7379885 -0.8839360 0.5918251 -0.0471467 0.0756138 0.1913080 0.9774769
1535224877.473971 2.7606781 -0.9028271 0.6219016 -0.0418293 0.0725706 0.1889329 0.9784110
1535224877.672218 2.8124976 -0.9312861 0.6732244 -0.0322340 0.0740232 0.1795904 0.9804228
1535224877.770303 2.8431551 -0.9439514 0.6951847 -0.0292533 0.0752170 0.1772775 0.9808462
1535224877.869426 2.8715775 -0.9524803 0.7160932 -0.0261531 0.0760989 0.1745635 0.9813524
1535224878.165758 2.9338527 -0.9834624 0.7796782 -0.0192569 0.0613271 0.1842624 0.9807730
1535224878.330443 2.9723818 -0.9883839 0.8092768 -0.0172125 0.0565412 0.1948152 0.9790577
1535224878.561473 3.0287926 -0.9830947 0.8372245 -0.0172093 0.0584627 0.2060587 0.9766400
1535224878.923367 3.0740175 -0.9743053 0.8890141 -0.0215630 0.0560892 0.2128241 0.9752410
1535224879.252479 3.1037517 -0.9696279 0.9547938 -0.0351501 0.0607034 0.2034567 0.9765680
1535224879.582630 3.1376576 -0.9748809 1.0264527 -0.0526420 0.0600129 0.2039878 0.9757132
1535224879.779838 3.1580102 -0.9830235 1.0689244 -0.0597743 0.0509419 0.2135882 0.9737618
1535224879.944266 3.1863406 -0.9892995 1.1088035 -0.0651741 0.0491588 0.2127695 0.9736862
1535224880.240855 3.2714405 -0.9762004 1.1550933 -0.0718247 0.0540286 0.2227712 0.9707189
1535224880.372761 3.3171697 -0.9586062 1.1653687 -0.0740921 0.0559323 0.2304813 0.9686384
1535224880.537189 3.3661084 -0.9375398 1.1721008 -0.0756093 0.0542129 0.2459530 0.9648064
1535224880.867340 3.4320762 -0.8968427 1.1680144 -0.0783007 0.0499830 0.2622604 0.9605156
1535224881.229236 3.4363186 -0.9155834 1.1839870 -0.0799768 0.0412863 0.2439858 0.9655932
1535224881.361140 3.4349918 -0.9374163 1.2001914 -0.0799892 0.0364060 0.2331361 0.9684648
1535224881.525567 3.4416814 -0.9731215 1.2276739 -0.0800509 0.0314457 0.2175245 0.9722583
1535224881.690252 3.4625394 -1.0133421 1.2600709 -0.0786872 0.0294837 0.2070356 0.9747181
1535224881.888499 3.4999371 -1.0722854 1.3059437 -0.0758177 0.0207825 0.2067304 0.9752345
1535224882.085707 3.5422697 -1.1349950 1.3566886 -0.0724363 0.0113716 0.2134025 0.9742090
1535224882.250392 3.5785525 -1.1861200 1.4042990 -0.0677789 0.0037057 0.2225835 0.9725477
1535224882.414819 3.6126664 -1.2330943 1.4550033 -0.0617348 -0.0007404 0.2313475 0.9709102
1535224882.546723 3.6333022 -1.2715573 1.4989486 -0.0559159 -0.0060513 0.2388994 0.9694142
1535224882.711409 3.6494637 -1.3141117 1.5553800 -0.0471165 -0.0082962 0.2379184 0.9701062
1535224882.875838 3.6687710 -1.3475657 1.6125131 -0.0392638 0.0007153 0.2238891 0.9738231
1535224883.041562 3.6834109 -1.3866744 1.6742781 -0.0311216 0.0025168 0.2193277 0.9751515
1535224883.205989 3.6999576 -1.4191477 1.7305948 -0.0244171 0.0022387 0.2174909 0.9757543
1535224883.337894 3.7172170 -1.4371189 1.7777506 -0.0220136 0.0042673 0.2122260 0.9769633
1535224883.732568 3.7584045 -1.4838657 1.9222292 -0.0236042 -0.0051244 0.2078633 0.9778596
1535224883.798911 3.7598493 -1.4914391 1.9486375 -0.0246866 -0.0051705 0.2062674 0.9781706
1535224883.996119 3.7710385 -1.5215167 2.0227311 -0.0280708 -0.0114656 0.2066274 0.9779497
1535224884.193585 3.7795556 -1.5536978 2.1004529 -0.0284679 -0.0113968 0.2002733 0.9792601
1535224884.292709 3.7886293 -1.5756918 2.1356866 -0.0294853 -0.0086553 0.1971213 0.9798974
1535224884.391832 3.8009844 -1.5911949 2.1725831 -0.0293606 -0.0057018 0.1929087 0.9807608
1535224884.523739 3.8192215 -1.6200577 2.2245960 -0.0310223 -0.0047301 0.1891068 0.9814550
1535224884.885374 3.8462684 -1.7032182 2.3624752 -0.0364936 -0.0260400 0.1967214 0.9794340
1535224885.083879 3.8641820 -1.7297732 2.4550123 -0.0435274 -0.0277529 0.1958029 0.9792836
1535224885.248307 3.8779893 -1.7531210 2.5347030 -0.0489747 -0.0280238 0.1977926 0.9786186
1535224885.346391 3.8857393 -1.7661937 2.5832608 -0.0517483 -0.0257370 0.1965209 0.9787948
1535224885.478296 3.8966610 -1.7789224 2.6443081 -0.0536770 -0.0234392 0.1961201 0.9788290
1535224885.577420 3.9033816 -1.7909955 2.6913252 -0.0558668 -0.0252431 0.1973567 0.9784130
1535224885.709324 3.9108262 -1.8032167 2.7507138 -0.0586527 -0.0281020 0.1965279 0.9783389
1535224885.808447 3.9128647 -1.8134193 2.7944093 -0.0604918 -0.0292689 0.1924991 0.9789935
1535224886.038436 3.9184768 -1.8363266 2.8826690 -0.0605214 -0.0365533 0.1821977 0.9807166
1535224886.137560 3.9194987 -1.8485303 2.9158046 -0.0599474 -0.0424871 0.1782171 0.9812440
1535224886.236683 3.9225235 -1.8619987 2.9516227 -0.0594638 -0.0502242 0.1740070 0.9816635
1535224886.434149 3.9282980 -1.8926202 3.0246139 -0.0598586 -0.0637551 0.1711078 0.9813635
1535224886.499452 3.9280810 -1.9012115 3.0500114 -0.0596547 -0.0671198 0.1729126 0.9808351
1535224886.663880 3.9312506 -1.9321307 3.1183350 -0.0626302 -0.0727359 0.1790124 0.9791535
1535224886.862385 3.9342303 -1.9657264 3.2014852 -0.0663462 -0.0751585 0.1818987 0.9781934
1535224886.994034 3.9353170 -1.9868724 3.2585182 -0.0689383 -0.0767864 0.1843791 0.9774230
1535224887.191500 3.9447935 -2.0222673 3.3413444 -0.0736284 -0.0795933 0.1838026 0.9769649
1535224887.290624 3.9487200 -2.0408893 3.3838804 -0.0758050 -0.0818865 0.1830275 0.9767544
1535224887.422528 3.9499745 -2.0687625 3.4438846 -0.0793316 -0.0852834 0.1810880 0.9765452
1535224887.652517 3.9569123 -2.1155303 3.5457730 -0.0842855 -0.0946814 0.1788756 0.9756715
1535224887.784164 3.9554467 -2.1459007 3.6025131 -0.0876217 -0.1005385 0.1764004 0.9752422
1535224887.916068 3.9540367 -2.1718438 3.6566670 -0.0895184 -0.1051527 0.1723589 0.9753060
1535224888.047972 3.9533229 -2.2002981 3.7110972 -0.0917563 -0.1087645 0.1683036 0.9754102
1535224888.147096 3.9541135 -2.2177043 3.7530193 -0.0930031 -0.1111878 0.1640596 0.9757419
1535224888.245180 3.9526837 -2.2359192 3.7937305 -0.0944003 -0.1147151 0.1606995 0.9757586
1535224888.344304 3.9517903 -2.2554681 3.8358572 -0.0965011 -0.1200908 0.1577293 0.9753908
1535224888.541770 3.9483826 -2.2868035 3.9166834 -0.0979526 -0.1296750 0.1493944 0.9753312
1535224888.640893 3.9449525 -2.3049183 3.9570873 -0.0988223 -0.1349201 0.1453448 0.9751439
1535224888.772799 3.9395671 -2.3297009 4.0083213 -0.0989106 -0.1430652 0.1406896 0.9746566
1535224888.871923 3.9352369 -2.3510826 4.0481958 -0.0990740 -0.1500346 0.1369103 0.9741302
1535224888.970008 3.9267237 -2.3748035 4.0882006 -0.0992153 -0.1565335 0.1322050 0.9737430
1535224889.069131 3.9164529 -2.3942549 4.1259193 -0.0971474 -0.1629495 0.1271358 0.9735740
1535224889.168255 3.9048438 -2.4227824 4.1648474 -0.0973811 -0.1703259 0.1218767 0.9729605
1535224889.266339 3.8910556 -2.4465778 4.2024465 -0.0962464 -0.1783406 0.1183601 0.9720711
1535224889.365462 3.8732815 -2.4691322 4.2392159 -0.0943652 -0.1856025 0.1136860 0.9714538
1535224889.464588 3.8548210 -2.4908588 4.2759304 -0.0923028 -0.1914480 0.1059439 0.9713927
1535224889.596492 3.8306725 -2.5131924 4.3264742 -0.0887245 -0.1995258 0.0962204 0.9711123
1535224889.761178 3.8008401 -2.5436232 4.3836470 -0.0858686 -0.2126594 0.0871233 0.9694391
1535224889.893082 3.7763662 -2.5635729 4.4264402 -0.0825882 -0.2230618 0.0790861 0.9680744
1535224890.024729 3.7560215 -2.5824780 4.4677486 -0.0798439 -0.2331916 0.0735554 0.9663520
1535224890.155594 3.7331283 -2.6007736 4.5082722 -0.0769247 -0.2427307 0.0658225 0.9647962
1535224890.287498 3.7080016 -2.6226261 4.5450754 -0.0742621 -0.2528421 0.0579796 0.9629093
1535224890.386622 3.6869695 -2.6397963 4.5717063 -0.0723424 -0.2609809 0.0522486 0.9612105
1535224890.551308 3.6481996 -2.6670709 4.6146564 -0.0699092 -0.2763626 0.0462930 0.9573888
1535224890.683212 3.6171594 -2.6920707 4.6464033 -0.0685962 -0.2876302 0.0390559 0.9544832
1535224890.782335 3.5920506 -2.7079937 4.6726713 -0.0667465 -0.2941602 0.0312990 0.9529087
1535224890.913982 3.5570514 -2.7313697 4.7054367 -0.0652989 -0.3027566 0.0217459 0.9505796
1535224891.045887 3.5396636 -2.7429268 4.7372355 -0.0615028 -0.3163733 0.0152151 0.9465167
1535224891.143971 3.4981160 -2.7640905 4.7636867 -0.0612241 -0.3212912 0.0072194 0.9449717
1535224891.275877 3.4674664 -2.7853024 4.7948298 -0.0592241 -0.3294300 0.0006013 0.9423206
1535224891.407782 3.4418635 -2.8084271 4.8259888 -0.0566576 -0.3360346 -0.0045991 0.9401327
1535224891.572467 3.4117944 -2.8433309 4.8666286 -0.0542133 -0.3442407 -0.0104967 0.9372562
1535224891.736895 3.3773191 -2.8801310 4.9055023 -0.0522812 -0.3560118 -0.0153243 0.9328920
1535224891.868798 3.3431988 -2.9093900 4.9331255 -0.0498947 -0.3648371 -0.0212735 0.9294901
1535224892.033484 3.2998908 -2.9457939 4.9674397 -0.0458777 -0.3770785 -0.0300255 0.9245570
1535224892.198950 3.2552371 -2.9877408 4.9984679 -0.0427771 -0.3893116 -0.0393329 0.9192712
1535224892.363635 3.2078753 -3.0225048 5.0311732 -0.0378028 -0.3982972 -0.0472742 0.9152570
1535224892.495281 3.1717279 -3.0487309 5.0612803 -0.0341838 -0.4048471 -0.0535854 0.9121726
1535224892.626147 3.1360943 -3.0725627 5.0874043 -0.0316756 -0.4121195 -0.0556766 0.9088753
1535224892.725271 3.1108673 -3.0898235 5.1067505 -0.0299767 -0.4180124 -0.0556158 0.9062417
1535224892.857175 3.0756130 -3.1116652 5.1319780 -0.0266940 -0.4235580 -0.0565089 0.9037105
1535224892.956300 3.0513890 -3.1261182 5.1501098 -0.0229362 -0.4265479 -0.0573790 0.9023517
1535224893.071295 3.0285399 -3.1442065 5.1685247 -0.0200208 -0.4298650 -0.0592159 0.9007268
1535224893.220109 2.9908004 -3.1731079 5.1988502 -0.0156197 -0.4384502 -0.0583981 0.8967202
1535224893.384537 2.9478071 -3.2043746 5.2247686 -0.0137129 -0.4483500 -0.0564761 0.8919668
1535224893.516441 2.9111495 -3.2247891 5.2427659 -0.0106436 -0.4556748 -0.0567289 0.8882731
1535224893.681128 2.8628592 -3.2461994 5.2652750 -0.0062199 -0.4646664 -0.0615755 0.8833204
1535224893.813033 2.8253613 -3.2584033 5.2821302 -0.0027161 -0.4716253 -0.0656141 0.8793504
1535224894.010240 2.7765732 -3.2816293 5.3076663 -0.0014213 -0.4825765 -0.0658765 0.8733718
1535224894.174667 2.7404575 -3.3017833 5.3320832 -0.0018919 -0.4919648 -0.0621387 0.8683927
1535224894.372133 2.6961210 -3.3281403 5.3597808 -0.0004982 -0.5012777 -0.0620806 0.8630565
1535224894.537600 2.6550078 -3.3496959 5.3786287 0.0041068 -0.5081592 -0.0687837 0.8585023
1535224894.669504 2.6211748 -3.3657410 5.3925090 0.0076301 -0.5153702 -0.0737322 0.8537557
1535224894.833931 2.5801880 -3.3863504 5.4097333 0.0130497 -0.5217168 -0.0818634 0.8490816
1535224894.965835 2.5478938 -3.4012501 5.4271846 0.0179660 -0.5254632 -0.0888477 0.8459739
1535224895.130520 2.5072298 -3.4202886 5.4449315 0.0213022 -0.5320711 -0.0953090 0.8410487
1535224895.262424 2.4762409 -3.4358165 5.4596143 0.0217645 -0.5385773 -0.0978305 0.8365943
1535224895.492415 2.4216406 -3.4600353 5.4904671 0.0226628 -0.5461165 -0.1003322 0.8313703
1535224895.690662 2.3740087 -3.4820592 5.5195017 0.0245109 -0.5491794 -0.1061145 0.8285777
1535224895.920651 2.3114510 -3.5025921 5.5418954 0.0251696 -0.5584638 -0.1159626 0.8209978
1535224896.117859 2.2550812 -3.5183420 5.5605168 0.0264065 -0.5662035 -0.1247871 0.8143369
1535224896.283326 2.2058902 -3.5305219 5.5745625 0.0293858 -0.5697722 -0.1317478 0.8106409
1535224896.415231 2.1673293 -3.5423789 5.5851912 0.0286673 -0.5741529 -0.1322036 0.8074954
1535224896.546096 2.1303082 -3.5546677 5.5952611 0.0273445 -0.5786254 -0.1306413 0.8045980
1535224896.711820 2.0793290 -3.5675845 5.6042595 0.0246133 -0.5834793 -0.1302775 0.8012328
1535224896.842685 2.0358014 -3.5766184 5.6108856 0.0218011 -0.5876883 -0.1293869 0.7983773
1535224897.008152 1.9822302 -3.5890493 5.6201229 0.0225622 -0.5893519 -0.1346705 0.7962533
1535224897.172839 1.9276624 -3.6036794 5.6317649 0.0232801 -0.5907465 -0.1400268 0.7942727
1535224897.304486 1.8833427 -3.6168857 5.6438251 0.0233790 -0.5900640 -0.1434123 0.7941730
1535224897.436389 1.8386660 -3.6313574 5.6598487 0.0256158 -0.5875039 -0.1490120 0.7949708
1535224897.567255 1.7939329 -3.6461086 5.6736507 0.0261289 -0.5877285 -0.1520394 0.7942144
1535224897.732979 1.7394385 -3.6657801 5.6876502 0.0223249 -0.5914140 -0.1502870 0.7919248
1535224897.897408 1.6859651 -3.6851952 5.7007132 0.0198638 -0.5935092 -0.1507049 0.7903419
1535224898.029312 1.6448035 -3.6981361 5.7060575 0.0191154 -0.5955728 -0.1519403 0.7885696
1535224898.161216 1.6067243 -3.7127399 5.7088981 0.0182162 -0.5981307 -0.1531060 0.7864264
1535224898.292082 1.5696239 -3.7267349 5.7133923 0.0189127 -0.5985155 -0.1555105 0.7856449
1535224898.457548 1.5244837 -3.7455101 5.7221098 0.0179784 -0.5986130 -0.1563227 0.7854314
1535224898.588413 1.4890428 -3.7576292 5.7287221 0.0153025 -0.5998768 -0.1544276 0.7848986
1535224898.687536 1.4631186 -3.7656882 5.7367697 0.0139394 -0.6006413 -0.1540513 0.7844131
1535224898.819441 1.4259067 -3.7771506 5.7464232 0.0115717 -0.6007876 -0.1552072 0.7841116
1535224898.951345 1.3894205 -3.7887542 5.7557778 0.0085480 -0.6021321 -0.1550895 0.7831418
1535224899.115772 1.3417306 -3.8045142 5.7653790 0.0065348 -0.6027882 -0.1562121 0.7824331
1535224899.312980 1.2874441 -3.8271534 5.7704253 0.0044366 -0.6054229 -0.1582820 0.7799938
1535224899.478705 1.2416263 -3.8489971 5.7726927 0.0028289 -0.6076126 -0.1598852 0.7779689
1535224899.643134 1.1970463 -3.8708265 5.7750964 0.0018195 -0.6090001 -0.1614213 0.7765686
1535224899.775039 1.1620493 -3.8890820 5.7785578 0.0014167 -0.6092092 -0.1638569 0.7758950
1535224899.906943 1.1277161 -3.9063208 5.7879190 0.0017912 -0.6077532 -0.1666568 0.7764395
1535224900.037808 1.0937085 -3.9235339 5.8025241 0.0005850 -0.6050339 -0.1683708 0.7781934
1535224900.203275 1.0497265 -3.9465208 5.8248200 -0.0037043 -0.6026478 -0.1691130 0.7798735
1535224900.367961 1.0052791 -3.9691918 5.8399668 -0.0061422 -0.6013204 -0.1731379 0.7799996
1535224900.499865 0.9671307 -3.9884558 5.8434343 -0.0076323 -0.6019654 -0.1778296 0.7784318
1535224900.631769 0.9300432 -4.0097237 5.8418937 -0.0103027 -0.6053619 -0.1799472 0.7752741
1535224900.762634 0.8920040 -4.0322056 5.8406858 -0.0137632 -0.6075059 -0.1792593 0.7737011
1535224900.928101 0.8438077 -4.0620527 5.8403964 -0.0187977 -0.6094517 -0.1758367 0.7728498
1535224901.058966 0.8062253 -4.0862417 5.8386378 -0.0212694 -0.6097296 -0.1733029 0.7731388
1535224901.158089 0.7779665 -4.1058235 5.8415828 -0.0212425 -0.6076495 -0.1734726 0.7747374
1535224901.289994 0.7397642 -4.1301246 5.8490906 -0.0215085 -0.6045278 -0.1725610 0.7773713
1535224901.454423 0.6917481 -4.1619568 5.8592911 -0.0257730 -0.6036261 -0.1689211 0.7787407
1535224901.586327 0.6521778 -4.1868677 5.8662381 -0.0287507 -0.6033952 -0.1669393 0.7792425
1535224901.718231 0.6145635 -4.2121687 5.8740120 -0.0294737 -0.6030094 -0.1668600 0.7795311
1535224901.882916 0.5668650 -4.2458563 5.8818607 -0.0289409 -0.6013139 -0.1679561 0.7806246
1535224902.014563 0.5280457 -4.2732615 5.8880768 -0.0288820 -0.6012055 -0.1670974 0.7808946
1535224902.179250 0.4777660 -4.3107967 5.8950753 -0.0296598 -0.6017241 -0.1645955 0.7809973
1535224902.311154 0.4360108 -4.3426490 5.9007130 -0.0288168 -0.6019033 -0.1638708 0.7810432
1535224902.442801 0.3959856 -4.3724837 5.9075437 -0.0283745 -0.6032336 -0.1595863 0.7809202
1535224902.607486 0.3467779 -4.4087262 5.9147849 -0.0281665 -0.6052837 -0.1523091 0.7807946
1535224902.739390 0.3087988 -4.4353409 5.9247041 -0.0264100 -0.6055067 -0.1472516 0.7816528
1535224902.903818 0.2602262 -4.4660058 5.9374514 -0.0233169 -0.6036115 -0.1435897 0.7838951
1535224903.035722 0.2220283 -4.4892635 5.9511518 -0.0225232 -0.6037700 -0.1411067 0.7842470
1535224903.167627 0.1827097 -4.5057139 5.9614925 -0.0215571 -0.6038341 -0.1385970 0.7846723
1535224903.266751 0.1551313 -4.5194707 5.9731994 -0.0215530 -0.6040432 -0.1377449 0.7846615
1535224903.398655 0.1145368 -4.5341511 5.9868693 -0.0195582 -0.6017369 -0.1393468 0.7862014
1535224903.529520 0.0746212 -4.5489020 6.0004816 -0.0169234 -0.6000165 -0.1426494 0.7869847
1535224903.694987 0.0241742 -4.5677333 6.0099120 -0.0149057 -0.6001306 -0.1470943 0.7861198
1535224903.859674 -0.0239224 -4.5862408 6.0156336 -0.0138899 -0.6007962 -0.1504714 0.7849901
1535224903.991578 -0.0614219 -4.6040959 6.0208287 -0.0147189 -0.5991271 -0.1525235 0.7858542
1535224904.123225 -0.0979724 -4.6198668 6.0289278 -0.0166120 -0.5967038 -0.1513334 0.7878876
1535224904.237829 -0.1237259 -4.6334801 6.0365877 -0.0198687 -0.5945995 -0.1494147 0.7897670
1535224904.353214 -0.1582074 -4.6485972 6.0497518 -0.0230720 -0.5905209 -0.1476804 0.7930593
1535224904.485118 -0.1936655 -4.6630716 6.0643187 -0.0259608 -0.5858713 -0.1478323 0.7963834
1535224904.649803 -0.2407913 -4.6812630 6.0821624 -0.0300639 -0.5811207 -0.1492116 0.7994565
1535224904.848051 -0.2991314 -4.7041297 6.0954766 -0.0374625 -0.5784363 -0.1491366 0.8011032
1535224904.978916 -0.3359642 -4.7198381 6.0980883 -0.0429445 -0.5787407 -0.1485309 0.8007207
1535224905.144382 -0.3821926 -4.7383094 6.0976191 -0.0468376 -0.5781159 -0.1510647 0.8004797
1535224905.309067 -0.4243822 -4.7565241 6.0971103 -0.0513898 -0.5770952 -0.1505164 0.8010399
1535224905.440972 -0.4602041 -4.7686739 6.0997896 -0.0549121 -0.5744750 -0.1498292 0.8028165
1535224905.605401 -0.5068913 -4.7837548 6.1066351 -0.0589451 -0.5702909 -0.1513641 0.8052222
1535224905.802609 -0.5630808 -4.7987227 6.1171789 -0.0642853 -0.5664402 -0.1527598 0.8072654
1535224906.000075 -0.6200228 -4.8162031 6.1324530 -0.0703222 -0.5623299 -0.1530410 0.8095791
1535224906.165541 -0.6690032 -4.8307395 6.1457982 -0.0728360 -0.5592078 -0.1541421 0.8113087
1535224906.330229 -0.7194004 -4.8478546 6.1548796 -0.0747460 -0.5570261 -0.1548947 0.8124915
1535224906.462133 -0.7585049 -4.8633785 6.1588221 -0.0766143 -0.5569701 -0.1538563 0.8125532
1535224906.593780 -0.7975607 -4.8765368 6.1622682 -0.0770885 -0.5571960 -0.1517840 0.8127432
1535224906.708383 -0.8269405 -4.8881197 6.1627417 -0.0776831 -0.5572055 -0.1506435 0.8128924
1535224906.890369 -0.8860028 -4.9082174 6.1669774 -0.0761627 -0.5555930 -0.1495802 0.8143350
1535224907.054796 -0.9333837 -4.9222941 6.1765599 -0.0740968 -0.5533050 -0.1489180 0.8162027
1535224907.186701 -0.9714940 -4.9335823 6.1874928 -0.0718022 -0.5505964 -0.1502381 0.8179955
1535224907.318605 -1.0068092 -4.9464884 6.2008572 -0.0705466 -0.5487281 -0.1507625 0.8192626
1535224907.449470 -1.0415740 -4.9579411 6.2169762 -0.0693226 -0.5465847 -0.1501482 0.8209111
1535224907.614936 -1.0872388 -4.9742818 6.2402697 -0.0688927 -0.5436029 -0.1503538 0.8228872
1535224907.745801 -1.1258564 -4.9860239 6.2608352 -0.0672545 -0.5411535 -0.1526582 0.8242120
1535224907.911525 -1.1754551 -5.0001726 6.2780871 -0.0651463 -0.5399252 -0.1551242 0.8247262
1535224908.075954 -1.2207656 -5.0172138 6.2877417 -0.0644977 -0.5411727 -0.1559888 0.8237959
1535224908.207859 -1.2564280 -5.0301499 6.2935095 -0.0627130 -0.5410839 -0.1573816 0.8237271
1535224908.339764 -1.2901080 -5.0440650 6.3009715 -0.0591519 -0.5381354 -0.1607917 0.8252621
1535224908.504191 -1.3299713 -5.0652599 6.3138027 -0.0575431 -0.5330527 -0.1619576 0.8284403
1535224908.636095 -1.3609676 -5.0817704 6.3246837 -0.0598530 -0.5304779 -0.1590620 0.8304878
1535224908.766960 -1.3925886 -5.0972176 6.3380880 -0.0632031 -0.5278513 -0.1571313 0.8322788
1535224908.932427 -1.4340072 -5.1139183 6.3550324 -0.0679358 -0.5251234 -0.1558386 0.8338732
1535224909.129894 -1.4848914 -5.1287012 6.3744335 -0.0702833 -0.5233361 -0.1564978 0.8346784
1535224909.278060 -1.5189483 -5.1400118 6.3852024 -0.0692734 -0.5220042 -0.1592873 0.8350691
1535224909.426226 -1.5597911 -5.1541128 6.3934565 -0.0684369 -0.5238581 -0.1587437 0.8340800
1535224909.590911 -1.5989635 -5.1713839 6.3991132 -0.0675077 -0.5254757 -0.1583749 0.8332078
1535224909.722557 -1.6299732 -5.1834955 6.4025669 -0.0662172 -0.5262101 -0.1582445 0.8328727
1535224909.887244 -1.6669886 -5.1978307 6.4081497 -0.0646084 -0.5242046 -0.1589783 0.8341230
1535224910.019149 -1.6937420 -5.2078371 6.4177136 -0.0627185 -0.5201766 -0.1613428 0.8363320
1535224910.118272 -1.7126262 -5.2147317 6.4269176 -0.0626852 -0.5171219 -0.1622242 0.8380566
1535224910.216357 -1.7305152 -5.2215595 6.4385629 -0.0641636 -0.5151110 -0.1626308 0.8391036
1535224910.348261 -1.7546010 -5.2279325 6.4522772 -0.0667931 -0.5130233 -0.1627699 0.8401499
1535224910.546510 -1.7965412 -5.2394066 6.4654765 -0.0697347 -0.5129570 -0.1691169 0.8386964
1535224910.678414 -1.8283141 -5.2499471 6.4702311 -0.0723197 -0.5145916 -0.1746416 0.8363407
1535224910.810318 -1.8620045 -5.2596269 6.4737854 -0.0754355 -0.5162120 -0.1791383 0.8341128
1535224910.974746 -1.9045498 -5.2722068 6.4780655 -0.0791934 -0.5155585 -0.1847296 0.8329483
1535224911.106650 -1.9388871 -5.2823982 6.4827952 -0.0812789 -0.5139094 -0.1895998 0.8326721
1535224911.271335 -1.9830370 -5.2958741 6.4894066 -0.0833575 -0.5115951 -0.1960177 0.8324056
1535224911.402982 -2.0193477 -5.3064537 6.4951959 -0.0840291 -0.5098108 -0.2023539 0.8319165
1535224911.534886 -2.0556910 -5.3165517 6.5013399 -0.0856730 -0.5100030 -0.2061323 0.8307024
1535224911.665751 -2.0933580 -5.3280783 6.5048127 -0.0877891 -0.5108700 -0.2085137 0.8293533
1535224911.797655 -2.1291978 -5.3403482 6.5100803 -0.0876077 -0.5124031 -0.2110272 0.8277895
1535224911.929560 -2.1682165 -5.3545642 6.5111957 -0.0864321 -0.5149106 -0.2143151 0.8255093
1535224912.061464 -2.2096946 -5.3690882 6.5092525 -0.0835287 -0.5191144 -0.2194920 0.8218068
1535224912.225892 -2.2615879 -5.3870406 6.5042000 -0.0753775 -0.5243466 -0.2297247 0.8164591
1535224912.390579 -2.3151255 -5.4047127 6.4852896 -0.0672067 -0.5354452 -0.2394610 0.8071185
1535224912.556046 -2.3633385 -5.4198189 6.4527235 -0.0550515 -0.5522468 -0.2510189 0.7930840
1535224912.686911 -2.3991215 -5.4283290 6.4200778 -0.0420293 -0.5666007 -0.2626889 0.7798665
1535224912.852378 -2.4386272 -5.4394565 6.3749499 -0.0247122 -0.5849386 -0.2778236 0.7616103
1535224913.017064 -2.4758887 -5.4483929 6.3310246 -0.0084051 -0.6016546 -0.2918964 0.7434632
1535224913.148968 -2.5018950 -5.4547195 6.2926068 0.0002548 -0.6176170 -0.3019973 0.7261865
1535224913.247052 -2.5152049 -5.4571505 6.2622204 0.0065078 -0.6319151 -0.3118899 0.7094827
1535224913.346176 -2.5216041 -5.4492249 6.2240648 0.0167275 -0.6461763 -0.3254637 0.6901085
1535224913.411738 -2.5276322 -5.4438906 6.1906595 0.0229787 -0.6538601 -0.3364879 0.6772849
1535224913.478080 -2.5254164 -5.4348025 6.1605473 0.0308153 -0.6640222 -0.3468080 0.6617017
