1535224873.12553 0.0760071227968828 0.126247910771962 0.0217840467223127 -0.0435691763646062 -0.00101820587171855 -0.00671086157990375 0.999027354212369
1535224873.38934 0.348893099634629 1.17216984502534 -0.226221469110272 -0.0588884987678773 0.01260985570834 -0.0194076664708382 0.997996231823565
1535224873.58758 0.697859701274943 2.31367475178949 -0.562527345255954 -0.0275887464731242 0.0305828326309499 -0.038988330657872 0.998390435395301
1535224873.90043 -1.03887716722171 2.94236955832731 -1.00282764503624 0.0979038451103857 0.09592635635941 -0.0369232534241683 0.989873549815723
1535224874.18051 -0.424454151419462 3.37259039276078 -0.411820175848848 0.116504343504708 0.170930024732836 -0.0135191340175577 0.978277515638984
1535224874.4105 -0.246928437532368 3.84327692165344 -0.309858570189124 0.137503141949683 0.196605194620328 -0.00779441623685459 0.970761829944808
1535224874.60874 -0.0456448061094551 4.20894641046164 -0.176646780475401 0.136143230658889 0.215793433909747 -0.00286782418109241 0.966897093910031
1535224874.77343 0.121458812918008 4.46192932457889 -0.17786606904111 0.130597467495294 0.222326512020626 0.000358906657242836 0.966185848955866
1535224874.97064 0.380235637879969 4.76688819327822 -0.209489537943183 0.122030673061796 0.228763774992452 -0.00323213873455774 0.965797703125497
1535224875.13506 0.616294648232148 5.03173641151684 -0.234971743083087 0.126358245424269 0.234928692865808 -0.00492505501768958 0.963751963377888
1535224875.33357 0.930177419758904 5.38804393567892 -0.205889789992754 0.142338586697538 0.242669328555712 0.00191566637065599 0.95960807308902
1535224875.498 1.19207488422712 5.68589617269989 -0.150777541239192 0.15904062928615 0.246344641799223 0.014625076145371 0.955932268960944
1535224875.6952 1.44833438123864 6.06526061186064 -0.0242491201190202 0.180107634521075 0.247338147948787 0.0473036260688868 0.950866682304738
1535224875.85989 1.60706084454174 6.42520020355574 0.141582981484036 0.197950361280851 0.246386963252503 0.081159569396924 0.945263054976388
1535224876.09092 1.72026724287845 6.88806264874756 0.366271251544169 0.224932381458761 0.240562002592685 0.126134184973581 0.93574863828965
1535224876.28813 1.76860344313905 7.22540133940491 0.5303709595313 0.2404562482352 0.232505878073295 0.156799658230923 0.929266203261843
1535224876.48533 1.78784034657503 7.5307262016556 0.631103362941538 0.256709910205211 0.222741235865497 0.179935609289022 0.923097795662696
1535224876.65106 1.79678989674067 7.76925458259417 0.693423897111901 0.266439654369556 0.218531354496379 0.194765448491167 0.918324767038024
1535224876.88105 1.83331240818672 8.06831293006668 0.740837364355702 0.269974312649156 0.215208210122198 0.209107790890505 0.914917061046795
1535224877.0793 1.88455810484734 8.29987653972242 0.751383971777273 0.266122837358044 0.215353504670668 0.218642729579027 0.91378162613657
1535224877.21016 1.94894674632865 8.42743188549545 0.734702029748523 0.263259034757638 0.219126394214282 0.219198126539215 0.913581132302337
1535224877.34207 2.02375134527244 8.54389647318851 0.702500902945086 0.263724045559582 0.22680385530026 0.215147773188823 0.912535519695817
1535224877.44119 2.08106184054725 8.62277835612194 0.675106753768557 0.262392380951018 0.232856051752374 0.211536232234833 0.91223939842184
1535224877.54031 2.13187271540522 8.70648540254091 0.651627174265686 0.257411657251167 0.237581104671481 0.209812569995443 0.912837960914308
1535224877.6384 2.17443505568845 8.79006037118706 0.634806605099251 0.251714597095038 0.241231501949103 0.209858703586504 0.913458509515157
1535224877.73752 2.21157947000368 8.88042316940992 0.623041450142492 0.24771919174472 0.244005285565498 0.210201215274419 0.913735230662908
1535224877.83665 2.24430681274536 8.97246300679441 0.615440038717939 0.244686960700751 0.245965921604893 0.210491684118666 0.913959685975793
1535224877.93473 2.27802834366977 9.05618333192955 0.603843686911614 0.243906338399975 0.248026695825398 0.208640521289596 0.91403587955958
1535224878.06663 2.33439342578496 9.15351704144368 0.585391934875779 0.24937924722464 0.2519077332057 0.202336617856655 0.912914222739007
1535224878.19854 2.39080391915513 9.24358968105875 0.574651076309945 0.258065110213712 0.255357613854465 0.195910643165359 0.910941220843294
1535224878.49487 2.45448349355977 9.45130315217266 0.612194648867951 0.274441894669316 0.256693163376218 0.196469098600231 0.905643505813097
1535224878.7259 2.50006878858183 9.56679226706392 0.648068579047941 0.281643580764018 0.255194006156699 0.19608389713667 0.903938060886812
1535224879.12161 2.6378841752222 9.69532817003748 0.678589829861094 0.288119556888269 0.246559980461405 0.19184108877931 0.905202901911691
1535224879.68071 2.8924207112239 9.93149674773006 0.660245149656922 0.288358692808477 0.215618965575715 0.185456717295318 0.914310413358553
1535224880.01087 3.05183169652218 10.1304318020318 0.65302861501856 0.29502963635593 0.204439995915395 0.177602543901016 0.91630733825594
1535224880.10895 3.0794000763985 10.2099753528961 0.673560918321425 0.297853032170527 0.201509505870536 0.178491059466061 0.9158703139426
1535224880.20807 3.09550819788635 10.2960122407673 0.707523133945234 0.304046625809306 0.199180030410754 0.179398174428225 0.914165882010133
1535224880.33998 3.1082402837958 10.4088455778913 0.770626872083286 0.311379403502387 0.196141161204582 0.181026099708587 0.912031284101653
1535224880.4391 3.10715238449473 10.4876646561663 0.825343857950856 0.319503887892386 0.195270242496172 0.181397336610475 0.909330415353935
1535224881.29558 3.12423705137408 10.7615501036886 0.968950423270164 0.328949050390605 0.193260072061304 0.16116352579792 0.910202936023807
