1494876479.880990 -0.5875370 0.2296825 -0.2973391 -0.5960067 0.1774968 -0.0498302 0.7815292
1494876482.746280 -0.6111888 0.1377621 -0.3188042 -0.6096025 0.1085194 -0.0363305 0.7844033
1494876485.372733 -0.5800999 0.0791097 -0.2836521 -0.6197249 0.1255779 -0.0569050 0.7726145
1494876487.920007 -0.6161190 0.0188148 -0.1944396 -0.6548806 0.0812630 -0.1557478 0.7350309
1494876490.624021 -0.5661128 0.0574627 -0.1697783 -0.6423005 0.1101764 -0.1996654 0.7317411
1494876493.013227 -0.5434476 0.0654961 -0.1430941 -0.6740288 0.1503334 -0.1912852 0.6974919
1494876493.490276 -0.5313442 0.0620975 -0.1207460 -0.6842687 0.1452388 -0.1864960 0.6898560
1494876495.321509 -0.4982547 0.0951028 0.0823990 -0.6764605 0.1446420 -0.1694064 0.7019839
1494876496.119083 -0.5218042 0.0592772 0.1250404 -0.6821279 0.1458488 -0.1722565 0.6955267
1494876499.068146 -0.7686788 0.0507414 0.0271286 -0.6966902 0.0113874 -0.0542674 0.7152259
1494876499.547644 -0.8140230 0.0278109 -0.0142523 -0.7051092 -0.0433417 -0.0248947 0.7073350
1494876502.415681 -1.0292476 0.1064973 -0.0080380 -0.6723865 -0.1497410 0.1185298 0.7151396
1494876503.372380 -1.0701841 0.1712954 -0.0300236 -0.6738189 -0.1668218 0.1379136 0.7064831
1494876506.319859 -1.2520978 0.3131069 -0.0468504 -0.6695742 -0.2366069 0.2075879 0.6727517
1494876508.869922 -1.3930740 0.4676136 -0.0633792 -0.6572684 -0.2817701 0.2278021 0.6608404
1494876511.181713 -1.5160617 0.6337417 -0.0634255 -0.6522914 -0.2951945 0.2166861 0.6636440
1494876512.615892 -1.5953884 0.7615896 -0.0302088 -0.6585746 -0.2926268 0.2180109 0.6581187
1494876515.245449 -1.7668668 0.9401739 -0.0153455 -0.6570082 -0.2885376 0.2523547 0.6491559
1494876516.598203 -1.8414627 1.0382199 -0.0349524 -0.6480238 -0.2971148 0.2456369 0.6568488
1494876517.076848 -1.8792815 1.0794499 -0.0175138 -0.6487047 -0.2982633 0.2466378 0.6552793
1494876517.950668 -1.9529295 1.1476520 0.0238972 -0.6460512 -0.3016728 0.2553598 0.6529952
1494876519.783142 -2.1426299 1.3055965 0.0308676 -0.6565464 -0.3320199 0.2788679 0.6172053
1494876522.253775 -2.4476101 1.5662215 0.0240378 -0.6652133 -0.3444936 0.2768903 0.6017867
1494876525.201200 -2.7842844 1.8468800 0.0647748 -0.6609262 -0.3509148 0.2669575 0.6072636
1494876527.828749 -3.0142126 2.0506611 0.0684252 -0.6434683 -0.3197584 0.2551607 0.6469901
1494876530.536197 -3.2718229 2.2022896 0.1444561 -0.6843693 -0.2970548 0.2655248 0.6106503
1494876532.128603 -3.4215088 2.2626460 0.1147752 -0.6873078 -0.3087858 0.2538881 0.6064652
1494876534.836938 -3.7218466 2.3899355 0.0996976 -0.7053176 -0.3268891 0.2314827 0.5848817
1494876537.787086 -4.0082316 2.5832705 0.1593080 -0.7183250 -0.2681933 0.2332665 0.5980538
1494876540.576144 -4.2354398 2.6933124 0.0934091 -0.7128012 -0.2629988 0.2150188 0.6136065
1494876543.125719 -4.4144802 2.8092496 0.0567470 -0.7045768 -0.2385518 0.2054809 0.6359576
1494876545.993891 -4.5729980 2.9279153 -0.0499687 -0.7014430 -0.2377212 0.1981371 0.6420344
1494876548.623870 -4.7395024 3.0682206 -0.0158668 -0.6621302 -0.2423479 0.1914652 0.6827828
1494876551.494542 -4.9280791 3.2525935 -0.1053185 -0.6774672 -0.2479864 0.2047511 0.6615270
1494876554.044842 -5.0763655 3.4220400 -0.1368504 -0.6710591 -0.2431425 0.2315269 0.6610270
1494876556.834524 -5.2250762 3.5950975 -0.1959171 -0.6648616 -0.2529901 0.2349752 0.6623759
1494876559.703143 -5.3923130 3.7772634 -0.1441746 -0.6929191 -0.2748831 0.2435523 0.6204714
1494876562.410911 -5.6446481 4.0147128 0.0664587 -0.6925970 -0.2721164 0.2436468 0.6220117
1494876562.808593 -5.6834955 4.0442700 0.0925560 -0.7007278 -0.2747037 0.2413141 0.6126059
1494876565.519271 -5.8775215 4.2517509 0.1741657 -0.6890670 -0.2762004 0.2231371 0.6317514
1494876568.305068 -6.0294576 4.3911648 0.0718718 -0.6826130 -0.2873986 0.2371243 0.6286601
1494876571.089612 -6.1902213 4.5623178 0.0770869 -0.6736920 -0.3039088 0.2514883 0.6249257
1494876571.486844 -6.2109842 4.5992317 0.0761003 -0.6788767 -0.3052401 0.2416120 0.6225582
1494876574.195525 -6.3359451 4.7583838 0.1033325 -0.6836154 -0.2965763 0.2575947 0.6151076
1494876576.987236 -6.4682055 4.8344736 -0.0001774 -0.6779066 -0.3153524 0.2733753 0.6051954
1494876579.697598 -6.5608644 4.9048543 0.0505571 -0.6758946 -0.3225190 0.2755750 0.6026661
1494876582.407223 -6.6813293 4.9671397 0.0542269 -0.6620414 -0.3362726 0.2873147 0.6050391
1494876585.117005 -6.7929716 5.0851302 0.0330763 -0.6693909 -0.3731050 0.2778397 0.5792353
1494876587.826970 -6.9681597 5.2004452 0.1672993 -0.6595397 -0.3566707 0.3187475 0.5798219
1494876590.536600 -7.2497396 5.2443161 0.1301374 -0.6378846 -0.3620826 0.3058252 0.6070176
1494876591.493265 -7.3638792 5.3167095 0.1076612 -0.6822119 -0.3091249 0.2646376 0.6074501
1494876593.325029 -7.6175184 5.4434443 0.1641331 -0.6969098 -0.2751923 0.2184906 0.6251782
1494876593.804127 -7.6851406 5.4757113 0.1598949 -0.7038472 -0.2703089 0.2020982 0.6250508
1494876594.281180 -7.7385597 5.5208712 0.1607065 -0.7137814 -0.2596436 0.1794639 0.6252151
1494876595.476171 -7.8835926 5.5961580 0.1867561 -0.7252541 -0.2235859 0.1542163 0.6326399
1494876595.953405 -7.9545698 5.6002355 0.1599455 -0.7281989 -0.2623394 0.1374988 0.6180602
1494876596.432695 -8.0045795 5.6309209 0.1719666 -0.7369834 -0.2416136 0.1237998 0.6189927
1494876596.909959 -8.0630245 5.6530771 0.1905870 -0.7444515 -0.2142863 0.1236005 0.6201583
1494876599.856840 -8.4028702 5.9223385 0.2582326 -0.7513626 -0.0549672 0.0007405 0.6575959
1494876602.646777 -8.5776014 6.0726075 0.2600436 -0.7946807 0.0231043 -0.0758771 0.6018234
1494876605.435735 -8.7195730 6.2749043 0.2776122 -0.7631125 0.1672517 -0.1741988 0.5994506
1494876608.144848 -8.8477268 6.4517250 0.3898387 -0.7320630 0.2251885 -0.2093935 0.6078884
1494876611.091676 -8.8651886 6.4976969 0.3825605 -0.6868712 0.2238524 -0.2013373 0.6614842
1494876613.799828 -8.8360815 6.5154457 0.3535252 -0.6638372 0.2724826 -0.2502261 0.6499695
1494876616.590140 -8.8362036 6.7176943 0.3974061 -0.7078272 0.2222280 -0.2776049 0.6103531
1494876619.458791 -8.9292440 6.9290195 0.3221693 -0.6690018 0.2356832 -0.2224467 0.6688853
1494876622.326162 -8.8721428 7.2261868 0.1552420 -0.6680106 0.2112839 -0.1933171 0.6868402
1494876625.115264 -8.7524586 7.4152513 0.1976175 -0.6623483 0.2706562 -0.2345049 0.6580634
1494876627.987207 -8.6659594 7.5871496 0.1380088 -0.6510175 0.3032613 -0.2861933 0.6342729
1494876630.856696 -8.5931263 7.7411184 0.1411202 -0.6374569 0.2728381 -0.3399870 0.6353085
1494876633.567207 -8.4248867 7.9351358 0.0208786 -0.6123983 0.3276154 -0.3902197 0.6044544
1494876636.437813 -8.2525063 8.1747103 -0.0911677 -0.6307207 0.3427131 -0.3735844 0.5875151
1494876639.307833 -8.0451050 8.3837996 -0.0554559 -0.6179103 0.3678511 -0.4062518 0.5637659
1494876642.021386 -7.8700094 8.5795498 -0.1159052 -0.6156901 0.3803261 -0.4372933 0.5339030
1494876642.897202 -7.8003960 8.6174297 -0.1278908 -0.6058479 0.4129917 -0.4376845 0.5204023
1494876645.448538 -7.5988479 8.7627430 -0.1041808 -0.5610202 0.4470350 -0.5118117 0.4727207
1494876646.326279 -7.5410328 8.8226051 -0.0932367 -0.5670621 0.4381725 -0.5361606 0.4460686
1494876646.644640 -7.5279694 8.8458738 -0.0864041 -0.5583436 0.4412609 -0.5397947 0.4496252
1494876647.124221 -7.5077934 8.8773794 -0.0809522 -0.5383295 0.4656848 -0.5335853 0.4567558
1494876647.601628 -7.4832397 8.9135008 -0.0792680 -0.5215884 0.4805699 -0.5369105 0.4568645
1494876648.877266 -7.3861666 8.9672308 -0.0375600 -0.4913662 0.4779513 -0.6010795 0.4108835
1494876648.956860 -7.3784332 8.9720440 -0.0352769 -0.4882292 0.4810427 -0.6043878 0.4061350
1494876649.116016 -7.3634591 8.9825735 -0.0327082 -0.4816835 0.4865151 -0.6109346 0.3975465
1494876649.593558 -7.3209915 9.0078001 -0.0311446 -0.4750168 0.4943603 -0.6245683 0.3740073
1494876650.710069 -7.2436562 9.0668812 -0.0548906 -0.4538710 0.5329950 -0.6338189 0.3289239
1494876651.587815 -7.1685805 9.1368542 -0.0824966 -0.4503885 0.5406499 -0.6403049 0.3079895
1494876653.102275 -7.0048671 9.2293854 -0.1189814 -0.3960610 0.5903832 -0.6545666 0.2571498
1494876655.891853 -6.7391529 9.3258991 -0.1272240 -0.3202866 0.6194326 -0.6814582 0.2221136
1494876658.602301 -6.5338016 9.3801575 -0.1100025 -0.2836591 0.6260346 -0.6933204 0.2166220
1494876661.550893 -6.2702050 9.3696451 -0.2102604 -0.2754503 0.6047789 -0.7181729 0.2063912
1494876664.340072 -6.0313597 9.3230209 -0.3273525 -0.2787089 0.6155257 -0.7045738 0.2168531
1494876665.217683 -5.9846354 9.2965374 -0.3582649 -0.2928165 0.6078942 -0.7052553 0.2175732
1494876667.927679 -5.7897921 9.2399435 -0.2746840 -0.3131038 0.6291872 -0.6623459 0.2595908
1494876669.044126 -5.6964822 9.2248802 -0.1828136 0.3417169 -0.6382945 0.6265584 -0.2885037
1494876669.282975 -5.6755881 9.2092838 -0.1613092 0.3377796 -0.6393162 0.6332021 -0.2761065
1494876671.994326 -5.4560041 9.0644913 0.1644802 0.2675022 -0.6847286 0.6425266 -0.2162148
1494876674.705307 -5.3043318 8.9537048 0.3457994 0.2525522 -0.6901276 0.6471988 -0.2026700
1494876677.654235 -5.1390405 8.8642445 0.2908897 -0.2587450 0.6633136 -0.6747356 0.1944167
1494876680.206253 -5.0131259 8.7731714 0.2703009 0.2495293 -0.6737044 0.6611860 -0.2160800
1494876683.159223 -4.8407474 8.6106892 0.4302731 0.2449537 -0.6803020 0.6577786 -0.2109841
1494876685.710913 -4.7006283 8.4986029 0.3759251 -0.2564119 0.6656969 -0.6737911 0.1926298
1494876688.499683 -4.5161438 8.3366385 0.4446764 -0.2511097 0.6563631 -0.6798313 0.2096686
1494876691.206908 -4.3394279 8.1906452 0.4625511 -0.2707705 0.6595435 -0.6640173 0.2253149
1494876693.995611 -4.1905179 8.0581198 0.4924989 0.2697038 -0.6676219 0.6489766 -0.2457039
1494876696.866495 -4.0582824 7.9381828 0.5078831 0.2647741 -0.6817769 0.6339094 -0.2514634
1494876699.573948 -3.9321666 7.8618598 0.4827290 0.2946342 -0.6721615 0.6328855 -0.2466689
1494876702.363212 -3.7896369 7.7715325 0.5094285 0.2943385 -0.6915758 0.6094136 -0.2523943
1494876705.231854 -3.6480703 7.6227508 0.5499377 0.2687786 -0.6737486 0.6446725 -0.2412848
1494876708.179800 -3.4902124 7.4966488 0.5337243 0.2669882 -0.6855286 0.6350568 -0.2355220
1494876711.049587 -3.3029473 7.3398905 0.4823122 0.2722932 -0.6882246 0.6275103 -0.2417316
1494876713.916869 -3.1151006 7.1865649 0.4610715 0.2722311 -0.6901147 0.6265357 -0.2389246
1494876716.625099 -2.9157376 7.0375338 0.3962145 0.2699108 -0.6984885 0.6198778 -0.2345496
1494876719.175029 -2.7476826 6.9170756 0.3134222 0.2779714 -0.6842043 0.6283508 -0.2444824
1494876721.884860 -2.5890648 6.8063359 0.2921696 0.2775518 -0.6706923 0.6429983 -0.2443157
1494876724.514078 -2.4235578 6.7229419 0.2911420 0.2838137 -0.6652114 0.6381917 -0.2639222
1494876727.223069 -2.2336011 6.5831823 0.2401290 0.2789714 -0.6730020 0.6400427 -0.2441078
1494876730.094138 -2.0177858 6.4459343 0.2253218 0.2627345 -0.6700257 0.6492411 -0.2460125
1494876732.882904 -1.8286231 6.3302393 0.1737652 -0.2675929 0.6370004 -0.6795993 0.2465143
1494876735.829972 -1.6131978 6.2010756 0.2741232 0.2818134 -0.6600242 0.6514091 -0.2462023
1494876738.617846 -1.3705330 6.0791621 0.2539725 0.2856396 -0.6586723 0.6449334 -0.2619576
1494876741.326531 -1.0970926 5.9214196 0.2756081 0.2527968 -0.6777802 0.6507595 -0.2306944
1494876744.117312 -0.8737462 5.7617216 0.2417603 0.2319212 -0.7009518 0.6418574 -0.2071190
1494876746.746623 -0.6836543 5.6678152 0.2847128 0.2462787 -0.6940468 0.6461866 -0.2002218
1494876749.455147 -0.5330982 5.5725970 0.2644973 0.2635024 -0.6880046 0.6522637 -0.1782364
1494876752.401956 -0.3403816 5.4285941 0.3399038 0.2507001 -0.6928751 0.6533183 -0.1739219
1494876754.951587 -0.1415622 5.3107257 0.3556871 0.2492227 -0.7037846 0.6402066 -0.1808612
1494876757.898784 0.1371961 5.1491208 0.2939336 0.2609077 -0.7243168 0.6109484 -0.1844841
1494876760.609186 0.4123087 4.9988127 0.2412038 0.2492916 -0.7278134 0.6111739 -0.1860320
1494876763.477441 0.7036066 4.8197441 0.1434011 0.2378793 -0.7326515 0.6105011 -0.1841842
1494876766.265832 1.0023909 4.6487713 0.1080258 0.2313595 -0.7292290 0.6243306 -0.1578264
1494876768.895570 1.2304680 4.4753928 0.1090448 0.1868595 -0.7442895 0.6274334 -0.1320757
1494876771.446110 1.4974086 4.3383613 0.0338407 0.1573323 -0.7270687 0.6554283 -0.1305046
1494876773.996412 1.7241237 4.1433568 -0.0950165 -0.1186472 0.6992908 -0.7043327 0.0288217
1494876776.865023 2.0109444 3.8710184 -0.1852653 0.0485305 -0.7123111 0.6991611 0.0378373
1494876779.654061 2.4113474 3.5752792 -0.1863942 0.0174619 -0.7095903 0.6948755 0.1154328
1494876780.133611 2.4566371 3.5104544 -0.1880751 -0.0108236 -0.7146901 0.6860265 0.1358995
1494876781.488666 2.6235976 3.3710883 -0.1588674 -0.0418999 -0.7149238 0.6865868 0.1254073
1494876781.647841 2.6461191 3.3541813 -0.1593022 -0.0360430 -0.7199109 0.6822143 0.1225270
1494876784.357683 2.8424556 3.0671864 -0.0568275 -0.0574160 -0.7103122 0.6882845 0.1357371
1494876787.226302 2.9599562 2.7653587 -0.0765696 -0.1676517 -0.6816642 0.6740159 0.2300636
1494876789.856720 2.9511032 2.5107572 0.0026667 0.2404071 0.6386898 -0.6634856 -0.3067030
1494876792.567418 3.0051033 2.2024755 0.0351522 0.2698818 0.6370082 -0.6424937 -0.3295242
1494876795.197130 2.9783645 1.9088756 0.0534806 -0.3017297 -0.6215153 0.6138902 0.3818597
1494876797.666329 2.9558008 1.6473843 0.0943370 0.3310851 0.5993322 -0.6089347 -0.4004776
1494876800.532851 2.8921189 1.3334993 0.0598145 -0.3499137 -0.5919352 0.5885442 0.4251929
1494876803.319268 2.8061478 1.0329409 0.0132186 -0.3469085 -0.5728230 0.5638505 0.4833228
1494876806.262133 2.6618626 0.7714047 0.0630367 -0.4029200 -0.5740039 0.5075426 0.5005752
1494876809.050017 2.4605019 0.4904334 0.0812681 -0.4578741 -0.5584919 0.4632247 0.5136740
1494876811.917835 2.1655164 0.1730338 -0.0100914 -0.5035064 -0.5139939 0.4083452 0.5617347
1494876814.865168 1.8250301 -0.0741877 -0.0579808 -0.5465001 -0.4443657 0.3722651 0.6043967
1494876817.653369 1.5117415 -0.2278358 -0.1213925 -0.5704581 -0.3940603 0.3184041 0.6464619
1494876820.283069 1.2188363 -0.3288257 -0.2011690 -0.5667541 -0.3264577 0.2482829 0.7145423
1494876823.234260 0.9311853 -0.4289101 -0.3372019 -0.5991969 -0.3341931 0.2337446 0.6889423
1494876823.552600 0.9046537 -0.4414998 -0.3498200 -0.6008565 -0.3340457 0.2374831 0.6862847
1494876826.342517 0.6082367 -0.4851201 -0.3140492 -0.6169465 -0.3072571 0.2282079 0.6876709
1494876828.812084 0.4029600 -0.4068384 -0.2703103 -0.6411689 -0.2400957 0.1760871 0.7072834
1494876831.361739 0.1314248 -0.3325897 -0.2141193 -0.6801748 -0.1671980 0.1255815 0.7025927
1494876834.150361 -0.1382870 -0.1487676 -0.2101333 -0.6938455 -0.0622043 0.0188832 0.7171838
1494876835.266235 -0.2762206 -0.0568111 -0.1849542 -0.6839577 -0.0025390 -0.0395140 0.7284464
1494876836.859399 -0.2997892 0.0658872 -0.1725190 -0.6949257 0.0518833 -0.0806419 0.7126594
1494876839.650448 -0.2858098 0.2148409 -0.0696674 -0.6641092 0.1446290 -0.1018976 0.7264010
1494876842.519172 -0.2959591 0.1832244 -0.1186532 -0.6311385 0.0942607 -0.1303918 0.7587998
1494876845.226411 -0.4022607 0.0919417 -0.2328558 -0.6774666 0.0925024 -0.1174894 0.7201934
1494876848.014354 -0.5002490 -0.0427517 -0.3441744 -0.6564383 0.0655519 -0.0894017 0.7461897
1494876850.724092 -0.6111762 -0.0365259 -0.3313607 -0.6572938 0.0161153 -0.0123477 0.7533609
1494876851.760977 -0.5768921 -0.0099773 -0.2274781 -0.6814023 0.0245915 -0.0550729 0.7294198
1494876852.158761 -0.5852306 0.0014595 -0.1905664 -0.6788258 0.0151890 -0.0667812 0.7310986
1494876853.433567 -0.6525328 0.0193541 -0.0998242 -0.6746353 -0.0292096 -0.0017581 0.7375710
1494876853.753859 -0.6590426 0.0244311 -0.0886127 -0.6745593 -0.0350729 0.0044060 0.7373739
1494876854.071927 -0.6639872 0.0298311 -0.0845996 -0.6782186 -0.0426125 0.0075099 0.7335852
1494876854.469605 -0.6796610 0.0326739 -0.0855922 -0.6774652 -0.0585895 0.0222282 0.7328807
1494876856.940363 -0.8558619 0.0434014 -0.1089375 -0.6718561 -0.1476857 0.1427153 0.7116394
1494876859.808915 -1.0785298 0.1502728 -0.0350331 -0.6620762 -0.2175993 0.2178141 0.6832736
1494876862.599580 -1.2808747 0.3053338 -0.0843409 -0.6519747 -0.2533602 0.2493734 0.6697392
1494876865.068189 -1.4590573 0.4167586 -0.0324271 -0.6586118 -0.2853411 0.2970347 0.6297472
1494876867.858119 -1.6705785 0.6245111 0.1778151 -0.6773651 -0.2551129 0.2646942 0.6372055
1494876868.335216 -1.7073328 0.6603808 0.2111349 -0.6780946 -0.2561257 0.2693822 0.6340509
1494876869.053256 -1.7738101 0.7076359 0.2602683 -0.6876857 -0.2501881 0.2808270 0.6209916
1494876869.212376 -1.7873206 0.7185420 0.2718916 -0.6868051 -0.2513713 0.2796588 0.6220146
1494876869.769216 -1.8364921 0.7521473 0.3050684 -0.6846642 -0.2630061 0.2718154 0.6230403
1494876870.248529 -1.8838556 0.7759885 0.3290995 -0.6835734 -0.2705420 0.2771266 0.6186561
1494876872.957055 -2.1205242 0.9126542 0.3892380 -0.6763599 -0.2920100 0.2844096 0.6134971
1494876875.824421 -2.3995123 1.0869098 0.4243820 -0.6953275 -0.2564581 0.2500468 0.6230775
1494876875.983491 -2.4160764 1.0964236 0.4264853 -0.6942234 -0.2578026 0.2501519 0.6237112
1494876878.612203 -2.6738973 1.2439368 0.4152038 -0.6830286 -0.2599835 0.2461510 0.6366242
1494876881.163690 -2.9078112 1.4016221 0.4161010 -0.6813621 -0.2560516 0.2270757 0.6470084
1494876884.033456 -3.1973512 1.5358254 0.3077762 -0.6731586 -0.2694340 0.2405392 0.6452935
1494876886.663719 -3.4776683 1.7169303 0.2053764 -0.6756090 -0.2780294 0.2436430 0.6378795
1494876889.292361 -3.7008474 1.9010456 0.0930822 -0.6265088 -0.2458903 0.2020644 0.7114736
1494876889.771682 -3.7670457 1.9189273 0.0747514 -0.6133827 -0.2367934 0.1800379 0.7316262
1494876890.249037 -3.8892450 1.9497073 0.0594263 -0.6241918 -0.2321615 0.1681080 0.7267911
1494876891.682918 -4.0528207 2.0604012 0.0527637 -0.6431937 -0.1898384 0.1732887 0.7212727
1494876892.162317 -4.0853643 2.1056743 0.0447688 -0.6425315 -0.1967803 0.1737540 0.7198892
1494876892.639736 -4.1254082 2.1409264 0.0449574 -0.6400237 -0.2081422 0.1847917 0.7161694
1494876893.037552 -4.1650901 2.1751597 0.0369766 -0.6530544 -0.2134563 0.1806019 0.7038036
1494876893.516976 -4.2137341 2.2076864 0.0295370 -0.6442631 -0.2378984 0.1914423 0.7011984
1494876893.994301 -4.2659812 2.2381334 0.0296755 -0.6442992 -0.2601722 0.1929228 0.6927985
1494876894.473675 -4.3266501 2.2673845 0.0361190 -0.6533529 -0.2672521 0.1966361 0.6804708
1494876894.950938 -4.3962507 2.2909250 0.0403328 -0.6525500 -0.2726128 0.1980235 0.6787101
1494876895.428165 -4.4591203 2.3287237 0.0436988 -0.6496897 -0.2839151 0.1878170 0.6797207
1494876895.907326 -4.5095520 2.3732772 0.0534620 -0.6555656 -0.2814783 0.1703566 0.6796930
1494876896.384740 -4.5707521 2.4062843 0.0612755 -0.6650747 -0.2785821 0.1620511 0.6736521
1494876899.173799 -4.8619251 2.6512933 0.1222968 -0.6922476 -0.2001172 0.0381667 0.6923075
1494876901.882337 -5.2000036 2.9466939 0.2343268 -0.7073771 -0.0846682 -0.0521782 0.6998045
1494876904.831935 -5.3774180 3.2002304 0.3243127 -0.6995127 0.0551346 -0.1196113 0.7023783
1494876907.778441 -5.5052876 3.4102001 0.2993476 -0.6991003 0.1436223 -0.0882280 0.6948721
1494876910.484924 -5.5113850 3.5745406 0.1395941 -0.6140705 0.1678835 -0.2276501 0.7368228
1494876913.429467 -5.4457974 3.7718639 0.1111853 -0.6074136 0.1777213 -0.2436110 0.7349269
1494876916.297242 -5.3510685 3.9434628 0.1900375 -0.6088985 0.2091954 -0.2407964 0.7262899
1494876918.766592 -5.2890520 4.0749679 0.1526289 -0.6068574 0.2006088 -0.2514873 0.7267973
1494876921.554479 -5.1625137 4.2475839 0.2477279 -0.6077166 0.2114618 -0.2509201 0.7231899
1494876924.101567 -5.0609512 4.4116092 0.2966352 -0.6097837 0.2077602 -0.2580161 0.7200189
1494876927.046013 -4.9203143 4.5685854 0.3524652 -0.6215593 0.2092397 -0.2428976 0.7147612
1494876929.911998 -4.8107557 4.7420158 0.3949153 -0.6263546 0.1982367 -0.2337144 0.7167704
1494876932.619555 -4.6933479 4.8893147 0.4163377 -0.6326700 0.1971879 -0.2312686 0.7122924
1494876935.328884 -4.5791264 5.0189848 0.4651394 -0.6384494 0.2008255 -0.2368518 0.7042391
1494876938.114849 -4.4410253 5.2471457 0.4991941 -0.6592284 0.1978985 -0.2218884 0.6906661
1494876940.820663 -4.2881703 5.4649811 0.5676236 -0.6752033 0.2142950 -0.2143701 0.6724757
1494876942.412647 -4.2159739 5.5940962 0.5800128 -0.6762126 0.2087607 -0.2130783 0.6736120
1494876942.810071 -4.1971283 5.6238742 0.5821843 -0.6775753 0.2110970 -0.2133508 0.6714247
1494876943.209573 -4.1863585 5.6500626 0.5858169 -0.6778808 0.2112994 -0.2117408 0.6715624
1494876943.527578 -4.1817360 5.6739612 0.5876107 -0.6785924 0.2084143 -0.2093204 0.6725034
1494876944.004627 -4.1633830 5.7013788 0.5854330 -0.6785457 0.2122308 -0.2104355 0.6710073
1494876945.199495 -4.1300855 5.7721663 0.5437193 -0.6683555 0.2054889 -0.2093892 0.6835434
1494876945.279006 -4.1290078 5.7813544 0.5428448 -0.6671394 0.2050699 -0.2098823 0.6847049
1494876945.440050 -4.1247044 5.7947288 0.5388637 -0.6674263 0.2049634 -0.2091259 0.6846886
1494876945.599083 -4.1196928 5.8067451 0.5361691 -0.6689996 0.2075264 -0.2077077 0.6828102
1494876945.758106 -4.1165943 5.8157921 0.5360255 -0.6673864 0.2088571 -0.2081814 0.6838381
1494876945.996682 -4.1134944 5.8236723 0.5352731 -0.6629468 0.2057333 -0.2094250 0.6887064
1494876946.155756 -4.1094265 5.8316836 0.5339994 -0.6607441 0.2066440 -0.2090872 0.6906505
1494876946.314779 -4.1044006 5.8393383 0.5299435 -0.6592391 0.2064144 -0.2091586 0.6921341
1494876946.394323 -4.1020908 5.8468032 0.5278015 -0.6597536 0.2057485 -0.2090241 0.6918827
1494876946.473872 -4.0988832 5.8552489 0.5254869 -0.6607255 0.2053253 -0.2083567 0.6912820
1494876946.553403 -4.0946651 5.8645549 0.5232911 -0.6624587 0.2054751 -0.2076631 0.6897858
1494876946.632930 -4.0897465 5.8742933 0.5208530 -0.6672004 0.2044909 -0.2071088 0.6856624
1494876946.714500 -4.0839171 5.8838496 0.5188136 -0.6743599 0.2037135 -0.2068254 0.6789425
1494876946.873524 -4.0700321 5.8918324 0.5190344 -0.6819882 0.2062396 -0.2077762 0.6702136
1494876947.112037 -4.0510740 5.8938522 0.5291739 -0.6777685 0.2048720 -0.2092849 0.6744311
1494876947.430086 -4.0205436 5.8930049 0.5435596 -0.6725743 0.2038535 -0.2143163 0.6783480
1494876947.827854 -3.9995546 5.8951893 0.5577374 -0.6707783 0.2103948 -0.2121828 0.6787996
1494876947.989041 -4.0000901 5.9016657 0.5641670 -0.6723623 0.2095951 -0.2117567 0.6776119
1494876948.466419 -3.9963002 5.9069166 0.5888467 -0.6760821 0.2125181 -0.2085852 0.6739742
1494876948.545996 -3.9967482 5.9111328 0.5930247 -0.6758655 0.2140467 -0.2070949 0.6741673
1494876949.023366 -3.9947395 5.9086981 0.6041431 -0.6769464 0.2129699 -0.2045750 0.6741932
1494876949.102937 -3.9958005 5.9123292 0.6049395 -0.6789197 0.2113759 -0.2046528 0.6726853
1494876949.264122 -3.9947515 5.9125972 0.6025133 -0.6857264 0.2087874 -0.2028491 0.6671126
1494876949.423233 -3.9886005 5.9112358 0.5985675 -0.6918995 0.2133917 -0.2007421 0.6598801
1494876949.502818 -3.9855077 5.9129715 0.5964246 -0.6963727 0.2160534 -0.1988105 0.6548744
1494876949.661890 -3.9778731 5.9109030 0.5896339 -0.7053519 0.2194769 -0.1969856 0.6445969
1494876949.820981 -3.9702709 5.9091644 0.5852108 -0.7053272 0.2232598 -0.1972175 0.6432526
1494876950.218642 -3.9525790 5.9042783 0.5721626 -0.7055106 0.2232755 -0.1989623 0.6425082
1494876950.457243 -3.9426086 5.9151726 0.5647626 -0.7081432 0.2234365 -0.1964927 0.6403124
1494876950.697846 -3.9312413 5.9306636 0.5578990 -0.7087216 0.2174539 -0.1997425 0.6407265
1494876951.095468 -3.9022856 5.9554834 0.5451841 -0.7130840 0.2206311 -0.2018169 0.6341161
1494876951.175023 -3.8966529 5.9667029 0.5435939 -0.7149754 0.2219832 -0.2008114 0.6318294
1494876951.254564 -3.8907614 5.9792633 0.5419083 -0.7173649 0.2237038 -0.1992933 0.6289884
1494876954.042052 -3.6641700 6.2740541 0.4473619 -0.7589374 0.2240050 -0.1896659 0.5812595
1494876955.874729 -3.5303926 6.4582562 0.3525782 -0.7858377 0.2423611 -0.1761311 0.5410157
1494876956.829228 -3.4579391 6.5419011 0.2968383 -0.7940958 0.2488148 -0.1778975 0.5252196
1494876957.308698 -3.4181044 6.5768628 0.2733150 -0.7959955 0.2539900 -0.1831409 0.5180150
1494876957.786062 -3.3698640 6.6135197 0.2685618 -0.7922242 0.2747102 -0.1915487 0.5101215
1494876959.379242 -3.2456315 6.6829643 0.2180953 -0.7521641 0.3127374 -0.2314497 0.5318604
1494876959.699513 -3.2337132 6.6946850 0.1890039 -0.7488769 0.3308167 -0.2319049 0.5253227
1494876959.938165 -3.2205775 6.7089024 0.1669765 -0.7516267 0.3460713 -0.2293861 0.5125173
1494876960.256073 -3.1952498 6.7358136 0.1596999 -0.7519789 0.3575276 -0.2255200 0.5058087
1494876960.735113 -3.1482055 6.7609587 0.1543427 -0.7405940 0.3814951 -0.2298995 0.5031186
1494876961.212548 -3.0704014 6.7869625 0.1547961 -0.7221362 0.4187820 -0.2497168 0.4906960
1494876961.610422 -3.0046153 6.7833071 0.1568270 -0.6902195 0.4481434 -0.2862616 0.4907330
1494876961.769682 -2.9810872 6.7815647 0.1579301 -0.6829650 0.4641418 -0.3021220 0.4762914
1494876962.169756 -2.9326019 6.7740207 0.1616213 -0.6654582 0.4962606 -0.3370151 0.4441977
1494876964.641248 -2.7980313 6.8753967 0.1423302 -0.6362386 0.5307025 -0.3593791 0.4294204
1494876964.800438 -2.7837238 6.8822608 0.1307313 -0.6429808 0.5332989 -0.3553422 0.4194044
1494876965.198431 -2.7419896 6.8920450 0.1286275 -0.6386541 0.5386774 -0.3590981 0.4159280
1494876965.675960 -2.6885715 6.9108925 0.1310788 -0.6365126 0.5419388 -0.3701922 0.4051072
1494876966.155566 -2.6256928 6.9025459 0.1454779 -0.6127281 0.5614439 -0.3950005 0.3915604
1494876966.633232 -2.5632005 6.8724618 0.1565247 0.5675978 -0.5994977 0.4345636 -0.3599856
1494876967.749055 -2.4934583 6.7886362 0.1531801 0.4954285 -0.6522284 0.4956438 -0.2889397
1494876967.908084 -2.4887352 6.7774835 0.1475236 0.4902709 -0.6604380 0.4959357 -0.2783953
1494876969.341633 -2.3777134 6.8229446 0.1393144 0.4582138 -0.7261047 0.4391969 -0.2644204
1494876969.820851 -2.3279831 6.8341141 0.1542833 0.4574345 -0.7444889 0.4163287 -0.2513175
1494876970.298136 -2.2826331 6.8110447 0.1800425 0.4326762 -0.7649235 0.4158737 -0.2339496
1494876971.175152 -2.1939342 6.8265786 0.2099752 0.4090572 -0.7962794 0.3875217 -0.2200871
1494876971.652338 -2.1387162 6.7403402 0.2523384 0.3657329 -0.8077386 0.4202028 -0.1929442
1494876971.731879 -2.1328292 6.7244682 0.2612758 0.3576599 -0.8084179 0.4277873 -0.1885153
1494876972.290437 -2.0947804 6.6170917 0.3008180 0.3133543 -0.8018452 0.4840498 -0.1566814
1494876972.847170 -2.0129447 6.5492382 0.3064837 0.3006067 -0.7933338 0.5087121 -0.1465239
1494876975.396651 -1.6350219 6.3811140 0.2626719 0.2682717 -0.7192990 0.6261707 -0.1361969
1494876977.069285 -1.4312444 6.2566037 0.3439403 0.2327856 -0.7065666 0.6475731 -0.1649964
1494876978.025707 -1.3148274 6.1816545 0.3732657 0.2533599 -0.6922699 0.6523688 -0.1760286
1494876980.730997 -0.9229105 5.9268255 0.3615403 0.2949283 -0.7004542 0.6271438 -0.1705049
1494876983.358785 -0.5298986 5.6976390 0.2764392 0.3308903 -0.6894400 0.6132410 -0.1977872
1494876986.306661 -0.1390615 5.4364486 0.2909894 0.3188744 -0.6873220 0.6203762 -0.2025859
1494876989.252542 0.1751504 5.2331982 0.3034658 0.3361978 -0.6939259 0.6050898 -0.1982531
1494876991.881404 0.4575734 4.9916830 0.3199999 0.3012797 -0.7150339 0.6001131 -0.1944771
1494876994.510815 0.7169700 4.7958961 0.3763680 0.2479032 -0.7219378 0.6182266 -0.1874721
1494876997.218926 1.0092778 4.6212711 0.2639904 0.2206975 -0.7135107 0.6369014 -0.1911853
1494876999.844249 1.3433986 4.4014606 0.2035298 0.2290838 -0.7239592 0.6346519 -0.1435991
1494877002.552200 1.7430320 4.1148310 0.1114135 0.2027699 -0.7319223 0.6417280 -0.1065810
1494877003.428545 1.8761795 4.0086303 0.0874219 0.1821460 -0.7369309 0.6425693 -0.1042131
1494877004.224907 1.9744201 3.9002545 0.0437038 0.1526732 -0.7502943 0.6367651 -0.0909919
1494877005.179174 2.1170342 3.7827196 -0.0106511 0.1483497 -0.7502446 0.6379987 -0.0899067
1494877006.135552 2.2378118 3.6648226 -0.0469377 0.1348883 -0.7433935 0.6501878 -0.0801696
1494877007.091921 2.3452115 3.5349326 -0.0790884 0.1092427 -0.7486084 0.6500056 -0.0717241
1494877007.728088 2.4051185 3.4489541 -0.0783470 0.0778253 -0.7405518 0.6665124 -0.0358833
1494877008.207219 2.4345794 3.3850579 -0.0796690 0.0558820 -0.7332039 0.6776749 0.0067878
1494877008.684322 2.4724734 3.3202150 -0.0856757 0.0461450 -0.7341466 0.6761625 0.0412767
1494877011.551823 2.7084842 2.8968060 -0.1188076 -0.0380653 -0.7120177 0.6868323 0.1408662
1494877013.941579 2.8976216 2.5336444 -0.1843882 -0.0957525 -0.7200003 0.6695182 0.1554880
1494877014.897639 2.9722776 2.3933098 -0.2070718 -0.1014256 -0.7217026 0.6678885 0.1509409
1494877015.374664 3.0007966 2.3244846 -0.2132821 -0.1214735 -0.7211321 0.6644419 0.1540442
1494877018.324470 3.0778532 1.8427565 -0.2032268 -0.2121185 -0.6737221 0.6427270 0.2966587
1494877021.110351 2.9904757 1.4181439 -0.1903372 -0.3364648 -0.6222216 0.5640700 0.4259774
1494877023.898632 2.8022571 1.0893180 -0.1364727 -0.4637128 -0.5170867 0.5102390 0.5071961
1494877026.524600 2.6284833 0.9646183 -0.1794549 -0.5402112 -0.4062853 0.4129342 0.6104013
1494877029.310716 2.4571326 0.7938744 -0.0755246 -0.6015751 -0.3853762 0.3807555 0.5870416
1494877032.102689 2.2867942 0.7732309 0.1287204 -0.6758411 -0.3570015 0.3218195 0.5587674
1494877035.049874 2.1079476 0.6629192 0.4095963 -0.6524026 -0.4108953 0.3505182 0.5316700
1494877036.006329 2.0552859 0.6902475 0.4455030 -0.6837974 -0.3973130 0.2994318 0.5337643
1494877036.563184 2.0538526 0.7303787 0.4923361 -0.6713433 -0.3901021 0.2753581 0.5668302
1494877038.873552 1.9866915 0.7811111 0.6834970 -0.6758535 -0.3661622 0.2887047 0.5707862
1494877040.863826 1.9257991 0.7842729 0.8309568 -0.6696203 -0.3654537 0.2819081 0.5818764
1494877041.422602 1.9190358 0.8077434 0.8715118 -0.6873484 -0.3583358 0.2824753 0.5651155
1494877041.661181 1.9183826 0.8106363 0.8937589 -0.6757282 -0.3586760 0.2848274 0.5775954
1494877041.979228 1.9123774 0.8160152 0.9217290 -0.6769238 -0.3530767 0.2891050 0.5775201
1494877042.537876 1.8936065 0.8232154 0.9601820 -0.6801545 -0.3561399 0.2892384 0.5717477
1494877043.891671 1.8663141 0.8686016 1.0619682 -0.6785533 -0.3437206 0.2905671 0.5805105
1494877044.448171 1.8498650 0.8839581 1.1117711 -0.6808289 -0.3437456 0.2938724 0.5761511
1494877047.155264 1.7759957 0.9246244 1.3657514 -0.6718369 -0.3679302 0.3079504 0.5642954
1494877049.783257 1.6527675 1.0043333 1.5255857 -0.6303448 -0.3525535 0.3286359 0.6085804
1494877052.334243 1.5255780 1.0070804 1.7655309 -0.6378892 -0.3420276 0.3678574 0.5837769
1494877054.407894 1.5240891 1.0396279 1.9078658 -0.6438656 -0.3836223 0.3481888 0.5630593
1494877054.567084 1.5205485 1.0368397 1.8991895 -0.6316044 -0.3911015 0.3432245 0.5747283
1494877055.126284 1.5115025 1.0407369 1.8624973 -0.6245806 -0.3764721 0.3230923 0.6031411
1494877055.683482 1.4927846 1.0394419 1.8101246 -0.6085417 -0.3939495 0.3326870 0.6031585
1494877055.842655 1.4820420 1.0396150 1.7948462 -0.6097243 -0.4009646 0.3264439 0.6007479
1494877056.401639 1.4503952 1.0534236 1.7702686 -0.6313452 -0.3997754 0.3120712 0.5866809
1494877056.958743 1.4155130 1.0723734 1.7775338 -0.6428504 -0.3813809 0.3039594 0.5906781
1494877057.515735 1.3888102 1.0709413 1.7823882 -0.6388025 -0.3932784 0.2975253 0.5905439
1494877057.995208 1.3480020 1.0664113 1.7674040 -0.6439265 -0.4165367 0.3016237 0.5664619
1494877058.552198 1.3222103 1.0857155 1.7703021 -0.6592939 -0.3817483 0.3106613 0.5684096
1494877058.872389 1.3162670 1.1030011 1.7731547 -0.6934031 -0.3618741 0.3079771 0.5416543
1494877059.429061 1.2900296 1.1220431 1.7536812 -0.6911508 -0.3700184 0.2846346 0.5517065
1494877059.985859 1.2830683 1.1170026 1.7425839 -0.6856140 -0.3804241 0.2715311 0.5581056
1494877060.544619 1.3021371 1.1160980 1.7436814 -0.6935611 -0.3657427 0.2569184 0.5649763
1494877061.101256 1.2944578 1.1235728 1.7562652 -0.6979913 -0.3446490 0.2375963 0.5810105
1494877061.659364 1.3244027 1.1108904 1.7776541 -0.6860538 -0.3473648 0.2417735 0.5917884
1494877062.136317 1.3529804 1.0899161 1.7907693 -0.6803165 -0.3457266 0.2353698 0.6018668
1494877062.695084 1.3710289 1.0645784 1.8250836 -0.6803524 -0.3564321 0.2363569 0.5951574
1494877062.933666 1.3775840 1.0535578 1.8478131 -0.6766469 -0.3610343 0.2416754 0.5944713
1494877063.251672 1.3835441 1.0454953 1.8746881 -0.6697648 -0.3622315 0.2394142 0.6023990
1494877063.569556 1.3900626 1.0455717 1.9044143 -0.6882748 -0.3432453 0.2444422 0.5905155
1494877064.048403 1.4037501 1.0362757 1.9384100 -0.7051850 -0.3342481 0.2436017 0.5758911
1494877064.604716 1.4165206 1.0185630 1.9809299 0.7101868 0.3385486 -0.2493419 -0.5646665
