1535224864.75932 -0.000108152822504093  3.94867606895166e-05 -0.000224575482531408 3.55084167436293e-05 4.13276580569222e-05 4.86628595991467e-05 0.999999997331552
1535224873.60225 -0.0162732827096947 -0.0027616554276321 0.00868765407770378 -0.000715036749282139 0.0167804429226102 -0.0292752332017615 0.999430270793691
1535224873.19213  0.0418016413614036 -0.0274619466194763  0.0018179363866907 -0.00373960201565068 0.0312159216795442 -0.0505080701210724 0.99822868946104
1535224873.25743   0.0851856112644319  -0.0557162338690161 -0.00989653075749847 -0.0058873187846738 0.0376244446109295 -0.0594028835915664 0.997507412536996
1535224873.38934   0.190184191406497  -0.152744634282894 -0.0490316209708926 -0.0099651419859858 0.0486885265907751 -0.0726160185428928 0.996120995248367
1535224873.45568   0.250641110563397  -0.219944476900263 -0.0761295180834202 -0.012239170942577 0.0531544096289545 -0.077462299464516 0.995502086182297
1535224873.58758   0.38504565853333 -0.383146019631909  -0.14048646168506 -0.0158942386853824 0.0611699761803034 -0.087189260609849 0.994184912390558
1535224873.65315   0.45829964743291 -0.474195476424172 -0.173387425304426 -0.017045033001739 0.0640429105522389 -0.091519399748648 0.993595577650995
1535224873.76866  0.575176134583641 -0.622006942811212 -0.222270928952608 -0.0187543528549091 0.0649921193349813 -0.0953560049284353 0.993142251138994
1535224873.83396   0.65145636643778 -0.725171390611222 -0.253201492419291 -0.0204140598353041 0.0626184299814604 -0.0945048650947393 0.993343358995832
1535224873.96587  0.805743338132473 -0.935855780669592 -0.310333248404969 -0.0244378926083558 0.0528892214288786 -0.0854463273536428 0.994637846054173
1535224874.48601  0.928466854174321  -1.06764734112133 -0.342233286945319 -0.0242955999361708 0.043558750974091 -0.0700324530810266 0.996297051362079
1535224874.18051   1.07881080722641  -1.28201041275322 -0.399507985421488 -0.0309790915350087 0.0326346928789881 -0.05703237486283 0.997357799852122
1535224874.24581   1.16371699101278  -1.33810670044495 -0.404976092422144 -0.0287489346130683 0.0265313787543462 -0.0449323142586209 0.998223758400576
1535224874.4105   1.36835287704636  -1.55219310918216 -0.443803541044173 -0.0344329721247811 0.0209125954538436 -0.0380807230255727 0.998462263841698
1535224874.47684   1.45293085368503  -1.57894157624213 -0.439270763087801 -0.029806922968902 0.02096482847478 -0.0338569321250327 0.998762099529828
1535224874.60874   1.61300179245604  -1.75540845038345 -0.444195481898746 -0.0380474050098875 0.0199597784170829 -0.03865578699251 0.998328469167109
1535224874.73961   1.75434564832591  -1.88385441653969 -0.418295651905957 -0.0412746246041676 0.0199580137478188 -0.0442623794716523 0.997967396669117
1535224874.83873   1.83901321902379  -1.95514427739599 -0.381100777523229 -0.0408211589307826 0.0205961523308851 -0.0507105755634458 0.997666211224343
1535224874.97064   1.95855720762653  -2.13353344472016 -0.315917321757817 -0.0498200576122788 0.0169906556532792 -0.0631000861192413 0.996618110718306
1535224875.69761  2.05293655310097 -2.25824105188946 -0.25484334734524 -0.0545694167654073 0.0135239218283335 -0.0671182368531344 0.996159838868237
1535224875.13506   2.12151684508762  -2.33188065129658 -0.210251613394955 -0.05670977665723 0.0116615321741659 -0.0666967127673034 0.996092143531347
1535224875.26697    2.3180008963169  -2.53338282426037 -0.108758847511604 -0.0672559584895595 0.00593269697705889 -0.0636159306965058 0.99568792928098
1535224875.33357    2.42955620666214   -2.63025742755151 -0.0566865612337556 -0.0726419707325526 0.00352759838121511 -0.0601863071461226 0.995534182522059
1535224875.46443    2.6758156531129  -2.79260427709332 0.0507572799172488 -0.081179865882874 -0.000116517036677949 -0.0503068596704337 0.995429071139234
1535224875.56356  2.91455864830493 -2.91022583150377 0.130304088610167 -0.0877897392835912 -0.00187585060440654 -0.0391404258609631 0.995368007283965
1535224875.6299  3.09240315015731 -2.95660832081463 0.180503929934534 -0.0893696906013781 -0.000196635046683769 -0.0292810522685257 0.995567998538784
1535224875.76077  3.49653674168336 -3.05718057829055 0.266106371901807 -0.0947236961597446 0.00633355674930139 -0.0125038724341626 0.995404922942865
1535224875.85989  3.82864515710626 -3.11963537698303 0.320346144121965 -0.0992028363308139 0.0118801739468813 0.00321402341379212 0.99499111995254
1535224875.92623  4.04477569620072  -3.1388373841332 0.350156616336482 -0.100675404989723 0.0161167142191488 0.0158652099271409 0.994662258993927
1535224876.90919  4.56286356033599 -3.18077789033258 0.416110657107513 -0.106428461840954 0.0272420693121498 0.0416866872826178 0.993072541294523
1535224876.15622  4.74593465177493 -3.17833617505097 0.450462989976949 -0.108170616953001 0.0325324225693867 0.0498082902085991 0.992350690701765
1535224876.28813  5.12138051332907 -3.19824883174386 0.501094819461049 -0.115046217802783 0.0370639900017876 0.0662508736380671 0.99045517321917
1535224876.35473  5.28912364903862 -3.19682045251168 0.532919730702615 -0.118221846326221 0.0391741921881162 0.074349424348795 0.989424651409409
1535224876.48533  5.50122714641323 -3.12527725934767 0.614806438046453 -0.114212571578489 0.0506802260799316 0.0914433766846472 0.987939832195476
1535224876.58472  5.81375048188303 -3.20901023329239 0.654213449998956 -0.123822254442884 0.0445010460423216 0.0994804607399995 0.986301852445172
1535224876.65106   5.9337013757614 -3.21056469144559 0.693373666472902 -0.124252243748146 0.045584936038537 0.104787245324783 0.985648531042966
1535224876.81549  6.06291942622916 -3.17185996846262 0.789148473799588 -0.117742612944072 0.0598951370840712 0.112282195528827 0.984856313488424
1535224876.94739  6.37540845074321 -3.24576998400321 0.885367193590943 -0.123927461629223 0.05266879011604 0.115136875022796 0.984180614933984
1535224877.79296   6.4995928351567 -3.27387780751449 0.974082732953818 -0.121259955409037 0.0575189314435875 0.114605437193072 0.984303403176872
1535224877.21016  6.58191234013476 -3.31701442230118  1.06803260107905 -0.117422650072677 0.0567860615089933 0.11380530587028 0.984903861716451
1535224877.34207  6.63985761510879 -3.37413642028488  1.16890358677693 -0.111393203752298 0.0516459714194148 0.115405547099334 0.985700668302831
1535224877.47397  6.67913220156294 -3.42956951975065  1.26462425815983 -0.104793232998716 0.047661396535373 0.114001081900847 0.986787982761956
1535224877.60562  6.51905972847302 -3.35320180660126  1.31469963922943 -0.0822743036815936 0.0681254322742894 0.105105210125737 0.98870762070269
1535224877.73752  6.80184651197339 -3.51685623795182   1.4255364467354 -0.0937570916905885 0.0485858294392929 0.103234522756418 0.989035721420957
1535224877.86943  6.87976037155427 -3.55378144265221  1.49404199608708 -0.0908436294749612 0.0482185734698793 0.100548027378868 0.98960219196734
1535224878.34112  6.95416745578434 -3.59566353147535   1.5864438054221 -0.087833068756986 0.0412262623807585 0.104241354151922 0.989807803266582
1535224878.19854   7.0052125922793 -3.62975372014087  1.66522427624156 -0.0860255887889188 0.0321522984966089 0.113612132466381 0.989271505266045
1535224878.39679  7.11064359267713 -3.63899177989406  1.74477471550417 -0.0851785034044344 0.0290408001566446 0.126296880088326 0.987901995424646
1535224878.59425  7.01957155869658 -3.50097029577158   1.7532752953738 -0.0661562645534818 0.0491694049067206 0.131837761974289 0.987838308023666
1535224878.95589  7.29471169950382 -3.58495522975303  1.92959806629282 -0.0881000421093986 0.0266470155797488 0.14247882476436 0.985509058119093
1535224879.28604  7.33875175034698 -3.55619275026487  2.07736685120453 -0.101404102097274 0.0346658938215514 0.128600023392227 0.985889201617969
1535224879.54985 7.38139785419474 -3.5497863660315 2.20674267319397 -0.114813885666041 0.034508066624619 0.130918950307684 0.984117469333021
1535224879.77984  7.41697520240524 -3.55186649076339   2.3212593404403 -0.123681511228821 0.0255492138865212 0.142052274619946 0.98176946006954
1535224880.10866  7.49048672823776 -3.55868452391287  2.44455133374988 -0.130705107838291 0.0255870609714335 0.139699991984 0.981195897532952
1535224880.17529  7.58718064677076 -3.54640439038399  2.50262057661636 -0.133594001948066 0.0285597202635329 0.145727392026702 0.979847188205929
1535224880.33998  7.70001112432364 -3.51126721882081   2.5375346740197 -0.135424341722196 0.0318724182756979 0.15514325962012 0.978046504833391
1535224880.47188 7.78509209093147 -3.4751839179596 2.55187106932107 -0.136116173998797 0.0314459284678773 0.166455896672061 0.976102440946555
1535224880.63631  7.88181374018244 -3.42899906260892    2.559050824505 -0.136452328171631 0.0273763240324578 0.182729914067054 0.973263108066909
1535224880.86734  7.97257174202958 -3.37886156869062  2.54661333741891 -0.137423544637602 0.0258402165668988 0.189803739921868 0.971813558713133
1535224881.32836  7.96181611814357 -3.44715561055917  2.60592138751066 -0.139586538941007 0.0132898482544888 0.164001176877896 0.97644384992815
1535224881.52557   7.9445826228849 -3.52553453405965  2.67336314797764 -0.138475474238421 0.00834524101739156 0.145869213529832 0.979529005456701
1535224881.69025  7.96767267252175 -3.60533172376813  2.73894114300728 -0.136835550035364 0.00635967677051227 0.135845624376178 0.981214325769727
1535224881.82216  7.99281002777262 -3.68193906454218  2.80105947867979 -0.135560868288214 0.00178983207753297 0.134571813868558 0.981585693865903
1535224881.95406  8.02193190115384 -3.76211659147327  2.86972998659838 -0.132606477434541 -0.00315578987759665 0.137532024848578 0.981575521940977
1535224882.85707   8.002352103931 -3.8013634722389 2.92013734964874 -0.124156597888546 -0.00366138705741362 0.142072553613257 0.982032139471701
1535224882.21761  8.07745441821095 -3.91534669793401  3.01650508003468 -0.125923675044746 -0.012192129096588 0.150000612954449 0.980558206413371
1535224882.34952  8.11574480930391 -3.99453432316455  3.10558112264075 -0.122870940796555 -0.0168409751379466 0.158983553287417 0.979460741044928
1535224882.48142  8.15210406628704 -4.06846623443832   3.2010897589405 -0.119111351400047 -0.0207343968258539 0.166031644677589 0.978680777231053
1535224882.61332    8.168655560073 -4.14244516564715  3.29982462285669 -0.113542358135354 -0.0271797325101075 0.173411564871996 0.977904813475416
1535224882.77775  8.18015528978276 -4.20957142228129  3.42432169328917 -0.105190620339039 -0.0239108374137739 0.164470811254957 0.980465480010386
1535224882.94244  8.16211738927754 -4.23789919573461   3.5404394804388 -0.0908678357518872 -0.013727544433935 0.148813564265404 0.984585757585498
1535224883.10687  8.20679096947032 -4.33611837015677  3.66647196018073 -0.0890229102229226 -0.019029323430012 0.150862805175371 0.984354214863662
1535224883.27155  8.22786321386507 -4.38189393733752  3.78711159273186 -0.0834064269533512 -0.0179310715526192 0.146858243661852 0.985471714908351
1535224883.46876  8.24892991489922 -4.42279282984101  3.93364364538033 -0.0806604637905967 -0.0178299228542184 0.139137814449415 0.986821489440891
1535224883.66701  8.26601251601515 -4.46369221279582  4.07499360923248 -0.0829009281745872 -0.0238045941015849 0.138013629863629 0.986667631666974
1535224883.897  8.28325547643253 -4.50805678981072  4.24716243027414 -0.0883874624971317 -0.0284654722360122 0.135801903741383 0.986374784908817
1535224884.95243  8.27739563667583 -4.56541002412438  4.40386634950298 -0.0921674585126445 -0.0337533968946868 0.134275331470739 0.986070992955281
1535224884.29271  8.27135666686014 -4.57944166534421  4.55970981114435 -0.0854595632953311 -0.0283905255502308 0.124787402495898 0.988088429888074
1535224884.52374  8.32832815473208 -4.72401499690452  4.73969795262013 -0.0984013831896633 -0.0273937204162139 0.117972379691952 0.987749598581512
1535224884.68817  8.33788698625734 -4.79324036145789  4.87740297473387 -0.102257303349377 -0.0354908966926099 0.121591498505853 0.986660705437674
1535224884.85285   8.3385034701162 -4.86113475665297  5.01945513056496 -0.10776144341568 -0.0464130858578725 0.127012165712837 0.984937158673107
1535224885.17278  8.34918296359906 -4.89998701286105  5.17624145401045 -0.113986902121499 -0.048331035707042 0.124383151079551 0.984479521808225
1535224885.14918 8.32860257005346 -4.8511218235001 5.26972033787845 -0.106183433780748 -0.0460060793807724 0.124633301331776 0.985431407683803
1535224885.31387  8.37834383554907 -4.93004118919705  5.45247324826805 -0.12047879842663 -0.04786092348735 0.126862391559597 0.983412489619891
1535224885.4783  8.38557701025287 -4.95052780818908  5.60046189263742 -0.123235720401682 -0.0447072233056422 0.124602683276442 0.983508206738352
1535224885.64298 8.38510336288257 -4.9668662669627 5.74774076447902 -0.127286898991519 -0.0471358757976123 0.126298618089206 0.98266215640304
1535224885.84123  8.38297773585331 -4.98893425815234  5.91274405951365 -0.131534246717322 -0.0513247176909507 0.118713957460373 0.982838497210273
1535224886.38436  8.37728641942629 -5.01309787537088  6.05682005145906 -0.132244788475885 -0.0586269287019564 0.109317758097113 0.983424540529961
1535224886.23668  8.36351236307081 -5.04599936524638  6.19199813369791 -0.132516895858578 -0.0724102038035738 0.102248742211119 0.983229998226954
1535224886.43415   8.3505543697465 -5.05095590905808  6.32649288315914 -0.123502920347162 -0.0827309683751205 0.100199557598163 0.983800113943158
1535224886.59858  8.35006664344592 -5.12145132443906  6.46802798337277 -0.134532861544793 -0.0931586815913938 0.108217266552527 0.980566873001848
1535224886.76326  8.34453222886204 -5.14961609205114  6.59753191668742 -0.135963524448943 -0.0946645398667541 0.113436803532061 0.979634950640118
1535224886.99403  8.32304752305268 -5.19553694685809  6.78666328513797 -0.139829268484057 -0.096784000602721 0.116367846978627 0.978539297673887
1535224887.15872   8.3184696762634 -5.22612766868729  6.91933841825228 -0.141200741971445 -0.0977858520402823 0.116607714218777 0.978214147613978
1535224887.3234  8.31577782643294 -5.26414409503484  7.05377009928505 -0.143569898908579 -0.101495767856855 0.115802968598261 0.97758680724443
1535224887.48783 8.29554911980865 -5.2985849456877 7.18394221957122 -0.145594807611043 -0.106350751069774 0.112072245720836 0.977205956532545
1535224887.65252  8.29709325916714 -5.35082821980476  7.33537845332896 -0.148821857016436 -0.112662808958473 0.112880718721289 0.975918587635634
1535224887.81694   8.2754463168744 -5.39751590608872  7.46546777585516 -0.153100423385823 -0.119557392431542 0.110005692354813 0.974764093472667
1535224887.98267  8.23592176806164 -5.43540618588124  7.60123371661767 -0.154822323599674 -0.124034056519396 0.101686523993725 0.974836115342786
1535224888.1471  8.24031790241306 -5.48461262889365  7.73372693943157 -0.158428311853062 -0.129329793465876 0.100167595738685 0.973725180576837
1535224888.31178 8.21854068298422 -5.5209850706047 7.86656402771129 -0.160760947269714 -0.136443932130471 0.094974118614393 0.972892022791398
1535224888.47621  8.19589786849769 -5.55551776615861  7.99597010683252 -0.163129526331639 -0.1447182034296 0.0893003857518493 0.971838896288626
1535224888.64089   8.1758680848487 -5.59455688659851  8.12114351559013 -0.165839680662633 -0.154293778356795 0.0829333863762442 0.970470341485132
1535224888.80532 8.14737314327669 -5.6429369365501 8.24731505551987 -0.167945428473248 -0.165204715196245 0.0772514461861827 0.968779618486066
1535224888.93723  8.11862826198988 -5.68044159226304     8.35287218757 -0.168114375635825 -0.174818859725195 0.0725519524134496 0.967425520228796
1535224889.69131    8.064846161275 -5.72188920930617  8.44812007416817 -0.166320621461198 -0.183147598138471 0.0598156348949398 0.967065922259173
1535224889.23382  8.02574363426615 -5.78681185927245  8.57772017449347 -0.168033180497027 -0.197136267905144 0.0598392616709323 0.964013176720714
1535224889.36546  7.96792956361632 -5.82912938226112  8.67275120819964 -0.166791891144045 -0.207258733757277 0.0530435887698479 0.96250229091693
1535224889.49737  7.88570306116417 -5.83774200947118  8.73863214819878 -0.156674037909067 -0.211560666323026 0.0393592346023737 0.96392228989776
1535224889.66205  7.84575410660008 -5.90831591976854  8.87993934351941 -0.16312982419225 -0.227347990731924 0.0336467182584884 0.959463105033016
1535224889.82648  7.77376616513715 -5.94176220879802   8.9801252367689 -0.160325143057628 -0.241074050020882 0.0249061099157526 0.95684838746739
1535224889.99117   7.7067781000939 -5.97145586459967  9.07687389013754 -0.158274994564335 -0.253822127984028 0.0168651977040991 0.954064420543876
1535224890.15559  7.63560341840491 -5.99904898749802  9.16787471187934 -0.156209106472665 -0.265564344815475 0.00726024933494723 0.951326223015708
1535224890.2875  7.57379575206477 -6.02412335972925  9.23576928850393 -0.154425948505501 -0.276432244396442 -0.00115313583310134 0.948544416969428
1535224890.4194   7.5096445890111 -6.04986431862947  9.30332677591996 -0.152532418615072 -0.287482748852462 -0.00742084939663201 0.945532898093927
1535224890.55131  7.43925565213253 -6.08442042590479  9.35926553517308 -0.15356810318105 -0.299681070625314 -0.0121349581116477 0.941520491750375
1535224890.68321  7.36654003482626 -6.06582774182678  9.39552073669893 -0.138507317545284 -0.308438686054789 -0.0176020651245267 0.94094179800589
1535224890.84764  7.27060934734381 -6.14209527117568  9.49557633628533 -0.147444379140368 -0.320200072617041 -0.0311327872214975 0.935287559051105
1535224891.12324  7.21074106146438 -6.15245000395756  9.55603742891051 -0.142061812026369 -0.332960102882644 -0.0392053808027798 0.931353289342059
1535224891.11145   7.1368755301709 -6.15455945854893  9.59393242561065 -0.134311880012725 -0.340625932577119 -0.0444564749687237 0.929493364568446
1535224891.27588  7.04385866219106 -6.20184831964231  9.68195071163034 -0.13816496357716 -0.3517015463595 -0.0544972411723071 0.924254573065595
1535224891.40778  6.98650800890174 -6.22848808095055  9.73978430912497 -0.135217924438642 -0.358665611776519 -0.0587551974876209 0.921749921946116
1535224891.53969 6.93171940839188 -6.2619523589404 9.79989212536468 -0.132720922257377 -0.365304455514072 -0.0624565916465088 0.919258932910973
1535224891.67159   6.8700410327818 -6.29793692153475  9.85913648662071 -0.130808796879378 -0.373816246827459 -0.0644374067975696 0.915968499934363
1535224891.8035  6.80337433247333 -6.33873350340815  9.91326262859059 -0.129454144242739 -0.383829136785608 -0.0685749975546355 0.911709541467663
1535224891.93514  6.73076986312734 -6.37840360561657  9.96659934955525 -0.126894429521953 -0.393864715822438 -0.0739138379231793 0.90736163350115
1535224892.67045   6.6619252584192 -6.41468864874892  10.0092736603066 -0.120084136043294 -0.403167181841827 -0.0806821437905644 0.903618512111064
1535224892.19895  6.57339484879479 -6.46503447946223  10.0586843632594 -0.120363939556495 -0.412718386145211 -0.0865826018311825 0.89870991362746
1535224892.36364  6.47904099045641 -6.51872279119055  10.1172050680958 -0.117440245274979 -0.422388582416431 -0.0925422154582646 0.893997546189064
1535224892.56084  6.35949690277428 -6.55242758212684  10.1907799304314 -0.10939241917631 -0.432500329342189 -0.101842678684287 0.88915962152139
1535224892.72527 6.26305512001709 -6.6033634775764 10.2559296980988 -0.11055850867992 -0.44109537396415 -0.1018359004335 0.884783101448483
1535224892.9563  6.13722814662721 -6.65404903319013  10.3358040520274 -0.105282637090169 -0.449976638268901 -0.104393870148151 0.880646643787989
1535224893.15351 6.03979382776518 -6.6792852712304 10.3964296947317 -0.0955250128263462 -0.45805487634736 -0.104355086976331 0.877593708957108
1535224893.35097   5.9227899649285 -6.75972486395059  10.4597463770166 -0.100326454205976 -0.468181080274018 -0.104317930351234 0.871698828763206
1535224893.51644  5.82621563647566 -6.79419683068823  10.4999456702147 -0.0978625541652426 -0.476947271023669 -0.104703802766598 0.867168573485884
1535224893.68113  5.74844683538997 -6.77566593863255  10.5269258777966 -0.0858934485638173 -0.488239044721799 -0.102230024584056 0.862434909298379
1535224893.87834   5.6173643177758 -6.83109566046185  10.5791398299503 -0.0906514235515907 -0.496785334727048 -0.111775937986922 0.85585792646639
1535224894.75543  5.52298167467744 -6.85679807573221  10.6309853991597 -0.0913902703258084 -0.507650136474296 -0.110201165981341 0.849585110770991
1535224894.24127  5.44739146193271 -6.88267991295955  10.6776614740337 -0.0932723793718179 -0.516831811144489 -0.105959460063334 0.844368246121628
1535224894.40569  5.37256943564025 -6.90871274216269  10.7200034869963 -0.0912199914275717 -0.524428610373343 -0.107389842852346 0.839714813158603
1535224894.60316  5.29593546526709 -6.89318674860029  10.7544609594088 -0.0768274223845726 -0.537012896917321 -0.105743682638036 0.833386446551872
1535224894.80037   5.1771598872042 -6.96221340209398  10.8000246953284 -0.0792584479796019 -0.544683850706297 -0.120396748774391 0.826161136878382
1535224894.96584  5.09908644457732 -6.97689049744964  10.8371960020374 -0.0703895024360468 -0.550409892030893 -0.127222151751979 0.822136723912114
1535224895.19582  4.99969325063153 -6.98977879628054  10.8855594255203 -0.0641223503367891 -0.561399893066091 -0.130797320944507 0.814622946574922
1535224895.42685  4.88334138572556 -7.02707207123327  10.9357040102395 -0.0663973944979348 -0.570451736380044 -0.134545491221828 0.80751081308968
1535224895.62406  4.80032364741107 -7.01959059828619  10.9837679508268 -0.0598787818912407 -0.575561565460578 -0.134083777865503 0.804465634043559
1535224895.85509  4.67948545226143 -7.05073032631033  11.0373810510612 -0.0601018549615429 -0.58287143437429 -0.144754004057812 0.797304795125346
1535224896.52555  4.57111413704598 -7.05752918785508  11.0655875565322 -0.0593827509349192 -0.592174460351564 -0.15223914500351 0.789066752643485
1535224896.28333  4.44394164757795 -7.05548939927397  11.0875649077818 -0.0552028927974746 -0.599275381515929 -0.159054524341345 0.782638688043389
1535224896.48079  4.33055932673008 -7.08464454858217  11.1192874706836 -0.0578696533112952 -0.604553535661919 -0.162026668661086 0.777761842974374
1535224896.64522  4.23641570585028 -7.09155831825409  11.1334118768514 -0.0592505962905572 -0.608794728876087 -0.161490574154312 0.774454091209554
1535224896.84269  4.11772376887978 -7.09606706530958  11.1451381704001 -0.0635878429989448 -0.614948783090155 -0.158995279993433 0.769750012236758
1535224897.81518  4.01640417719168 -7.09858502356278  11.1568519929217 -0.0622749370026557 -0.616919361176982 -0.163020328054367 0.767435148183445
1535224897.17284   3.9158942579715 -7.10296969015298  11.1741166925283 -0.0625184472226474 -0.619804049839647 -0.165063895258359 0.764649131328467
1535224897.37005  3.78672207386506 -7.12279331117252  11.2031732993728 -0.0603782002014764 -0.617012114328384 -0.174192483100164 0.765053921330939
1535224897.56725  3.65740560387762 -7.14066089374625  11.2369662427946 -0.058745677655722 -0.61635614380764 -0.179748393605435 0.764424335263872
1535224897.73298   3.5524482210152 -7.15936676347406  11.2607525901225 -0.0630326391389525 -0.620003150396542 -0.177263640822999 0.76170898743793
1535224897.89741  3.45055207068871 -7.17616755551506  11.2829999265946 -0.0655773279303129 -0.622228230147628 -0.17676116655026 0.759794139006522
1535224898.94615   3.3343452175701 -7.19505452412823  11.2922208533993 -0.0672688571141926 -0.62562597782225 -0.178295006088021 0.756490533675456
1535224898.29208  3.22435237684375 -7.21526720553723  11.3005837728569 -0.0666506553392864 -0.627252767744853 -0.180883666756592 0.754581178270406
1535224898.45755   3.1399670937674 -7.22925872725881  11.3166063745148 -0.0675551707892098 -0.627388334162801 -0.180843129101658 0.754397733104221
1535224898.62223  3.05206258995033 -7.24748074180387  11.3310896552665 -0.0711892820269654 -0.628660600336241 -0.179670584163694 0.75328375589524
1535224898.81944  2.94906968941421 -7.25820908493089  11.3555694787358 -0.0740900877540064 -0.629046645668339 -0.180806227262319 0.752409519246787
1535224899.16649   2.8466127767975 -7.27261095869905   11.376274094509 -0.0793919981850021 -0.630324646204208 -0.181046066615349 0.750739683761851
1535224899.18237  2.75425731759713 -7.28879626156302   11.388486805448 -0.0798487104455592 -0.631132203777665 -0.183128131517147 0.749506779316884
1535224899.3468  2.66651402089898 -7.30921779892549  11.3928315762477 -0.0815225613803564 -0.633616520116465 -0.184629777637521 0.746857431261822
1535224899.4787  2.59646134374811 -7.32946739112903  11.3946261043619 -0.0828180741566964 -0.634987760972533 -0.185913599280967 0.745230060860713
1535224899.64313  2.51039344167936 -7.35649888689254  11.3981016113807 -0.0839561798821803 -0.636335891718241 -0.18741038987443 0.743576047582126
1535224899.77504  2.44500714195792 -7.38025792504316   11.403893814177 -0.0852023146322103 -0.636834897928062 -0.189440817707654 0.74249178779871
1535224899.9725  2.34234263131766 -7.40804888521852   11.430460260045 -0.0846487932158429 -0.633883336407103 -0.194216424937964 0.743845735295173
1535224900.13693  2.25735786953564 -7.43271469243985  11.4677901250483 -0.0886255230408521 -0.630895694022016 -0.195037917734061 0.74570527058361
1535224900.26884  2.18783507780567 -7.45210061281095  11.4957183023655 -0.091181371234987 -0.629165141781374 -0.196629184965847 0.746440985963792
1535224900.417  2.11544901256861 -7.47268403366943  11.5124740039723 -0.0924504641288425 -0.628633031846327 -0.200954544399387 0.745580776334323
1535224900.56517   2.0232632578198 -7.51187517282711  11.5095254087356 -0.0946552903421152 -0.630273883163479 -0.208864334154332 0.741735059256705
1535224900.69707  1.94996077088937 -7.53163383165794  11.5114442766941 -0.0976243796868464 -0.633872240364635 -0.206468599237624 0.738949376422182
1535224900.86176  1.85774073366389 -7.57208805292088  11.5108789823372 -0.102798177915869 -0.635068225968715 -0.204741489283516 0.737700349429288
1535224900.9934  1.78235264083433 -7.60649637416593  11.5058107513765 -0.107277079351761 -0.635465219812085 -0.202309286714752 0.737391710804985
1535224901.15809  1.68866376764263 -7.64852468993453  11.5093237995666 -0.108207290398325 -0.632742045322788 -0.202316306563805 0.739592319108148
1535224901.28999 1.61846441293771 -7.6784018108279 11.5238476267823 -0.108122227705192 -0.630043492903365 -0.201336120401121 0.742171508175852
1535224901.45442  1.51751469031297 -7.72118422168962  11.5412466069882 -0.113057731654058 -0.627984226944611 -0.198919220112434 0.743831233474287
1535224901.58633  1.44066962949476 -7.75342247123701  11.5551001709685 -0.116107350628475 -0.627673871061479 -0.197255906514935 0.744066329074032
1535224901.71823  1.36572471318568 -7.78823804763589  11.5679377237528 -0.117215620436731 -0.627018642410018 -0.197683213229687 0.744331557575733
1535224901.88292  1.27094190784458 -7.83165131280489  11.5832611834689 -0.116411513018601 -0.625530423355152 -0.199234202159622 0.745295767989905
1535224902.14563  1.17190284266555 -7.89929389138463  11.5880852159157 -0.119537729272849 -0.624336321181382 -0.202760914261876 0.744850925341224
1535224902.17925  1.09351476028338 -7.92029577896117  11.6087826695834 -0.117540607257455 -0.62578388025834 -0.196860059269113 0.745536624129845
1535224902.31115  1.01073886885372 -7.96227823288614  11.6202358720705 -0.116787466368967 -0.625970486417563 -0.195784579357639 0.745781493682318
1535224902.4428 0.930155494556196 -8.00553537973224  11.6322176046929 -0.117089399767211 -0.62681612916546 -0.192376260741523 0.745910843856887
1535224902.60749 0.831401027958902 -8.05675853681812  11.6458098908023 -0.117941098559602 -0.628342258461595 -0.185727596267281 0.746177702351601
1535224902.73939 0.732347274396291 -8.10976156709487  11.6575118035261 -0.118385165918159 -0.627605275179418 -0.184085804382281 0.747133848572279
1535224902.90382 0.659376985333978 -8.13481985758727  11.6843304214001 -0.11451659675255 -0.626340610369852 -0.178768995097842 0.750083352209234
1535224903.10232 0.544750768893372 -8.17381890541287  11.7147832729772 -0.114172961330382 -0.626035077284726 -0.175975415538227 0.751050777268959
1535224903.26675  0.45137038158351 -8.19661379340462  11.7422755262251 -0.114534983339701 -0.625824399909806 -0.174553374503044 0.751502945781656
1535224903.4477 0.355998175184849 -8.21193350766753  11.7727527551176 -0.111848022667857 -0.623843245454408 -0.177435985865203 0.752878539902849
1535224903.62864 0.212343744254092 -8.24396927511783  11.8011197211025 -0.109718176824692 -0.623003140727223 -0.183532150503605 0.752426048226537
1535224903.85967 0.109190089962135 -8.26257383286521  11.8110444236451 -0.108980618723352 -0.623873142319683 -0.188954460147305 0.75046768020034
1535224904.56882 0.000939277435795638    -8.29069493799888     11.8269054562423 -0.110968754878149 -0.621222808051901 -0.191210017031624 0.751802425896373
1535224904.23783 -0.088010149890087  -8.31216652684598   11.8475447088413 -0.115093373168471 -0.617699847069844 -0.188627434472469 0.754731810212693
1535224904.41981 -0.191128960213059  -8.33587629748762   11.8814231393778 -0.120967197289429 -0.610418415181088 -0.188806622795119 0.759676480336499
1535224904.58424 -0.29786303875394 -8.34817148826591  11.9138534220745 -0.122212856122837 -0.605265565213992 -0.188972732969179 0.763548897948681
1535224904.78171 -0.394087136952209  -8.36980263757996    11.939587384394 -0.131270276839916 -0.600237839041842 -0.192307227231732 0.765180097333428
1535224904.91335 -0.467895018645596  -8.38581512782486   11.9471905424744 -0.137287875798985 -0.599301331185961 -0.192053022899981 0.764921950261801
1535224905.78039 -0.559310165640515  -8.40508240053785   11.9448147648944 -0.142202749494745 -0.598194903679677 -0.193978482280827 0.764404070933576
1535224905.20994 -0.628598524993708  -8.41856430711659   11.9405758061141 -0.144852138340476 -0.59702775012942 -0.195106770294263 0.764531929862276
1535224905.37437 -0.729513407039464   -8.4289075634841   11.9424483680173 -0.147704999521086 -0.595269157763949 -0.194685421565547 0.765464205277634
1535224905.6054 -0.834300923931835  -8.45286865122794   11.9512710102147 -0.155783908636989 -0.588039301034976 -0.196979258811238 0.768856505367714
1535224905.80261 -0.943898141443509  -8.45851534166258   11.9673008180826 -0.160478496313641 -0.583827448362778 -0.198972514039812 0.770585557492351
1535224906.751 -1.05259403676379 -8.46583079280364  11.9916309986768 -0.165680568674597 -0.579222934589736 -0.199795981781865 0.772743364172568
1535224906.16554 -1.14584038959988 -8.47513425287329  12.0102054144876 -0.168866874438814 -0.575160632233505 -0.202317077563374 0.774430129819493
1535224906.33023 -1.24170521938397 -8.48187161868285  12.0261894183283 -0.169063325865277 -0.573648328773962 -0.202371731890355 0.775493951539217
1535224906.52744 -1.35436176422515 -8.50694584962059  12.0317664320513 -0.173231658865441 -0.572084255623584 -0.202062177010011 0.775810075634696
1535224906.65934 -1.43113010796556 -8.51918258613546  12.0330310693413 -0.174082677858919 -0.57160742620285 -0.200612950028831 0.776346968732377
1535224906.80751 -1.50621740903275 -8.52976997628179  12.0340523012624 -0.173443553858643 -0.57091901337634 -0.199847920676899 0.777193426626467
1535224906.95567 -1.59842348487201 -8.53907816787047  12.0420017517369 -0.171856922390901 -0.569046973478106 -0.199454454891853 0.779017753729355
1535224907.12036 -1.71081577435633 -8.55119027729792  12.0564880667098 -0.170938124922911 -0.56577157025075 -0.202330609359485 0.780861711354872
1535224907.3186 -1.79174575164801 -8.55685595925876  12.0886990891096 -0.167236101824495 -0.562558932666282 -0.202741276764427 0.783872124915697
1535224907.48303 -1.87593933335375  -8.5663067524034  12.1237294691529 -0.166797054498631 -0.559716636029069 -0.20295825098112 0.785941459856628
1535224907.6805 -1.98278873416819 -8.57299734272956  12.1717203053495 -0.165517424621796 -0.55573560077712 -0.205425868121993 0.788392121270747
1535224907.82866 -2.05666045857548 -8.57570121068875   12.201121279064 -0.163613219481695 -0.553686446201371 -0.208608538106218 0.789395028824554
1535224907.97683 -2.14675589111639 -8.58405380254343  12.2240108961381 -0.162887243600585 -0.553971954677312 -0.210642858237949 0.78880441528718
1535224908.14152 -2.24851060854848 -8.59408922632401  12.2374468385471 -0.161973540826126 -0.555983430535657 -0.211961864998583 0.787222436690147
1535224908.33976 -2.3331810990316 -8.6111903027221 12.2518986419135 -0.157866076450008 -0.551346826607593 -0.218061735997152 0.789648059574596
1535224908.47063 -2.39526524558886 -8.62461466385113  12.2694892627516 -0.155787747337155 -0.548019043306187 -0.220130739223259 0.791800330640502
1535224908.6361 -2.47306210332868 -8.64730392323416  12.2938136246934 -0.159400269386628 -0.543549360462346 -0.218558874716725 0.79459276685797
1535224908.76696 -2.53450780179468 -8.66042033818201  12.3174749403174 -0.162890961130209 -0.540680138643935 -0.216944791324703 0.796282914531722
1535224908.93243 -2.63991848258558 -8.67033549356439  12.3553302450646 -0.168573977155836 -0.538640752168469 -0.212666166487957 0.797635290067188
1535224909.12989 -2.70964089891298 -8.67708488178277  12.3782642581064 -0.171174336802769 -0.534764184495455 -0.218082874082899 0.798227081370198
1535224909.27806 -2.77301367646548 -8.68151610363479  12.3957470623721 -0.170177599914179 -0.533608699628438 -0.220912081246017 0.798435465474731
1535224909.42623 -2.85077422937355 -8.69284466433821  12.4091229394781 -0.170784399777497 -0.535021597028332 -0.220726158958687 0.797411150070801
1535224909.59091 -2.92711624273319 -8.70921092254603  12.4176507610426 -0.171080156842704 -0.53599888173757 -0.220589424992713 0.796728990493088
1535224909.72256 -2.98744475119712 -8.72187567305957  12.4209728835989 -0.171020994350147 -0.535957557537217 -0.220911048647723 0.796680377940609
1535224909.88724 -3.07700768184641 -8.71624584987234  12.4472596453263 -0.166575609327449 -0.537858684052778 -0.214945099470144 0.797971933453786
1535224910.51929 -3.12199374479933 -8.74158947803772  12.4492546992081 -0.16831635899653 -0.528449080824116 -0.22657720471619 0.800670932764076
1535224910.21636 -3.17994210641919 -8.74751786924441  12.4792179935009 -0.170030147202369 -0.52409432046774 -0.228406703173365 0.8026489084533
1535224910.44738 -3.26252826755139 -8.74950944422639   12.518136787624 -0.174858097940075 -0.521745566702162 -0.231206257999991 0.802340249191738
1535224910.61207 -3.33210278660416 -8.75272449516111  12.5310728909912 -0.177488333292378 -0.522574700468486 -0.237857651857414 0.799272989302306
1535224910.7765 -3.40992460909636 -8.75902731679178  12.5371941563631 -0.182067079624492 -0.523885210545329 -0.243778627025381 0.795592763726836
1535224910.9084 -3.47409075208031 -8.76262274009537  12.5423888733748 -0.18506549696193 -0.524323529226655 -0.247769997184811 0.793376094313774
1535224911.40307 -3.53797595885324 -8.76714204346954  12.5499552492215 -0.187919645531568 -0.522526075669939 -0.252598680754783 0.792367726216311
1535224911.17221 -3.59279108744456 -8.75130852932285  12.5806502019924 -0.184693775068918 -0.527040779348242 -0.247233022918325 0.791828301296094
1535224911.33664 -3.68654362396357 -8.77377744924606  12.5703445366195 -0.190133143696658 -0.518756855719513 -0.264115178083496 0.790559222966853
1535224911.46854 -3.75372318899358 -8.77609744472027  12.5798340938202 -0.191017925544004 -0.517900775331106 -0.269553897775645 0.789070107928479
1535224911.60045 -3.82157131479587 -8.78025799441469  12.5871688079505 -0.193764422772678 -0.518529288748798 -0.271649826069422 0.787266852581568
1535224911.73235 -3.88471606202761 -8.77455532544745   12.613054858277 -0.192157345442702 -0.524003237440638 -0.266372788250634 0.785838214535109
1535224911.89678 -3.97906347119781 -8.79699522759833  12.5990071336581 -0.195256630015994 -0.520799612724002 -0.278241664522117 0.783086322154389
1535224912.28683 -4.05468498432179 -8.80790270426867   12.595149289952 -0.193659932270771 -0.524619569698262 -0.2822220442201 0.779500388376246
1535224912.16059 -4.13289755246411 -8.81824852803041  12.5880873060455 -0.188907348597083 -0.528712434747685 -0.289134565122796 0.775356936023949
1535224912.29224 -4.21196680964491 -8.82913151272017   12.573305306428 -0.182882712586565 -0.534765635430687 -0.296672984545528 0.769782286650091
1535224912.39058 -4.26975102230801 -8.83938104153457  12.5489053750931 -0.178972288033533 -0.542846076507963 -0.300741121418421 0.763440786979543
1535224912.4897 -4.32494549790658 -8.84717864419173   12.517070121054 -0.172979931635546 -0.552978055388675 -0.305875394278845 0.755469030923626
1535224912.58883 -4.35532280907778 -8.85026382559585  12.4953188475972 -0.161353697966139 -0.570164006545408 -0.304698426668833 0.7456787904844
1535224912.68691 -4.41872693693584 -8.85861963562747   12.438242120721 -0.155703876366349 -0.577254599096376 -0.317498153970226 0.736021978565908
1535224912.78604  -4.4594757470749 -8.86263844402586  12.3953811150044 -0.14537719371798 -0.590224293560923 -0.323360614558898 0.725216290350187
1535224912.88516 -4.49697084014513 -8.87130093294124  12.3514268505143 -0.135342109837993 -0.602537065493117 -0.329466656457081 0.714201176346368
1535224913.17063 -4.54360736459039 -8.87761843785771   12.301888335625 -0.122675730023841 -0.619075904445743 -0.335813881930295 0.699231525677089
1535224913.11515 -4.55363158498823 -8.88842144430313  12.2683642414258 -0.111690696032455 -0.635859609128831 -0.335588807350716 0.685994094930299
1535224913.24705 -4.58990399145385 -8.89246868026579   12.191999594944 -0.102055014085543 -0.653512275658054 -0.344482629900929 0.66621182619402
1535224913.34618  -4.6163318668224 -8.88115835503258  12.1204333142573 -0.0963626865845394 -0.667146195649787 -0.355649469441884 0.647413037519274
1535224913.4453 -4.57301716437068 -8.91816114681042  12.0767043669004 -0.0767204911718418 -0.686984676983423 -0.361879640808719 0.625467141736867
1535224913.5772 -4.56852952789424 -8.91661568281598  11.9952795950059 -0.0691455712961756 -0.712865442955681 -0.37049610761451 0.59141726763109
1535224913.70807 -4.58991628231945 -8.87882741240155  11.9328748638013 -0.0749540017291968 -0.741566506791647 -0.372091753144093 0.553180568053297
1535224913.80719 -4.49986026936629 -8.92158260799093   11.944746399376 -0.0567412577358002 -0.769470021020249 -0.365233812650763 0.520865221068027
1535224913.9391 -4.45775107296971 -8.92930195663271  11.9383826096014 -0.0446826336752332 -0.800037063986061 -0.358200334039942 0.479204214495326
1535224914.10353 -4.58417488092335   -8.906227358933  11.9005117861709 -0.0401262869688555 -0.825804312272054 -0.341106137192596 0.447307189855605
1535224914.53202 -4.64612881676779 -8.88605809252486   11.913985749179 -0.0303487246540747 -0.87820210800797 -0.313505086939856 0.359936901227232
1535224914.76279  -4.6467101958373 -8.88355453853911  11.9108764804277 -0.0361520957407516 -0.900084701494608 -0.285996111366118 0.326721257943792
