1535224876.881049 0.000000000 0.000000000 0.000000000 -0.000000000 -0.000000000 -0.000000000 1.000000000
1535224876.947392 0.009090401 -0.004955214 0.007142053 0.002188958 0.005399641 0.000739601 0.999982774
1535224877.012953 0.017238831 -0.010920982 0.013699303 0.003977076 0.009522032 0.000121976 0.999946773
1535224877.079297 0.024749942 -0.016634211 0.020727487 0.006178926 0.011788590 -0.000343365 0.999911368
1535224877.112077 0.028115658 -0.018985718 0.024351742 0.007882469 0.012204159 -0.000465177 0.999894381
1535224877.177381 0.032856658 -0.025217468 0.031367499 0.010549769 0.012521705 -0.001343206 0.999865055
1535224877.210162 0.034991879 -0.028891331 0.034485266 0.011797238 0.012034606 -0.002042517 0.999855936
1535224877.243982 0.036594633 -0.032138810 0.038199257 0.013773175 0.011338969 -0.002413578 0.999837995
1535224877.309285 0.038737968 -0.037159573 0.046800081 0.018588781 0.009182995 -0.002070038 0.999782920
1535224877.342066 0.040675625 -0.040757373 0.050152838 0.020229900 0.006502889 -0.001931261 0.999772370
1535224877.375628 0.042864241 -0.044885572 0.054327313 0.021754032 0.004155605 -0.000090440 0.999754727
1535224877.408409 0.044185650 -0.048199028 0.057716332 0.023556184 0.002383248 -0.000846994 0.999719322
1535224877.441190 0.045310512 -0.050955493 0.060320608 0.026050625 0.001133571 -0.001773049 0.999658465
1535224877.473971 0.046727538 -0.053724244 0.064582616 0.028251084 0.000385810 -0.002947871 0.999596477
1535224877.506494 0.048512101 -0.057196580 0.067789085 0.030041404 -0.000351882 -0.004016928 0.999540508
1535224877.540313 0.049505476 -0.059531126 0.071819372 0.032622375 0.000039258 -0.006147149 0.999448836
1535224877.573094 0.051709034 -0.063278981 0.074216284 0.034100693 -0.000088526 -0.008077924 0.999385774
1535224877.605618 0.053500328 -0.065881513 0.077890515 0.036130730 0.000252322 -0.009571085 0.999301255
1535224877.638398 0.055272069 -0.068501361 0.080880925 0.038096786 0.000761717 -0.011398663 0.999208808
1535224877.672218 0.057311684 -0.071332999 0.084450841 0.039886743 0.001547488 -0.012117383 0.999129534
1535224877.704741 0.059742298 -0.074453533 0.086284325 0.041189402 0.001675279 -0.013503139 0.999058783
1535224877.737522 0.062474817 -0.077228472 0.090091676 0.042555019 0.001902550 -0.014063445 0.998993397
1535224877.770303 0.064526759 -0.080426648 0.092334345 0.043746471 0.002756025 -0.015004159 0.998926222
1535224877.804123 0.067869678 -0.082457252 0.094853498 0.045377728 0.002804981 -0.015668776 0.998843074
1535224877.836646 0.069535434 -0.085168600 0.097494155 0.046562459 0.003427461 -0.017273156 0.998760164
1535224877.869426 0.071998812 -0.087291218 0.100656070 0.047846571 0.003443490 -0.018282032 0.998681486
1535224877.902207 0.075020447 -0.089254916 0.103829853 0.049183857 0.002355265 -0.017858623 0.998627365
1535224877.934730 0.077459671 -0.093000963 0.107559495 0.048955034 0.001155153 -0.016787227 0.998659253
1535224877.968550 0.079230949 -0.095625259 0.110296689 0.049673524 -0.000429970 -0.015976043 0.998637676
1535224878.001331 0.080552012 -0.098104142 0.112879798 0.050193965 -0.002184103 -0.015489787 0.998617053
1535224878.034111 0.081994876 -0.100133970 0.116279691 0.050825559 -0.004314659 -0.014390117 0.998594582
1535224878.066634 0.083018564 -0.102606893 0.118778728 0.051178824 -0.006240256 -0.013149647 0.998583436
1535224878.100454 0.084999554 -0.104163282 0.122859232 0.051906690 -0.009047885 -0.011533312 0.998544335
1535224878.133235 0.086058706 -0.107131720 0.124244817 0.051644567 -0.011104831 -0.010241637 0.998551309
1535224878.165758 0.087713361 -0.108223699 0.127225891 0.052392431 -0.013251383 -0.007919350 0.998507321
1535224878.198539 0.089376666 -0.110295035 0.130124688 0.052485090 -0.014984329 -0.006127747 0.998490572
1535224878.231319 0.091222748 -0.111820616 0.132842928 0.052802641 -0.016422326 -0.003707304 0.998463094
1535224878.264882 0.093300819 -0.113168441 0.135149315 0.053131655 -0.017368656 -0.002068206 0.998434365
1535224878.297662 0.095755689 -0.115752883 0.136259675 0.052654020 -0.018021578 -0.000332535 0.998450160
1535224878.330443 0.097974971 -0.117145911 0.139411345 0.052724678 -0.018166257 0.001235745 0.998443067
1535224878.363224 0.101484641 -0.118203722 0.141971126 0.052775715 -0.018453194 0.003155470 0.998430908
1535224878.396786 0.104429007 -0.119276330 0.144062057 0.052991733 -0.017956000 0.005509880 0.998418331
1535224878.429567 0.107143179 -0.120932937 0.145580783 0.052696586 -0.017455412 0.006639753 0.998435915
1535224878.462348 0.110218503 -0.121985510 0.146821171 0.052690428 -0.017005160 0.009301673 0.998422742
1535224878.494870 0.112583354 -0.121985801 0.149528712 0.053234261 -0.016568094 0.010053181 0.998394012
1535224878.561473 0.117363535 -0.124510035 0.152537555 0.052430023 -0.016164493 0.012869827 0.998410821
1535224878.594254 0.119455740 -0.125656009 0.153938636 0.051858984 -0.016163543 0.013634674 0.998430550
1535224878.626776 0.121570677 -0.126360327 0.155641347 0.051563084 -0.016362909 0.014945984 0.998423874
1535224878.659557 0.121934764 -0.127639666 0.156312183 0.050775532 -0.016074354 0.014349994 0.998477638
1535224878.693377 0.123845004 -0.127252072 0.159355685 0.050949387 -0.016359558 0.015421588 0.998448193
1535224878.725900 0.126557305 -0.127548963 0.162321851 0.050725434 -0.016872616 0.017494295 0.998416841
1535224878.758681 0.127683446 -0.128256366 0.164206013 0.050094169 -0.016624898 0.017268848 0.998456836
1535224878.791462 0.129379362 -0.128390878 0.165752009 0.049872264 -0.016796788 0.017731365 0.998456955
1535224878.825024 0.129824668 -0.128612980 0.168320999 0.049379334 -0.016511159 0.017610131 0.998488367
1535224878.857805 0.130521849 -0.129007488 0.170594916 0.048821900 -0.016605951 0.017823985 0.998510420
1535224878.890586 0.132113919 -0.129541144 0.172015652 0.048015427 -0.017546240 0.018774817 0.998516023
1535224878.923366 0.132142469 -0.130065709 0.173992917 0.047240060 -0.017896250 0.019548813 0.998531938
1535224878.955889 0.132901073 -0.129974991 0.176358327 0.046899118 -0.018695261 0.020853257 0.998506963
1535224878.989709 0.133279890 -0.130870908 0.178757861 0.045576785 -0.019200662 0.021507729 0.998544753
1535224879.022490 0.134162948 -0.131252915 0.181167260 0.044675045 -0.019456616 0.022323495 0.998562574
1535224879.055013 0.134839863 -0.131485716 0.184171483 0.043729775 -0.019549072 0.022460718 0.998599589
1535224879.087794 0.135327876 -0.131986529 0.186706260 0.042578422 -0.018940998 0.021506611 0.998682022
1535224879.121614 0.136411473 -0.132655039 0.189435869 0.041263416 -0.017939296 0.020718124 0.998772383
1535224879.154395 0.136818007 -0.133336052 0.192633793 0.039778762 -0.016245626 0.017638752 0.998920739
1535224879.186917 0.138001874 -0.133115649 0.195892289 0.038964547 -0.014720456 0.015801841 0.999007225
1535224879.219698 0.138960168 -0.133884668 0.199105486 0.037407730 -0.012620505 0.012487963 0.999142408
1535224879.252479 0.139817372 -0.134154379 0.202490136 0.036050264 -0.010314615 0.009455196 0.999252021
1535224879.286041 0.140742987 -0.134751976 0.205590159 0.034451153 -0.008434097 0.006553317 0.999349356
1535224879.318822 0.140990645 -0.134617686 0.209047645 0.033297323 -0.006349848 0.005083484 0.999412417
1535224879.351602 0.142598569 -0.136198312 0.211964563 0.031173766 -0.005856021 0.004291397 0.999487698
1535224879.384383 0.142647997 -0.136596471 0.215839356 0.029752694 -0.005037988 0.003538229 0.999538362
1535224879.417945 0.143950656 -0.137411043 0.218218029 0.027946414 -0.005502712 0.004122303 0.999585807
1535224879.450726 0.144186288 -0.139035851 0.220830441 0.025888942 -0.005440740 0.004519932 0.999639809
1535224879.483506 0.145130068 -0.139881477 0.223096102 0.024444953 -0.005913076 0.006239840 0.999664247
1535224879.516029 0.146127820 -0.141295910 0.225296736 0.022491183 -0.006639258 0.007583550 0.999696255
1535224879.549849 0.145671055 -0.141731635 0.229597315 0.021130819 -0.006565259 0.008101410 0.999722362
1535224879.582630 0.146234497 -0.142043024 0.232056215 0.019826511 -0.007127861 0.009109811 0.999736607
1535224879.615153 0.147144571 -0.143077686 0.233963117 0.018270489 -0.008140717 0.010578305 0.999744058
1535224879.647934 0.147627145 -0.144827098 0.237725809 0.016223058 -0.009526574 0.011014458 0.999762356
1535224879.680715 0.148842573 -0.146534756 0.238766447 0.014511766 -0.011260895 0.013750792 0.999736786
1535224879.714535 0.149700403 -0.147958353 0.242459148 0.012713403 -0.013117546 0.015110516 0.999719024
1535224879.747057 0.149986371 -0.149011239 0.245518178 0.011635017 -0.014457963 0.016201872 0.999696553
1535224879.779838 0.149640754 -0.149626136 0.249090970 0.010740312 -0.015010447 0.017587565 0.999675035
1535224879.812619 0.150765523 -0.150617734 0.252443850 0.009697075 -0.016010873 0.017894022 0.999664664
1535224879.846181 0.151829004 -0.151480228 0.255954862 0.009074496 -0.016456882 0.018391211 0.999654293
1535224879.878962 0.153646424 -0.153400928 0.258902878 0.008088575 -0.016630873 0.018497368 0.999657929
1535224879.911742 0.154237375 -0.155340821 0.262162268 0.006601714 -0.015691584 0.016609434 0.999717116
1535224879.944265 0.156197712 -0.156915903 0.264420331 0.005799267 -0.015331596 0.015385148 0.999747276
1535224879.977046 0.159099951 -0.155728161 0.268248022 0.007018698 -0.014712345 0.017102575 0.999720931
1535224880.010866 0.161740884 -0.157793522 0.271912724 0.005544787 -0.013841900 0.015980745 0.999761164
1535224880.043647 0.164273426 -0.158901900 0.274151355 0.004966984 -0.012632479 0.016750481 0.999767601
1535224880.076170 0.167654023 -0.159975052 0.277579904 0.004312798 -0.012051335 0.017394401 0.999766827
1535224880.108951 0.170453548 -0.161050364 0.279596120 0.003627232 -0.011105168 0.018669691 0.999757469
1535224880.142771 0.174991637 -0.161980838 0.281472862 0.003085693 -0.010970809 0.020621436 0.999722421
1535224880.175294 0.177866489 -0.162473857 0.283502907 0.002658318 -0.010019166 0.022303712 0.999697506
1535224880.208074 0.181950614 -0.163771704 0.285122693 0.001738560 -0.009502618 0.024390280 0.999655843
1535224880.240855 0.186166972 -0.164146259 0.287709951 0.001091680 -0.008964336 0.026370764 0.999611497
1535224880.307199 0.193597376 -0.165195167 0.290906280 -0.000504817 -0.006660284 0.030115334 0.999524117
1535224880.339980 0.198335886 -0.165528432 0.292966902 -0.001205893 -0.006100064 0.031718399 0.999477506
1535224880.372761 0.202073708 -0.164679557 0.294308931 -0.001137867 -0.005157331 0.034172717 0.999402046
1535224880.405284 0.205676511 -0.164981917 0.295786738 -0.001786461 -0.004778537 0.036005098 0.999338627
1535224880.439104 0.210697412 -0.165469885 0.297018290 -0.002660295 -0.005233083 0.039430670 0.999205112
1535224880.471885 0.214058653 -0.164760470 0.297928631 -0.002669573 -0.005227375 0.043044239 0.999055922
1535224880.504408 0.217781991 -0.164102510 0.299547642 -0.002992240 -0.005599562 0.046387468 0.998903394
1535224880.537189 0.220284581 -0.163882434 0.299629986 -0.003398757 -0.005616962 0.049416136 0.998756766
1535224880.571008 0.223039195 -0.163492456 0.300893605 -0.003903558 -0.005788500 0.052746803 0.998583496
1535224880.603789 0.229597822 -0.163620561 0.301228493 -0.004838715 -0.008328728 0.055913258 0.998389184
1535224880.636312 0.232637316 -0.163776204 0.301509351 -0.005795814 -0.008776150 0.058669824 0.998222053
1535224880.669093 0.235600367 -0.163329691 0.301437199 -0.006359240 -0.009177864 0.060509935 0.998105168
1535224880.701874 0.238414511 -0.163195312 0.301413804 -0.007037813 -0.009320619 0.061929110 0.998012245
1535224880.735436 0.240689397 -0.162206993 0.301925510 -0.007396129 -0.008736286 0.063021377 0.997946560
1535224880.768217 0.243697867 -0.161508664 0.302018911 -0.007819740 -0.008810691 0.063887790 0.997887552
1535224880.800998 0.246042460 -0.160325587 0.302656442 -0.007884355 -0.008650346 0.064324751 0.997860432
1535224880.833778 0.247548178 -0.160272241 0.302562445 -0.008468732 -0.008200430 0.064890593 0.997822821
1535224880.867340 0.249876618 -0.160260618 0.302374065 -0.009012608 -0.009030310 0.065364502 0.997779965
1535224880.900121 0.251398861 -0.160959214 0.301254004 -0.009854033 -0.009896882 0.065835200 0.997732818
1535224880.932902 0.252234519 -0.160667405 0.302077949 -0.009926557 -0.010970025 0.066382043 0.997684658
1535224880.965425 0.251811385 -0.159811288 0.303550869 -0.009583429 -0.011666635 0.066447139 0.997675717
1535224881.032027 0.252383679 -0.161439285 0.302647114 -0.010348503 -0.014444627 0.064212978 0.997778058
1535224881.064550 0.251649916 -0.161907241 0.303666562 -0.010297090 -0.014973740 0.062018074 0.997909606
1535224881.097331 0.250820458 -0.162712127 0.304391950 -0.010399854 -0.015067460 0.058616430 0.998112738
1535224881.130112 0.250262409 -0.162549138 0.305288285 -0.009762298 -0.015463293 0.055699956 0.998280048
1535224881.163932 0.249939278 -0.164684445 0.305331439 -0.010345400 -0.016057506 0.052080754 0.998460174
1535224881.196455 0.248840407 -0.165939271 0.305926204 -0.010187455 -0.016168585 0.048920605 0.998619914
1535224881.229235 0.247170895 -0.166320428 0.308562338 -0.009541850 -0.016167505 0.045792036 0.998774588
1535224881.262016 0.246461079 -0.169005468 0.308719784 -0.010089801 -0.017193154 0.042720877 0.998888195
1535224881.295579 0.246416554 -0.171341076 0.309708565 -0.010295182 -0.018749138 0.039839432 0.998977125
1535224881.328359 0.244858265 -0.172910839 0.311669469 -0.010019090 -0.019816047 0.037236448 0.999059796
1535224881.361140 0.243570462 -0.174860716 0.313157231 -0.009807843 -0.021210184 0.034518246 0.999130845
1535224881.393921 0.241924688 -0.176258177 0.314510375 -0.008892975 -0.022101505 0.032125711 0.999199927
1535224881.426443 0.240469813 -0.178780675 0.316576242 -0.008721516 -0.022881005 0.028338322 0.999298453
1535224881.460263 0.240746289 -0.182679161 0.318149358 -0.009060907 -0.024464147 0.024755094 0.999353111
1535224881.493044 0.240244731 -0.185982630 0.320220649 -0.009033066 -0.025132949 0.021218667 0.999418080
1535224881.525567 0.240723118 -0.189073235 0.321288019 -0.008523078 -0.026127944 0.018520810 0.999450684
1535224881.558348 0.241010055 -0.192222923 0.322702348 -0.008060730 -0.026756540 0.015600732 0.999487758
1535224881.592168 0.239766076 -0.195241958 0.326281339 -0.007237227 -0.026444416 0.012985528 0.999539733
1535224881.624691 0.239522085 -0.198986530 0.328286856 -0.006897291 -0.026650587 0.010240989 0.999568582
1535224881.657471 0.239361912 -0.202342331 0.330313236 -0.005901254 -0.026661942 0.008987098 0.999586701
1535224881.690252 0.239740789 -0.204960421 0.331802309 -0.004417044 -0.027096035 0.007124469 0.999597669
1535224881.723033 0.241484374 -0.210808694 0.335167050 -0.005012886 -0.028584160 0.005982938 0.999560952
1535224881.756595 0.241753370 -0.214806020 0.336608261 -0.004152645 -0.029712779 0.005244193 0.999536157
1535224881.789376 0.242168680 -0.220227972 0.339527249 -0.004296297 -0.031327389 0.004444847 0.999490082
1535224881.822156 0.242498621 -0.223278001 0.342671663 -0.002704779 -0.032975268 0.005035683 0.999439836
1535224881.854679 0.243857220 -0.229534701 0.344032735 -0.003242221 -0.035213295 0.005136755 0.999361396
1535224881.888499 0.244701564 -0.232561782 0.345629901 -0.001467313 -0.037356235 0.006029465 0.999282777
1535224881.921280 0.245009810 -0.237287551 0.349652499 -0.001053791 -0.038910463 0.006600205 0.999220431
1535224881.954061 0.244635969 -0.242405236 0.351518363 -0.000792993 -0.040410541 0.007236196 0.999156713
1535224881.986583 0.246951386 -0.248111725 0.354315817 -0.000669589 -0.043084297 0.008196654 0.999037564
1535224882.020403 0.246572137 -0.252675354 0.357013822 0.000077517 -0.044038888 0.008714178 0.998991847
1535224882.053184 0.249419630 -0.256144077 0.358051538 0.002016072 -0.046782468 0.011027351 0.998842239
1535224882.085707 0.250709653 -0.267663717 0.363892406 -0.001989569 -0.049150132 0.010278001 0.998736560
1535224882.118488 0.252425194 -0.271654069 0.366267920 -0.000630340 -0.051338609 0.012029429 0.998608708
1535224882.151269 0.251506448 -0.276877820 0.370212615 -0.000119350 -0.052192934 0.013039383 0.998551965
1535224882.184831 0.252417982 -0.281909913 0.373497367 0.000640678 -0.054243065 0.014661355 0.998419940
1535224882.217612 0.253460050 -0.286365300 0.376128256 0.001910282 -0.056170296 0.017074233 0.998273373
1535224882.250392 0.253835142 -0.291103899 0.379712373 0.002941591 -0.057740722 0.019581249 0.998135328
1535224882.283173 0.253242016 -0.295943916 0.383795053 0.003891564 -0.058556005 0.020924460 0.998057306
1535224882.316735 0.254281849 -0.300924897 0.387129486 0.004812850 -0.060198538 0.022543900 0.997920275
1535224882.349516 0.255272239 -0.305849522 0.390518904 0.005838054 -0.061738346 0.024084575 0.997784674
1535224882.382296 0.256546259 -0.309958756 0.393077910 0.007455980 -0.062955283 0.025991820 0.997650027
1535224882.414819 0.255991668 -0.314302683 0.398178488 0.008721304 -0.063484333 0.026771726 0.997585535
1535224882.447600 0.256498337 -0.318871409 0.401823640 0.010072416 -0.064560488 0.028155556 0.997465670
1535224882.481420 0.256774515 -0.323788583 0.404827029 0.011480485 -0.066288292 0.029858053 0.997287631
1535224882.514201 0.254352391 -0.328183562 0.410252959 0.012627152 -0.066858985 0.031975489 0.997170031
1535224882.546723 0.256192237 -0.332689732 0.412716448 0.014294038 -0.070448503 0.033977080 0.996834159
1535224882.579504 0.254272699 -0.335218042 0.416768968 0.017011566 -0.071818635 0.036180079 0.996616185
1535224882.613324 0.254786283 -0.339200050 0.421086162 0.018909751 -0.074151009 0.036862429 0.996386111
1535224882.645847 0.255591899 -0.347746938 0.424670458 0.017691216 -0.075908937 0.035777777 0.996315598
1535224882.678628 0.254067421 -0.351623952 0.428874284 0.019643115 -0.075532399 0.033805437 0.996376574
1535224882.711409 0.253762066 -0.354334354 0.433230281 0.022192562 -0.074998699 0.032125510 0.996418893
1535224882.777753 0.253000826 -0.361400455 0.442382962 0.026410738 -0.072210498 0.026761640 0.996680498
1535224882.810534 0.252332836 -0.363505155 0.446423918 0.029473288 -0.069996655 0.024015447 0.996822536
1535224882.843315 0.252368957 -0.366733253 0.451322883 0.031720735 -0.068125457 0.021263804 0.996945620
1535224882.875838 0.250988245 -0.368855238 0.456317157 0.034830786 -0.065873973 0.018511204 0.997048020
1535224882.909658 0.250460833 -0.371866971 0.459890693 0.037310172 -0.064687349 0.016427860 0.997072577
1535224882.942438 0.249993816 -0.375596285 0.464574993 0.039361805 -0.064540446 0.014674993 0.997030497
1535224882.974962 0.249302849 -0.379892081 0.470008224 0.040704966 -0.064721294 0.014180282 0.996972024
1535224883.007742 0.249765530 -0.384624630 0.472646147 0.042203341 -0.065729305 0.014696627 0.996836305
1535224883.041562 0.249420434 -0.385850847 0.475419223 0.045297317 -0.066234000 0.016076878 0.996645808
1535224883.074343 0.247506469 -0.391156852 0.481449157 0.046365645 -0.066392101 0.015552074 0.996594429
1535224883.106865 0.246794000 -0.394373775 0.486628860 0.047887970 -0.066736072 0.015518604 0.996500015
1535224883.139646 0.246645421 -0.397178620 0.490572691 0.049678586 -0.067185111 0.015050896 0.996389329
1535224883.172427 0.245878145 -0.400946558 0.497121722 0.050540663 -0.067053668 0.014676621 0.996360421
1535224883.205989 0.245647907 -0.403408259 0.502202511 0.052140560 -0.066745646 0.014220464 0.996305346
1535224883.238770 0.243512541 -0.406030983 0.507550001 0.053505588 -0.065477803 0.011956892 0.996346772
1535224883.271551 0.242458671 -0.409280449 0.512054324 0.054195989 -0.064154990 0.010146787 0.996415615
1535224883.304074 0.245593473 -0.411001027 0.515115261 0.055669129 -0.064745560 0.010757156 0.996289730
1535224883.337894 0.246828631 -0.414739221 0.518763602 0.055840407 -0.064995944 0.008850953 0.996282637
1535224883.370674 0.246314541 -0.416544139 0.522843778 0.056799907 -0.064196326 0.007372409 0.996292233
1535224883.403455 0.246550843 -0.419245303 0.528877735 0.056899708 -0.064581811 0.006459634 0.996268034
1535224883.435978 0.245194867 -0.420333922 0.534398735 0.057918485 -0.064757533 0.005466562 0.996203840
1535224883.468759 0.246490538 -0.426069468 0.535389125 0.056165680 -0.066142313 0.004939712 0.996215940
1535224883.502579 0.245402962 -0.428105503 0.542095542 0.056212436 -0.067093335 0.004493389 0.996151865
1535224883.535102 0.245167464 -0.428249121 0.547781348 0.057226580 -0.067961879 0.004659122 0.996034503
1535224883.567883 0.244355455 -0.430440485 0.552856803 0.057206623 -0.068692863 0.004583654 0.995985866
1535224883.600664 0.245378569 -0.433237493 0.556750000 0.056868721 -0.070267901 0.005161944 0.995892465
1535224883.634226 0.244901434 -0.434959173 0.561383605 0.056600627 -0.070709459 0.004822142 0.995878220
1535224883.667006 0.245429605 -0.437849432 0.564507723 0.056123715 -0.071438760 0.004208371 0.995855927
1535224883.699787 0.246236160 -0.441013098 0.569301188 0.055392928 -0.072468579 0.003698993 0.995824397
1535224883.732568 0.245722607 -0.442974508 0.573949099 0.055093504 -0.072497793 0.004173705 0.995837033
1535224883.766130 0.246063113 -0.444980204 0.578915119 0.054752853 -0.073148549 0.002988810 0.995812476
1535224883.798911 0.245639294 -0.446329504 0.584784627 0.054875292 -0.073415205 0.001667495 0.995789230
1535224883.831692 0.245561823 -0.449393779 0.588734210 0.053746920 -0.074008837 0.002038447 0.995806098
1535224883.864215 0.245151624 -0.452836245 0.593021691 0.052539818 -0.074641921 0.001620140 0.995824099
1535224883.896996 0.244233057 -0.454738766 0.597852409 0.052518498 -0.075565509 0.001336041 0.995755970
1535224883.930815 0.243091106 -0.456844360 0.604403377 0.051972609 -0.076390699 0.002018155 0.995720506
1535224883.963596 0.242423043 -0.457977772 0.608418882 0.052370366 -0.078033797 0.001201289 0.995573521
1535224883.996119 0.241057843 -0.461864680 0.612921357 0.051313948 -0.079007410 0.001228218 0.995551705
1535224884.028900 0.240388542 -0.463897437 0.617958903 0.051464014 -0.080051310 0.001550165 0.995460093
1535224884.062720 0.238388047 -0.466914535 0.621856809 0.051515795 -0.079877988 0.001317620 0.995471716
1535224884.095243 0.238714114 -0.471623510 0.627478600 0.050269108 -0.080790132 -0.000081049 0.995462716
1535224884.128024 0.235843375 -0.471669048 0.632697165 0.052062314 -0.078900285 -0.000443141 0.995522022
1535224884.160805 0.235086069 -0.473582983 0.637203932 0.053027082 -0.078220583 -0.001906581 0.995523036
1535224884.193585 0.235141248 -0.478233010 0.640752196 0.052441664 -0.078145243 -0.003930878 0.995554030
1535224884.227147 0.235438585 -0.482932925 0.644799411 0.051983748 -0.077500530 -0.004855619 0.995624304
1535224884.259928 0.234812275 -0.483955264 0.650599182 0.053374212 -0.076548383 -0.005433475 0.995621443
1535224884.292709 0.232334331 -0.486829907 0.655820251 0.053873278 -0.074709155 -0.007070888 0.995724022
1535224884.325232 0.233271271 -0.491814733 0.660113692 0.053231478 -0.074187025 -0.007783456 0.995792210
1535224884.359051 0.232264727 -0.495062053 0.664783537 0.053584248 -0.072372355 -0.009330960 0.995893538
1535224884.391832 0.232614443 -0.495873660 0.668794751 0.055382267 -0.071491115 -0.011058872 0.995841146
1535224884.424355 0.232436314 -0.499114364 0.672439694 0.055528805 -0.069846869 -0.011821476 0.995940924
1535224884.457136 0.230590150 -0.508361459 0.678434670 0.052435465 -0.068689361 -0.014880070 0.996148050
1535224884.523739 0.232137546 -0.515261590 0.687956214 0.052945338 -0.069558598 -0.015208424 0.996055782
1535224884.556261 0.234360144 -0.521849632 0.691212475 0.051124442 -0.071946487 -0.014843372 0.995986819
1535224884.589042 0.230036527 -0.521529853 0.697366476 0.052798055 -0.071419328 -0.014501992 0.995942473
1535224884.621823 0.229909480 -0.524273157 0.698822141 0.053271532 -0.073344611 -0.013979782 0.995784819
1535224884.655385 0.229302987 -0.527140677 0.705312669 0.053017940 -0.075321727 -0.012368521 0.995672107
1535224884.688166 0.228702575 -0.533348739 0.710053205 0.051085632 -0.077781834 -0.011328957 0.995596290
1535224884.720947 0.228457451 -0.534533858 0.713457048 0.052174319 -0.080839135 -0.012217808 0.995285690
1535224884.753727 0.227203324 -0.537863553 0.717204750 0.051358826 -0.082492679 -0.009973862 0.995217502
1535224884.787289 0.225991651 -0.543151259 0.722360551 0.049704686 -0.085089691 -0.009278690 0.995089531
1535224884.820070 0.223602146 -0.545811892 0.724947453 0.049444705 -0.086111344 -0.007266402 0.995031297
1535224884.852851 0.223714456 -0.553952754 0.730371535 0.045460101 -0.088888891 -0.008874508 0.994964063
1535224884.885373 0.223181203 -0.554634511 0.734951496 0.046574943 -0.090182953 -0.009011365 0.994794786
1535224884.918154 0.221040815 -0.559258699 0.741223931 0.044269957 -0.089444883 -0.009174263 0.994965136
1535224884.951974 0.220675826 -0.563444555 0.747142255 0.042439047 -0.089179203 -0.009002392 0.995070398
1535224884.984497 0.222807765 -0.565597892 0.753834307 0.041780423 -0.090382032 -0.008385584 0.994995117
1535224885.017278 0.220003754 -0.566930294 0.759684801 0.041453674 -0.088818192 -0.009462046 0.995139897
1535224885.050059 0.220339686 -0.568796933 0.766105950 0.040878538 -0.089260630 -0.009082024 0.995127678
1535224885.083879 0.220988348 -0.572343290 0.772118092 0.039456621 -0.089990593 -0.008096040 0.995127857
1535224885.116401 0.221106231 -0.574822426 0.777390957 0.038661916 -0.090367168 -0.007305317 0.995131016
1535224885.149182 0.219679326 -0.577650607 0.784366548 0.037667092 -0.090104133 -0.007272029 0.995193303
1535224885.181963 0.220407590 -0.578312039 0.788726151 0.038118094 -0.090526961 -0.006307502 0.995144248
1535224885.248307 0.219783485 -0.581528664 0.801695228 0.038282119 -0.089704961 -0.004330411 0.995223045
1535224885.281088 0.217772827 -0.585085869 0.805667520 0.037272282 -0.087746166 -0.004596913 0.995434701
1535224885.313869 0.217010632 -0.584998846 0.811528325 0.038506147 -0.086366348 -0.004044431 0.995510876
1535224885.346391 0.218467399 -0.596128047 0.821593106 0.032805923 -0.087228343 -0.006862955 0.995624423
1535224885.380211 0.217801884 -0.599123538 0.826769531 0.032520257 -0.085986651 -0.007839446 0.995734572
1535224885.412992 0.216304988 -0.601091743 0.834237516 0.032355346 -0.084375255 -0.007450871 0.995880723
1535224885.445515 0.216515049 -0.604050159 0.840063512 0.031963125 -0.084091306 -0.007433014 0.995917559
1535224885.478296 0.216609851 -0.607687712 0.845190346 0.030848613 -0.084143773 -0.007076343 0.995950937
1535224885.512116 0.214129210 -0.608844161 0.852810979 0.031079026 -0.083427727 -0.007821903 0.995998323
1535224885.544639 0.213543504 -0.608662844 0.859096110 0.032230880 -0.083597288 -0.006122524 0.995959401
1535224885.577420 0.212074175 -0.611819983 0.863616884 0.031016234 -0.083635472 -0.005620896 0.995997787
1535224885.610200 0.210192695 -0.615463495 0.870111346 0.029583802 -0.083786242 -0.006276406 0.996024787
1535224885.642981 0.213735402 -0.617971599 0.875365257 0.028614592 -0.086923294 -0.005498581 0.995788813
1535224885.676543 0.212779388 -0.618854463 0.879898131 0.028859975 -0.086445235 -0.004661105 0.995827615
1535224885.709323 0.211423501 -0.623368025 0.889609873 0.026125390 -0.087075643 -0.006288132 0.995839298
1535224885.742104 0.210102960 -0.625285625 0.893188894 0.026325742 -0.086747885 -0.008323490 0.995847642
1535224885.774627 0.207911670 -0.624940634 0.900243759 0.027010895 -0.086287752 -0.009933478 0.995854557
1535224885.808447 0.208566323 -0.624943554 0.902359426 0.028627403 -0.087182678 -0.009715811 0.995733559
1535224885.841228 0.205694556 -0.625729203 0.907113552 0.028728670 -0.086489640 -0.011039975 0.995777309
1535224885.874009 0.203534469 -0.627908111 0.914085448 0.028981246 -0.086281300 -0.011244183 0.995785713
1535224885.906531 0.200366318 -0.624235272 0.917240858 0.032829657 -0.085230440 -0.012827980 0.995737672
1535224885.939312 0.205712616 -0.635939479 0.923694551 0.026449423 -0.090823308 -0.016666608 0.995376229
1535224885.973132 0.205413967 -0.639587820 0.928718626 0.025962364 -0.092014998 -0.018310163 0.995250702
1535224886.005655 0.205896869 -0.640881836 0.932849765 0.026550610 -0.093859389 -0.019872934 0.995032966
1535224886.038436 0.204237878 -0.641327202 0.938543916 0.027553240 -0.094703965 -0.020817352 0.994906366
1535224886.071217 0.201296613 -0.646185994 0.942689836 0.026045023 -0.095443621 -0.024182174 0.994800210
1535224886.104779 0.203029916 -0.647469223 0.947022140 0.026555704 -0.098611802 -0.023375144 0.994496942
1535224886.137560 0.196829170 -0.646816432 0.951926053 0.028441904 -0.097560056 -0.025794402 0.994488716
1535224886.170340 0.203764692 -0.653569579 0.953016877 0.025773888 -0.104275405 -0.025485091 0.993887782
1535224886.203121 0.197487116 -0.653939545 0.957659721 0.026934110 -0.103933014 -0.029200105 0.993790627
1535224886.236683 0.198640808 -0.657488167 0.964452684 0.026216445 -0.107784837 -0.030147988 0.993371129
1535224886.269464 0.201154947 -0.661621511 0.968557119 0.025201501 -0.111901954 -0.029813310 0.992952168
1535224886.302244 0.202161372 -0.663669884 0.973008454 0.025347682 -0.115373887 -0.030125599 0.992541611
1535224886.334767 0.194907978 -0.663288832 0.979185104 0.026697896 -0.114042871 -0.032797232 0.992575347
1535224886.367548 0.190549061 -0.666035593 0.984049201 0.026018089 -0.113942571 -0.033071328 0.992595851
1535224886.401368 0.187769145 -0.665609121 0.990093827 0.027806738 -0.115227215 -0.033727150 0.992376983
1535224886.434149 0.187770978 -0.669145346 0.994134009 0.026946036 -0.117642172 -0.033092450 0.992138684
1535224886.466671 0.189289719 -0.674260616 0.997829854 0.025243444 -0.121153362 -0.031948041 0.991798341
1535224886.499452 0.186997533 -0.675821662 1.004543304 0.025563426 -0.122557111 -0.031167518 0.991642535
1535224886.533272 0.187363699 -0.681241989 1.008080959 0.023542825 -0.125296414 -0.029868038 0.991390169
1535224886.565795 0.186715662 -0.683216989 1.013498902 0.023808759 -0.127054334 -0.028913382 0.991188347
1535224886.598576 0.184093565 -0.684156954 1.019188404 0.024168873 -0.127342016 -0.026022641 0.991222858
1535224886.631357 0.183036596 -0.687171817 1.024612904 0.023418708 -0.128171325 -0.024139460 0.991181612
1535224886.663880 0.181289211 -0.690075815 1.030312896 0.022861108 -0.128492877 -0.023025729 0.991179526
1535224886.697700 0.180538461 -0.696045101 1.033735514 0.020655407 -0.129251689 -0.023123987 0.991126955
1535224886.730480 0.179780394 -0.696644902 1.040319204 0.021713156 -0.129924968 -0.022338055 0.991034389
1535224886.763261 0.178191066 -0.700427353 1.044353366 0.020550979 -0.129819110 -0.021832706 0.991084278
1535224886.795784 0.176741168 -0.700465143 1.050600410 0.021711482 -0.129906148 -0.020389412 0.991078854
1535224886.829604 0.174555719 -0.706302643 1.055356503 0.019377433 -0.129911453 -0.021421053 0.991104782
1535224886.862385 0.172810405 -0.711919785 1.059888601 0.017138762 -0.130153537 -0.021795100 0.991106153
1535224886.894908 0.173841536 -0.711726606 1.066231251 0.018218536 -0.132011235 -0.019118492 0.990896404
1535224886.927689 0.172167927 -0.714949489 1.070750594 0.017612051 -0.132142991 -0.019374726 0.990884840
1535224886.994034 0.167969853 -0.720447779 1.081546307 0.016622223 -0.132004306 -0.019006746 0.990927517
1535224887.026814 0.167237461 -0.724563122 1.085988402 0.015388865 -0.132411122 -0.017881341 0.990914106
1535224887.059595 0.167671368 -0.726573706 1.091477394 0.015281606 -0.133476272 -0.017179647 0.990785241
1535224887.092376 0.165633425 -0.727579594 1.097102880 0.015879776 -0.132957399 -0.017162802 0.990845919
1535224887.125938 0.164430752 -0.733356416 1.102178574 0.013820408 -0.133193791 -0.017834127 0.990833163
1535224887.158719 0.163137794 -0.736201644 1.107720137 0.013385911 -0.133312494 -0.017492266 0.990829289
1535224887.191500 0.162995100 -0.739813268 1.112411857 0.012456236 -0.133937165 -0.017084485 0.990764260
1535224887.224023 0.161046326 -0.743292987 1.117814422 0.011710851 -0.134220630 -0.018327305 0.990712821
1535224887.257843 0.160240978 -0.746175468 1.123632908 0.011189700 -0.134831458 -0.017139845 0.990657151
1535224887.290623 0.159655571 -0.752151132 1.127914071 0.009108880 -0.136064440 -0.019299729 0.990470111
1535224887.323404 0.157328978 -0.754653215 1.134072065 0.008784688 -0.136079773 -0.019144632 0.990473986
1535224887.355927 0.157134145 -0.758065104 1.139226317 0.008089961 -0.137517735 -0.019110907 0.990281880
1535224887.388708 0.156012550 -0.760825217 1.145464301 0.007643509 -0.138650775 -0.019513303 0.990119636
1535224887.422528 0.154656962 -0.764156461 1.150521994 0.007132128 -0.139239907 -0.019367291 0.990043581
1535224887.455051 0.153590709 -0.768505812 1.156652927 0.005758296 -0.140455902 -0.019584412 0.989876509
1535224887.487832 0.152256399 -0.772587717 1.161193609 0.004833779 -0.141618177 -0.020825528 0.989690483
1535224887.520613 0.150591597 -0.775269806 1.166407108 0.004608755 -0.142592326 -0.020782044 0.989552617
1535224887.554175 0.148767814 -0.781575561 1.172338843 0.002007836 -0.143496498 -0.021844028 0.989407718
1535224887.586956 0.146490619 -0.784734488 1.177485943 0.001474056 -0.144134566 -0.023159930 0.989286005
1535224887.619736 0.145029023 -0.787309051 1.183490515 0.001364084 -0.145189553 -0.022720419 0.989142060
1535224887.652517 0.142821044 -0.791540682 1.188156843 0.000261551 -0.146055758 -0.023895796 0.988987684
1535224887.685040 0.141061857 -0.794828713 1.193337202 -0.000369545 -0.147574365 -0.024784712 0.988740385
1535224887.718860 0.138734162 -0.796813965 1.199173450 -0.000284427 -0.148540154 -0.024795223 0.988595486
1535224887.751641 0.137595043 -0.801236391 1.204551578 -0.001507114 -0.150370419 -0.025275415 0.988305449
1535224887.784164 0.135724440 -0.806691527 1.208405137 -0.003504834 -0.151314795 -0.026053337 0.988136053
1535224887.816945 0.133780167 -0.808762074 1.213293672 -0.003281598 -0.152278796 -0.027114147 0.987960160
1535224887.850765 0.131096929 -0.811688960 1.219292641 -0.003725173 -0.152912989 -0.028313460 0.987827003
1535224887.883545 0.130595416 -0.814522982 1.223555446 -0.003668753 -0.154407054 -0.028940191 0.987576604
1535224887.916068 0.128276154 -0.818123281 1.228616834 -0.004468792 -0.154928893 -0.029905338 0.987462819
1535224887.948849 0.127376437 -0.821534753 1.233618498 -0.004850408 -0.156200662 -0.030524105 0.987241685
1535224887.982669 0.126184255 -0.825101376 1.238251805 -0.005362609 -0.157378361 -0.031678941 0.987015605
1535224888.015192 0.123038247 -0.826789021 1.243793845 -0.004741436 -0.157131180 -0.032045495 0.987046301
1535224888.047972 0.122144327 -0.830316842 1.249030471 -0.005212770 -0.158128560 -0.032900818 0.986856520
1535224888.080753 0.119501770 -0.833327174 1.252634645 -0.005146483 -0.157943368 -0.035153631 0.986808896
1535224888.113534 0.117972858 -0.836500466 1.257907748 -0.005602929 -0.158201382 -0.035833277 0.986740589
1535224888.147095 0.116927624 -0.842183352 1.263457775 -0.007533596 -0.159394488 -0.037772954 0.986463308
1535224888.179876 0.114963643 -0.843367040 1.269247890 -0.006888355 -0.160112366 -0.039298929 0.986292124
1535224888.245180 0.112637885 -0.848774433 1.278952837 -0.007305967 -0.163003564 -0.041374855 0.985730529
1535224888.279000 0.109859921 -0.851036787 1.284829021 -0.007369078 -0.163870767 -0.042534545 0.985536873
1535224888.311781 0.108159691 -0.853027046 1.289795876 -0.007347061 -0.165377900 -0.043733798 0.985232770
1535224888.344304 0.106542200 -0.858240783 1.294389486 -0.009441195 -0.166964054 -0.044530284 0.984911680
1535224888.377085 0.105563581 -0.860326290 1.299230814 -0.009216302 -0.168888062 -0.045031708 0.984562874
1535224888.409865 0.103244156 -0.862233758 1.304326296 -0.009123434 -0.169803903 -0.046468582 0.984339416
1535224888.443685 0.102653101 -0.865347266 1.309301257 -0.009474796 -0.171777904 -0.047447510 0.983946800
1535224888.476208 0.100702241 -0.867389500 1.313861132 -0.009078924 -0.172968522 -0.050026469 0.983614206
1535224888.508989 0.099586442 -0.869898677 1.318645000 -0.009169591 -0.174522579 -0.051003985 0.983288586
1535224888.541770 0.098392300 -0.873164296 1.324002981 -0.009799699 -0.176124930 -0.051907632 0.982949495
1535224888.575332 0.095994249 -0.874046206 1.328343034 -0.008515701 -0.177115455 -0.054082230 0.982666135
1535224888.608112 0.094964243 -0.878067553 1.333728790 -0.009711665 -0.179127127 -0.054192904 0.982284248
1535224888.640893 0.092078194 -0.879145861 1.338325381 -0.008709070 -0.180097669 -0.056198645 0.982003391
1535224888.673674 0.090087786 -0.880929291 1.343153000 -0.008221994 -0.181832671 -0.057498615 0.981612563
1535224888.740018 0.086105585 -0.887980282 1.352039933 -0.009228194 -0.185636967 -0.059908103 0.980747104
1535224888.772799 0.084243290 -0.891675830 1.356381297 -0.009763491 -0.187527850 -0.060529184 0.980343938
1535224888.805322 0.083011143 -0.893723369 1.361593246 -0.009030181 -0.190084398 -0.061368212 0.979806304
1535224888.838103 0.081717417 -0.895865619 1.365886092 -0.008405895 -0.192500338 -0.061891697 0.979307115
1535224888.871923 0.080105357 -0.896776915 1.369660854 -0.006630072 -0.194997445 -0.063235618 0.978740692
1535224888.904446 0.076187015 -0.902215421 1.374029875 -0.008193257 -0.196298212 -0.065205790 0.978339434
1535224888.937227 0.073977381 -0.905963540 1.378542662 -0.008396718 -0.198397040 -0.065896519 0.977868021
1535224888.970008 0.070710547 -0.909338355 1.382204056 -0.008314972 -0.199937731 -0.067874648 0.977419496
1535224889.003828 0.068333738 -0.912914634 1.386899710 -0.008185972 -0.202342346 -0.069025286 0.976844966
1535224889.036350 0.066256493 -0.916305244 1.392291903 -0.007988726 -0.204860970 -0.070434667 0.976220846
1535224889.069131 0.063178442 -0.919069111 1.396143794 -0.007164902 -0.206975535 -0.072047397 0.975663364
1535224889.101912 0.058207877 -0.921796143 1.402229786 -0.006846610 -0.208357915 -0.075074047 0.975143075
1535224889.134434 0.055695713 -0.923914611 1.406588912 -0.005783876 -0.211052150 -0.076261371 0.974478245
1535224889.168254 0.051822729 -0.928569376 1.409605622 -0.006090490 -0.213159412 -0.077786461 0.973897040
1535224889.233816 0.044603154 -0.932220459 1.418239594 -0.003882464 -0.217649728 -0.080305479 0.972709894
1535224889.266339 0.041892163 -0.936852276 1.422241449 -0.004572089 -0.220857173 -0.081122577 0.971915901
1535224889.300159 0.039973028 -0.940166891 1.427006721 -0.004033566 -0.224729553 -0.082273558 0.970933318
1535224889.332939 0.034157902 -0.944051862 1.432129145 -0.004470733 -0.226261795 -0.084488079 0.970385194
1535224889.365462 0.030265413 -0.946580410 1.435818791 -0.003737941 -0.228349417 -0.086265773 0.969742715
1535224889.398243 0.027697168 -0.949105978 1.439736724 -0.002851621 -0.231184989 -0.088296682 0.968890667
1535224889.464588 0.020314179 -0.954985619 1.448474884 -0.001681946 -0.234864458 -0.092681251 0.967598140
1535224889.497369 0.016772605 -0.956624508 1.454131722 -0.000308006 -0.236907959 -0.095059030 0.966870368
1535224889.530149 0.013109148 -0.959861875 1.458218217 -0.000097018 -0.238836497 -0.098004840 0.966101527
1535224889.562930 0.011113361 -0.963125587 1.462242842 0.000305459 -0.241605759 -0.099658310 0.965243399
1535224889.596492 0.004678033 -0.965660870 1.466844559 0.000692047 -0.242284849 -0.103061579 0.964715481
1535224889.629273 0.001102507 -0.966767788 1.471076131 0.002066015 -0.244444281 -0.105134130 0.963944852
1535224889.662054 -0.002127916 -0.969353497 1.474902272 0.002434216 -0.246975332 -0.106236972 0.963177562
1535224889.694577 -0.006263942 -0.972545803 1.478923321 0.002264806 -0.249371529 -0.108375601 0.962321877
1535224889.728397 -0.009127691 -0.973616481 1.482793331 0.003555814 -0.252622694 -0.109682098 0.961321533
1535224889.761177 -0.012865782 -0.976493835 1.485905290 0.003527727 -0.255114049 -0.111420833 0.960463345
1535224889.793700 -0.015767142 -0.978520632 1.490681291 0.003912181 -0.258391708 -0.113343149 0.959360123
1535224889.826481 -0.019933999 -0.979783297 1.494639754 0.004940073 -0.260513991 -0.114986680 0.958585560
1535224889.859262 -0.024246126 -0.982548833 1.498269558 0.004918081 -0.262852788 -0.117936254 0.957588315
1535224889.893082 -0.027813032 -0.984552264 1.502492309 0.005550061 -0.265276998 -0.119492970 0.956722975
1535224889.925605 -0.031111181 -0.986091375 1.506315589 0.006004802 -0.267703056 -0.120920971 0.955864608
1535224889.958386 -0.034420550 -0.988744318 1.509407043 0.006201263 -0.269966096 -0.122365497 0.955042779
1535224889.991166 -0.036401987 -0.990162730 1.513439178 0.007115547 -0.273156792 -0.123656467 0.953962207
1535224890.024729 -0.040203214 -0.992028534 1.517778397 0.007376950 -0.275244564 -0.124620475 0.953234375
1535224890.057509 -0.045167431 -0.993978977 1.521528959 0.007771861 -0.276987493 -0.127635971 0.952326953
1535224890.090290 -0.048674077 -0.995743573 1.525391459 0.008311673 -0.279214859 -0.129430160 0.951429427
1535224890.123071 -0.051217303 -0.997647524 1.528873801 0.008964932 -0.281949520 -0.131185189 0.950376034
1535224890.155594 -0.054504141 -0.998834193 1.532671332 0.009772247 -0.284164548 -0.133298859 0.949413776
1535224890.189414 -0.057524383 -1.000761747 1.536802769 0.010343972 -0.287095517 -0.134894580 0.948299885
1535224890.222195 -0.061178878 -1.003721476 1.538517594 0.010407307 -0.289062232 -0.137073711 0.947388887
1535224890.254718 -0.065198705 -1.005557537 1.542706490 0.010748962 -0.291631132 -0.138853312 0.946337998
1535224890.287498 -0.069541469 -1.007087827 1.546609521 0.011229002 -0.293895483 -0.140286013 0.945420146
1535224890.321318 -0.073272452 -1.010165811 1.549700618 0.011173544 -0.296995729 -0.142334476 0.944144905
1535224890.353841 -0.077705413 -1.011053324 1.553576231 0.011985280 -0.299443215 -0.143444762 0.943193436
1535224890.386622 -0.081141174 -1.014150977 1.555980206 0.011902717 -0.302356243 -0.145772666 0.941907346
1535224890.419403 -0.085634068 -1.015620470 1.559668899 0.012223684 -0.305331498 -0.147168547 0.940725625
1535224890.453223 -0.090734288 -1.018519402 1.561568618 0.011987826 -0.307713777 -0.149173141 0.939636111
1535224890.485746 -0.094878972 -1.019307017 1.565304995 0.012321239 -0.310869753 -0.149466366 0.938545704
1535224890.518527 -0.098055109 -1.023315191 1.567846894 0.011124865 -0.314738184 -0.150757015 0.937063813
1535224890.551307 -0.103099957 -1.021947980 1.569872975 0.013247492 -0.316884190 -0.151484907 0.936195135
1535224890.583831 -0.107133865 -1.025900126 1.572232008 0.011969315 -0.320214242 -0.153589934 0.934735119
1535224890.617651 -0.112733856 -1.028024912 1.575210094 0.012129015 -0.322639287 -0.155423731 0.933595300
1535224890.650431 -0.117790699 -1.030379534 1.577891111 0.011950366 -0.324921727 -0.157660663 0.932430267
1535224890.683212 -0.121598601 -1.031831145 1.580787539 0.012410465 -0.327633530 -0.159213752 0.931210697
1535224890.715734 -0.126048207 -1.033350706 1.583534122 0.013014706 -0.329525441 -0.161200657 0.930192411
1535224890.749554 -0.130210921 -1.036399007 1.585828185 0.013009388 -0.331889302 -0.164196193 0.928827167
1535224890.782335 -0.135563791 -1.036960840 1.588209033 0.013913585 -0.332840383 -0.166086420 0.928137362
1535224890.814858 -0.138912052 -1.039351940 1.591741085 0.014097890 -0.335771024 -0.168231368 0.926691651
1535224890.847639 -0.143183887 -1.042677045 1.593817711 0.013611989 -0.337758809 -0.171192124 0.925433397
1535224890.880420 -0.147870556 -1.043274403 1.597543955 0.014479663 -0.340096682 -0.172996953 0.924227595
1535224890.913982 -0.153565809 -1.045811415 1.599868059 0.014100196 -0.341907173 -0.175571159 0.923079371
1535224890.979543 -0.156768009 -1.047722340 1.603082776 0.014478815 -0.345797002 -0.177830860 0.921189964
1535224891.012324 -0.156406313 -1.049946785 1.609809041 0.015344149 -0.353996962 -0.180656716 0.917504132
1535224891.045887 -0.161091626 -1.051306367 1.612647295 0.015811805 -0.356637031 -0.182170644 0.916173518
1535224891.078667 -0.178162441 -1.053114653 1.615787029 0.014915444 -0.354579002 -0.186880589 0.916038692
1535224891.111448 -0.182535157 -1.055894852 1.617418647 0.014618472 -0.356744170 -0.188198254 0.914932430
1535224891.143971 -0.186824694 -1.056336522 1.621263981 0.015635801 -0.359447420 -0.190058798 0.913471818
1535224891.210574 -0.195482433 -1.058868170 1.626926064 0.017174777 -0.363997996 -0.193675533 0.910878837
1535224891.243355 -0.200164378 -1.060164094 1.629945874 0.017483404 -0.365677834 -0.195137739 0.909887612
1535224891.275877 -0.203638643 -1.062275410 1.632361650 0.017989503 -0.367824107 -0.196003467 0.908825874
1535224891.308658 -0.207647711 -1.063687086 1.636389136 0.018782547 -0.370156139 -0.197077662 0.907629907
1535224891.342478 -0.212597132 -1.066883683 1.638597012 0.018611966 -0.371352673 -0.199308813 0.906656981
1535224891.407782 -0.218904436 -1.071343541 1.643985748 0.019944329 -0.374828964 -0.200684369 0.904892981
1535224891.440562 -0.222849250 -1.073345900 1.647224426 0.020889426 -0.376523584 -0.202213928 0.903827012
1535224891.474124 -0.226357669 -1.075572729 1.650230408 0.021811059 -0.378248513 -0.202730089 0.902968943
1535224891.506905 -0.230888039 -1.078185081 1.652673125 0.022089763 -0.379411429 -0.203688890 0.902258217
1535224891.539686 -0.234853894 -1.081082106 1.655298471 0.022495780 -0.381049097 -0.204889342 0.901285708
1535224891.572467 -0.238791764 -1.083855152 1.657800674 0.022898966 -0.382680565 -0.205595255 0.900423169
1535224891.638810 -0.246846020 -1.089352131 1.663144946 0.023243889 -0.387287199 -0.206504941 0.898233831
1535224891.671591 -0.251372784 -1.091906548 1.665933728 0.023425704 -0.389650404 -0.206988335 0.897095144
1535224891.736894 -0.259901047 -1.097546577 1.670514226 0.023780899 -0.394512862 -0.208649635 0.894572198
1535224891.770714 -0.263914526 -1.100631356 1.673069596 0.023833448 -0.397453785 -0.209537178 0.893060327
1535224891.803495 -0.268774778 -1.102527380 1.675888896 0.024644667 -0.399875164 -0.210464805 0.891738236
1535224891.868798 -0.277920961 -1.108441591 1.679603338 0.025207382 -0.404520571 -0.213090882 0.888999403
1535224891.901579 -0.283162147 -1.109128833 1.682241082 0.026596392 -0.406735539 -0.214203775 0.887679935
1535224891.935141 -0.287167460 -1.112739563 1.683784008 0.026848432 -0.409556270 -0.216100767 0.885913849
1535224891.967922 -0.291731358 -1.116329551 1.685648203 0.026744353 -0.412293911 -0.217470631 0.884310484
1535224892.000703 -0.297414154 -1.117684126 1.687469840 0.027993241 -0.414189786 -0.218763903 0.883066058
1535224892.033484 -0.301554203 -1.120938420 1.689037085 0.028079206 -0.416707486 -0.219747484 0.881633401
1535224892.067045 -0.307488561 -1.125706315 1.690648317 0.027610121 -0.419005185 -0.222566485 0.879850328
1535224892.099826 -0.312920928 -1.126258612 1.693424463 0.029391605 -0.421475381 -0.223162338 0.878460705
1535224892.132607 -0.318126261 -1.127067089 1.695440292 0.030811815 -0.423767984 -0.223960906 0.877104819
1535224892.198950 -0.327868640 -1.135668993 1.699311256 0.030115250 -0.429661810 -0.226952329 0.873485208
1535224892.231731 -0.333291501 -1.137557864 1.700617313 0.031132072 -0.431545019 -0.228131413 0.872213185
1535224892.297035 -0.342833519 -1.143323183 1.704325914 0.032157447 -0.435729504 -0.229811549 0.869650781
1535224892.363635 -0.353649557 -1.147495985 1.708259344 0.034415066 -0.438820511 -0.232843056 0.867200315
1535224892.428938 -0.364478379 -1.153210163 1.712920308 0.035930037 -0.441902786 -0.236343890 0.864622772
1535224892.495281 -0.374709100 -1.158079147 1.719764709 0.036865879 -0.446035475 -0.237065539 0.862260580
1535224892.560843 -0.384703487 -1.162520170 1.724073529 0.038228437 -0.450213909 -0.238495797 0.859631240
1535224892.626147 -0.395976931 -1.166210175 1.730739713 0.038362470 -0.454587996 -0.238454282 0.857331693
1535224892.659967 -0.401440501 -1.169079542 1.732932568 0.038264006 -0.456608087 -0.238438711 0.856266260
1535224892.725271 -0.411695302 -1.172188282 1.737090111 0.039296769 -0.460446745 -0.237927854 0.854303777
1535224892.791871 -0.421858698 -1.176953912 1.741044521 0.039784841 -0.463735074 -0.237314656 0.852671564
1535224892.857175 -0.432351053 -1.180794835 1.745976925 0.041520316 -0.466739327 -0.237945423 0.850771725
1535224892.956300 -0.447076142 -1.187541366 1.752463698 0.044232104 -0.470602721 -0.238818839 0.848258376
1535224893.071295 -0.461020738 -1.194579720 1.758851528 0.046695925 -0.474400014 -0.239316687 0.845867395
1535224893.153508 -0.475823462 -1.200865507 1.764498353 0.049189460 -0.478770703 -0.238725543 0.843427062
1535224893.220109 -0.486626029 -1.204581976 1.768211603 0.050178524 -0.482676774 -0.237421557 0.841508389
1535224893.285413 -0.498630524 -1.209179878 1.771487713 0.049800213 -0.486555845 -0.236103982 0.839665592
1535224893.350975 -0.508141279 -1.213627338 1.773645282 0.049876854 -0.490635544 -0.234728798 0.837670326
1535224893.384537 -0.513645232 -1.217550278 1.775243998 0.049942706 -0.493219584 -0.236627012 0.835612237
1535224893.450098 -0.524226308 -1.220826864 1.778776765 0.050856695 -0.497294366 -0.235893175 0.833346546
1535224893.516441 -0.534305930 -1.224470019 1.780704021 0.051386248 -0.501243651 -0.235518411 0.831050754
1535224893.582002 -0.545283198 -1.227838516 1.783003092 0.051932078 -0.505239964 -0.236315697 0.828366220
1535224893.681128 -0.562621951 -1.230896473 1.787211895 0.053979352 -0.509965897 -0.239149049 0.824517250
1535224893.746432 -0.573060215 -1.232440472 1.789827347 0.055601861 -0.513184071 -0.241799995 0.821634591
1535224893.813032 -0.582830429 -1.234050751 1.792432308 0.056195043 -0.517288566 -0.243366212 0.818552136
1535224893.878336 -0.592552722 -1.236140251 1.795774221 0.055759255 -0.521539211 -0.242531270 0.816128850
1535224893.944679 -0.605477571 -1.239288926 1.797703743 0.055371031 -0.524285138 -0.244564503 0.813785851
1535224894.010240 -0.614950240 -1.240974545 1.800800085 0.055473190 -0.527563691 -0.243928224 0.811848760
1535224894.075544 -0.624709785 -1.244578838 1.803661227 0.054084558 -0.531126320 -0.243164659 0.809846103
1535224894.109364 -0.629151344 -1.246083975 1.805726051 0.053472180 -0.533376038 -0.241979688 0.808762372
1535224894.174667 -0.638184905 -1.250102997 1.808859706 0.052004211 -0.536922991 -0.240396693 0.806981266
1535224894.241268 -0.646740556 -1.253446937 1.813173413 0.051093958 -0.541138172 -0.238355920 0.804826319
1535224894.306572 -0.657175660 -1.256687760 1.814653397 0.050795525 -0.543422937 -0.238468498 0.803270876
1535224894.372133 -0.665144622 -1.262175441 1.817592740 0.050402250 -0.546770155 -0.239729226 0.800644755
1535224894.405695 -0.670565188 -1.262158036 1.819157124 0.051636871 -0.547819674 -0.239966929 0.799776971
1535224894.471256 -0.681538761 -1.262832999 1.822518587 0.054208696 -0.550389111 -0.242293879 0.797136724
1535224894.537600 -0.692922473 -1.266559243 1.823470831 0.055271454 -0.552719533 -0.245965719 0.794321775
1535224894.603161 -0.703220189 -1.269027591 1.825428963 0.056284521 -0.556227207 -0.247901097 0.791194320
1535224894.669504 -0.713464081 -1.271545649 1.827120423 0.057270132 -0.559654236 -0.249952286 0.788055360
1535224894.734807 -0.722847641 -1.274173379 1.829677820 0.058481142 -0.563117206 -0.251856595 0.784886837
1535224894.800369 -0.734210551 -1.276394963 1.830718994 0.060442101 -0.564746976 -0.255460024 0.782398760
1535224894.833931 -0.738962412 -1.277543068 1.832831740 0.061682556 -0.566061795 -0.256670862 0.780954182
1535224894.899493 -0.750038922 -1.279447317 1.834056735 0.064512864 -0.566664040 -0.260884106 0.778889894
1535224894.965835 -0.760610700 -1.283300281 1.835888267 0.065953597 -0.568146944 -0.264845312 0.776347995
1535224895.031397 -0.770180464 -1.284296632 1.838832259 0.067727819 -0.570616305 -0.266255051 0.773898125
1535224895.096700 -0.778952241 -1.287670135 1.839923143 0.068132050 -0.573271215 -0.269100070 0.770910740
1535224895.130520 -0.784740388 -1.287497759 1.840992808 0.068857253 -0.574513614 -0.269757092 0.769690871
1535224895.195824 -0.795054495 -1.289824128 1.843082905 0.068629965 -0.577124596 -0.271069318 0.767292976
1535224895.262424 -0.805331826 -1.292512536 1.845763922 0.068014897 -0.580379903 -0.271884590 0.764599264
1535224895.327728 -0.815360069 -1.294582367 1.848354578 0.067489624 -0.582976103 -0.272267908 0.762531519
1535224895.426853 -0.830240786 -1.298846722 1.852105618 0.066835597 -0.585950732 -0.273464054 0.759876490
1535224895.492415 -0.840550661 -1.301030636 1.855964065 0.067134298 -0.587203562 -0.274013281 0.758684218
1535224895.558758 -0.850300491 -1.303401232 1.859375000 0.067836516 -0.588149011 -0.275318563 0.757415831
1535224895.624062 -0.860619903 -1.306400657 1.862588406 0.067929901 -0.588785470 -0.276610494 0.756441653
1535224895.690662 -0.870225489 -1.307942390 1.865979433 0.069271602 -0.589948475 -0.278841704 0.754592359
1535224895.755966 -0.882146001 -1.308448195 1.869035244 0.069828257 -0.591027677 -0.281052291 0.752874494
1535224895.821527 -0.892387450 -1.308674335 1.872102022 0.070001915 -0.593897164 -0.283020645 0.749856830
1535224895.855089 -0.898536563 -1.310958743 1.871324539 0.069084212 -0.594818473 -0.286110371 0.748036921
1535224895.920651 -0.910265207 -1.310872078 1.873830676 0.068447657 -0.597844362 -0.287918597 0.744983256
1535224895.986994 -0.920689344 -1.312789679 1.874354959 0.067548893 -0.600278258 -0.290982962 0.741911173
1535224896.052556 -0.931854606 -1.313240409 1.875921488 0.067622706 -0.602518499 -0.293748200 0.738992989
1535224896.117859 -0.943135262 -1.313266277 1.877264142 0.068479024 -0.603690743 -0.296797156 0.736735761
1535224896.151679 -0.948693395 -1.314309478 1.878394961 0.068530947 -0.604762852 -0.298330605 0.735230803
1535224896.216983 -0.960318804 -1.314162016 1.879774570 0.069654733 -0.605713964 -0.300806224 0.733331084
1535224896.283326 -0.972217798 -1.315001249 1.881889105 0.070420526 -0.607554257 -0.303203285 0.730743885
1535224896.348887 -0.984887123 -1.315559745 1.881734967 0.070032135 -0.608635604 -0.304839820 0.729198813
1535224896.415231 -0.995827436 -1.316377521 1.882982612 0.069214210 -0.611131847 -0.304288119 0.727417350
1535224896.480792 -1.006837845 -1.317974687 1.883436799 0.067703418 -0.613329947 -0.303545535 0.726018429
1535224896.546096 -1.019050717 -1.318084002 1.885246277 0.066798665 -0.615356624 -0.302542061 0.724805176
1535224896.579916 -1.024430037 -1.319329977 1.885293245 0.065972537 -0.616161883 -0.302658349 0.724147916
1535224896.645220 -1.035999775 -1.319181323 1.885017395 0.064846046 -0.617643952 -0.303130001 0.722788513
1535224896.711820 -1.048022151 -1.318788648 1.886615157 0.062729999 -0.620478272 -0.301761687 0.721118271
1535224896.777124 -1.061120987 -1.318814158 1.885278702 0.060608663 -0.621765792 -0.302357763 0.719940126
1535224896.842685 -1.073703766 -1.317389607 1.886204839 0.059108362 -0.623879611 -0.301173687 0.718731523
1535224896.876247 -1.080032468 -1.316930294 1.886764884 0.059000034 -0.624777198 -0.301707566 0.717736065
1535224896.941809 -1.092867732 -1.316636324 1.886799932 0.058878813 -0.625147998 -0.303133219 0.716821909
1535224897.008152 -1.105672717 -1.316248775 1.887163520 0.060007177 -0.624975383 -0.305926770 0.715691149
1535224897.073456 -1.117532253 -1.316603899 1.888296366 0.060617104 -0.625783801 -0.307832748 0.714114308
1535224897.172839 -1.137034059 -1.316645384 1.889298916 0.060864013 -0.626452625 -0.310019493 0.712559283
1535224897.238142 -1.149653792 -1.317355752 1.890696406 0.060777020 -0.626620173 -0.311509073 0.711769342
1535224897.304485 -1.163360357 -1.318284273 1.891831160 0.061577924 -0.625609756 -0.313640356 0.711653233
1535224897.370047 -1.179359555 -1.320392251 1.893602014 0.062154107 -0.623432875 -0.316959798 0.712042689
1535224897.436389 -1.193123102 -1.321221828 1.895193458 0.064210437 -0.621800184 -0.319856316 0.711992681
1535224897.501951 -1.206620932 -1.321936727 1.897312045 0.065203898 -0.621599138 -0.320867360 0.711622894
1535224897.567255 -1.220587730 -1.323587060 1.899405956 0.064566836 -0.622558117 -0.321500301 0.710556209
1535224897.601075 -1.227206230 -1.324030876 1.899409652 0.064561680 -0.622771084 -0.322196454 0.710054576
1535224897.666378 -1.240228653 -1.325659394 1.899762154 0.062341761 -0.624052703 -0.321482718 0.709450960
1535224897.732979 -1.253379464 -1.328165412 1.901062369 0.059993614 -0.625686228 -0.320839703 0.708505034
1535224897.798282 -1.267850161 -1.329108596 1.900614381 0.058745999 -0.625608981 -0.321565837 0.708348691
1535224897.897408 -1.287609696 -1.330674529 1.901720643 0.057496354 -0.626556277 -0.321896523 0.707463205
1535224897.962969 -1.300172329 -1.330911875 1.901337862 0.057239041 -0.627077579 -0.322409540 0.706788242
1535224898.029312 -1.312264204 -1.331505179 1.900470614 0.056504313 -0.628176391 -0.322805017 0.705690205
1535224898.094615 -1.323914051 -1.332765579 1.899023890 0.055540476 -0.629230857 -0.323911965 0.704318702
1535224898.161216 -1.335354567 -1.333896041 1.897242785 0.055312619 -0.629917979 -0.325177610 0.703138351
1535224898.226520 -1.345890164 -1.334458947 1.897438049 0.055650935 -0.631003320 -0.325287282 0.702086926
1535224898.292081 -1.357039452 -1.335622787 1.896196604 0.056091629 -0.630531549 -0.326320767 0.701996148
1535224898.325643 -1.363246083 -1.336791515 1.895919561 0.056041304 -0.630214036 -0.327516794 0.701728225
1535224898.391205 -1.373556852 -1.337930560 1.896470904 0.056428734 -0.630342662 -0.327388376 0.701641560
1535224898.457548 -1.385714412 -1.339890480 1.895809770 0.055122677 -0.630167246 -0.327970386 0.701631069
1535224898.523109 -1.396205783 -1.340857506 1.895685196 0.053814106 -0.630852759 -0.327184349 0.701483607
1535224898.588413 -1.406945229 -1.341912150 1.896135449 0.052299742 -0.631694198 -0.326434433 0.701190233
1535224898.622233 -1.412142277 -1.342661262 1.895909190 0.051739797 -0.631659627 -0.326848716 0.701069891
1535224898.687536 -1.423362255 -1.342420697 1.896993399 0.051232494 -0.631529331 -0.326720148 0.701284528
1535224898.753879 -1.434209943 -1.342876434 1.898383856 0.050830826 -0.631585479 -0.327445030 0.700925052
1535224898.819441 -1.445578098 -1.342702389 1.899873018 0.050118186 -0.631883025 -0.327925950 0.700483143
1535224898.885783 -1.456743002 -1.344073296 1.899854422 0.048095513 -0.632046282 -0.328371316 0.700269043
1535224898.951345 -1.468650579 -1.344496489 1.900147319 0.046291292 -0.631951749 -0.328534544 0.700399399
1535224899.016649 -1.479400158 -1.345604658 1.900407434 0.045359604 -0.632285655 -0.329069436 0.699907660
1535224899.050469 -1.485329151 -1.346473217 1.900254607 0.044794444 -0.632205844 -0.329828113 0.699658990
1535224899.115772 -1.496167183 -1.346476436 1.900881052 0.044807363 -0.632606924 -0.329761893 0.699326873
1535224899.182373 -1.508324385 -1.347238302 1.900004864 0.044498686 -0.632686496 -0.331379294 0.698509574
1535224899.247676 -1.519019723 -1.347616196 1.897745490 0.044417135 -0.632648468 -0.332404196 0.698062003
1535224899.312980 -1.529816866 -1.348993301 1.896574497 0.043602530 -0.633818150 -0.332881808 0.696823716
1535224899.346800 -1.534966946 -1.350949407 1.897127628 0.042336281 -0.635192394 -0.332578927 0.695794284
1535224899.412362 -1.545460105 -1.352288604 1.896200538 0.041960940 -0.636466146 -0.332985967 0.694457054
1535224899.478705 -1.556334496 -1.353896856 1.894031525 0.041776065 -0.636740088 -0.333890438 0.693782389
1535224899.527747 -1.562192082 -1.355720520 1.893616199 0.041063342 -0.637174726 -0.334674209 0.693047941
1535224899.643134 -1.582945108 -1.360041022 1.889456630 0.040449500 -0.637780488 -0.336537212 0.691623211
1535224899.708696 -1.594526291 -1.360557675 1.888571858 0.041198902 -0.637949347 -0.337369412 0.691017568
1535224899.775039 -1.604970574 -1.363219500 1.886798859 0.041124169 -0.637457311 -0.338975310 0.690690041
1535224899.840600 -1.616015434 -1.365683317 1.886166096 0.040991042 -0.636358976 -0.340450317 0.690985322
1535224899.906943 -1.626933694 -1.366709471 1.887376666 0.042376664 -0.635385752 -0.341178596 0.691437960
1535224899.972505 -1.637683630 -1.370503664 1.888526201 0.042524137 -0.633882344 -0.343386441 0.691715777
1535224900.037808 -1.649096727 -1.372062206 1.891472936 0.042659789 -0.632718921 -0.343619645 0.692656219
1535224900.071629 -1.654494762 -1.373983622 1.891795278 0.041981556 -0.631741822 -0.344146997 0.693327248
1535224900.136932 -1.665281892 -1.376743078 1.894227624 0.041033845 -0.630596459 -0.344489425 0.694256008
1535224900.203275 -1.677319288 -1.378586292 1.896181464 0.040704079 -0.628955722 -0.345692039 0.695165396
1535224900.268837 -1.688428640 -1.380624294 1.897261143 0.040780533 -0.627627730 -0.347569913 0.695424795
1535224900.317879 -1.694560766 -1.379883528 1.898322105 0.041825753 -0.626812994 -0.347952992 0.695905745
1535224900.367961 -1.706255198 -1.385437608 1.898161530 0.038522750 -0.626494050 -0.349730432 0.695492625
1535224900.417003 -1.711209536 -1.386046171 1.898704410 0.039116461 -0.626773477 -0.350631833 0.694753349
1535224900.499865 -1.729201794 -1.389042139 1.896329522 0.038283970 -0.626850963 -0.354469895 0.692779541
1535224900.565168 -1.740831137 -1.391332150 1.893252969 0.037213694 -0.627814531 -0.356670678 0.690832973
1535224900.631769 -1.752025604 -1.392375946 1.890592575 0.036280595 -0.629454613 -0.356573015 0.689439178
1535224900.697073 -1.763209820 -1.396632433 1.887099504 0.033432096 -0.630637109 -0.356679887 0.688446522
1535224900.762634 -1.774572611 -1.398919940 1.883535147 0.032625157 -0.630809367 -0.357098252 0.688110471
1535224900.796196 -1.780799627 -1.399415255 1.883104205 0.032241903 -0.631399453 -0.356622696 0.687833905
1535224900.861758 -1.792255402 -1.403094649 1.880315900 0.029732492 -0.632197440 -0.355150640 0.687975645
1535224900.928101 -1.803388596 -1.405862451 1.877118230 0.028460147 -0.633065581 -0.353970975 0.687839091
1535224900.993404 -1.814831018 -1.408188820 1.873720407 0.027549326 -0.633646369 -0.352907449 0.687887907
1535224901.058966 -1.826874733 -1.411629796 1.870685101 0.026584910 -0.633480728 -0.351606905 0.688743889
1535224901.092786 -1.832903862 -1.413070202 1.870141625 0.027044665 -0.633372068 -0.351183683 0.689041793
1535224901.158089 -1.844423771 -1.416056633 1.868080854 0.028797567 -0.631590068 -0.351889908 0.690245092
1535224901.224432 -1.856426001 -1.418909311 1.867177725 0.030418899 -0.629850268 -0.351511538 0.691955924
1535224901.289994 -1.868052840 -1.421927214 1.867353320 0.031092901 -0.629355490 -0.350633562 0.692821085
1535224901.389119 -1.887117863 -1.428364277 1.865665674 0.029081563 -0.628362715 -0.348888874 0.694687784
1535224901.454422 -1.900269508 -1.432811260 1.863482237 0.026814774 -0.627514243 -0.347958237 0.696011543
1535224901.521023 -1.912708044 -1.435880542 1.862112522 0.025846962 -0.627472460 -0.346865952 0.696630776
1535224901.586327 -1.924497962 -1.439744711 1.861537695 0.025291631 -0.627599537 -0.346533835 0.696701944
1535224901.652928 -1.937423468 -1.443265200 1.860774279 0.025080908 -0.627425373 -0.346244365 0.697010219
1535224901.718231 -1.948331237 -1.444751024 1.859373331 0.027436916 -0.626722634 -0.346100062 0.697625160
1535224901.783535 -1.959785700 -1.448597550 1.857957006 0.028369615 -0.626174688 -0.346679628 0.697792053
1535224901.817355 -1.965968132 -1.454410076 1.857004642 0.026638757 -0.626323044 -0.346819669 0.697657466
1535224901.882916 -1.978291273 -1.458385348 1.855097890 0.027871056 -0.625388861 -0.347652823 0.698032677
1535224901.949259 -1.990127802 -1.461989760 1.854219913 0.029003337 -0.625571966 -0.347064555 0.698115170
1535224902.014563 -2.002053261 -1.466076374 1.853642344 0.029404318 -0.626508236 -0.345596820 0.697986841
1535224902.113688 -2.021089077 -1.471631050 1.849953771 0.030599914 -0.626691878 -0.344417810 0.698353350
1535224902.179250 -2.036412001 -1.480721474 1.847262263 0.027646028 -0.626810193 -0.343896925 0.698626935
1535224902.245592 -2.049509287 -1.484229922 1.844741821 0.029684259 -0.626788378 -0.343385994 0.698814154
1535224902.311154 -2.061914206 -1.490130901 1.844223022 0.030170169 -0.628091633 -0.341979951 0.698312640
1535224902.377497 -2.075765610 -1.493384600 1.843005896 0.032088403 -0.628717422 -0.340428770 0.698421836
1535224902.442801 -2.089446306 -1.499070883 1.838316441 0.032274686 -0.628563941 -0.339871734 0.698822558
1535224902.508362 -2.102260351 -1.503572941 1.836107016 0.032765903 -0.629808187 -0.337461293 0.698847592
1535224902.542182 -2.109914780 -1.511023402 1.836993694 0.029158058 -0.631698728 -0.335320503 0.698331356
1535224902.607486 -2.123061895 -1.514774084 1.836674333 0.029961281 -0.633216619 -0.332142383 0.698441505
1535224902.673829 -2.136198282 -1.519326925 1.833007812 0.030977769 -0.632709920 -0.330302984 0.699727476
1535224902.739390 -2.146967411 -1.522859335 1.834766746 0.033066548 -0.634302676 -0.326686919 0.699887514
1535224902.804694 -2.159463882 -1.528009892 1.834091187 0.034346696 -0.634078145 -0.325150490 0.700744152
1535224902.838514 -2.166327953 -1.529649973 1.832844734 0.035455458 -0.633365095 -0.324614257 0.701581955
1535224902.903818 -2.178528786 -1.533434749 1.833181858 0.037383147 -0.633253038 -0.323467731 0.702112317
1535224902.970419 -2.192378283 -1.536374569 1.832606554 0.038860753 -0.632613719 -0.322577983 0.703017294
1535224903.035722 -2.203080416 -1.543370008 1.834911346 0.037493996 -0.634517372 -0.320182443 0.702470779
1535224903.102323 -2.215609312 -1.544153214 1.835740328 0.039368030 -0.634914756 -0.319293350 0.702413917
1535224903.167627 -2.231419086 -1.550402761 1.835374594 0.036415704 -0.634573042 -0.318943352 0.703040600
1535224903.232931 -2.243853807 -1.551230192 1.836163521 0.037766553 -0.634261489 -0.318003982 0.703675807
1535224903.266751 -2.249963522 -1.552145958 1.836904764 0.038102087 -0.634251952 -0.317477465 0.703903973
1535224903.332312 -2.262924910 -1.554896712 1.837863207 0.039126940 -0.633367360 -0.318502009 0.704181433
1535224903.398655 -2.275823832 -1.556211352 1.839388609 0.041041177 -0.632092595 -0.319504678 0.704763353
1535224903.447697 -2.282995939 -1.554718733 1.841879845 0.043207452 -0.631602407 -0.319403768 0.705119014
1535224903.529520 -2.301571131 -1.558531284 1.841800451 0.045154057 -0.630195439 -0.322258860 0.704956830
1535224903.563082 -2.308039188 -1.558496714 1.842592955 0.046674788 -0.630102873 -0.323442638 0.704398096
1535224903.628644 -2.319903135 -1.560713291 1.842408180 0.047349002 -0.630094230 -0.324684948 0.703789115
1535224903.694987 -2.332721710 -1.561353683 1.842307329 0.047994982 -0.630675137 -0.325632393 0.702786624
1535224903.760548 -2.343056679 -1.563246727 1.840408325 0.048394099 -0.630974531 -0.326721162 0.701984704
1535224903.859674 -2.362678051 -1.562804222 1.839135647 0.051075734 -0.630469143 -0.330040514 0.700694859
1535224903.908716 -2.369982958 -1.570037961 1.838348627 0.046986777 -0.630475044 -0.330711573 0.700659215
1535224903.991578 -2.386353016 -1.573442936 1.837355375 0.047051098 -0.629670501 -0.331266195 0.701116264
1535224904.056882 -2.397875071 -1.575462103 1.836886644 0.046802841 -0.628601551 -0.331255078 0.702096641
1535224904.123225 -2.409570456 -1.576767445 1.836369514 0.046406038 -0.627167702 -0.330380410 0.703815401
1535224904.188786 -2.420461416 -1.577782273 1.837666035 0.045860574 -0.626270294 -0.328956991 0.705315292
1535224904.237828 -2.425575018 -1.580287933 1.837901592 0.044523302 -0.625499070 -0.327643156 0.706695497
1535224904.287910 -2.436336279 -1.580837369 1.838344336 0.044376608 -0.623759866 -0.326621592 0.708712041
1535224904.353214 -2.448260069 -1.583529353 1.838976860 0.043610685 -0.621232867 -0.327124387 0.710744441
1535224904.419815 -2.458401442 -1.584725976 1.841376305 0.043265514 -0.619387209 -0.325888902 0.712940454
1535224904.485118 -2.472096682 -1.585524082 1.843359947 0.043454688 -0.616718531 -0.327104628 0.714683592
1535224904.550679 -2.483345032 -1.588379502 1.844235897 0.042533033 -0.614401817 -0.327648669 0.716482878
1535224904.584242 -2.490077972 -1.589341521 1.845354319 0.041689329 -0.613256514 -0.327719003 0.717480779
1535224904.649803 -2.501566410 -1.591747642 1.845685959 0.040015481 -0.611229658 -0.327842981 0.719246864
1535224904.716146 -2.514485836 -1.592326403 1.845928431 0.039292105 -0.609355867 -0.328575999 0.720541060
1535224904.781707 -2.526324987 -1.594318867 1.848632097 0.036881715 -0.609704137 -0.327478766 0.720873356
1535224904.848050 -2.541189909 -1.602441669 1.845767260 0.030133262 -0.608410001 -0.328420609 0.721851289
1535224904.913354 -2.552223206 -1.604197502 1.845396042 0.027167521 -0.609018266 -0.327273101 0.721977234
1535224904.978916 -2.563645840 -1.607098937 1.843595505 0.024095260 -0.609340429 -0.327741563 0.721601844
1535224905.012736 -2.569455624 -1.605613470 1.842568874 0.024501499 -0.608992994 -0.327951223 0.721786141
1535224905.078039 -2.581631184 -1.606446028 1.839992285 0.023214113 -0.608249187 -0.329187691 0.721893072
1535224905.144382 -2.592301846 -1.607573152 1.837647915 0.022082347 -0.608077526 -0.329765856 0.721809268
1535224905.209944 -2.602645159 -1.608757257 1.836036444 0.020382985 -0.608129442 -0.329244047 0.722053707
1535224905.275247 -2.613658428 -1.611519575 1.834357023 0.017796570 -0.608148158 -0.329180419 0.722135365
1535224905.309067 -2.618385553 -1.611276388 1.832566977 0.017586023 -0.607513785 -0.329170823 0.722678602
1535224905.374371 -2.627444983 -1.611266136 1.831919909 0.016711578 -0.606991410 -0.327615738 0.723843992
1535224905.440972 -2.639926672 -1.612248778 1.830756187 0.015696071 -0.605626047 -0.328542113 0.724590123
1535224905.506275 -2.649994612 -1.613826394 1.829052448 0.014640106 -0.603562415 -0.328904271 0.726168096
1535224905.605401 -2.669179678 -1.614599109 1.829155922 0.012801980 -0.601175487 -0.330496430 0.727458775
1535224905.670962 -2.681178093 -1.616144776 1.827127218 0.010071637 -0.598875821 -0.330654889 0.729324102
1535224905.737305 -2.693079472 -1.617716432 1.827612638 0.008190871 -0.597697854 -0.331698686 0.729839921
1535224905.802609 -2.704380751 -1.617976546 1.828959465 0.006656952 -0.597139478 -0.331169873 0.730552375
1535224905.869210 -2.717261314 -1.617495537 1.828385830 0.005689958 -0.595051348 -0.332053095 0.731862307
1535224905.934514 -2.729591370 -1.618841767 1.829105854 0.003919880 -0.593603253 -0.332302421 0.732935846
1535224906.000075 -2.740847588 -1.619679809 1.831042767 0.003116695 -0.592648745 -0.331926107 0.733882129
1535224906.033637 -2.746984959 -1.620162249 1.831716299 0.002756807 -0.592053354 -0.331947207 0.734354377
1535224906.099199 -2.759773731 -1.620157361 1.831893444 0.002814699 -0.590310693 -0.332667381 0.735430360
1535224906.165541 -2.772805691 -1.621707439 1.832174301 0.001873005 -0.589059114 -0.333586991 0.736020148
1535224906.231103 -2.784699917 -1.623398066 1.831560135 0.001256782 -0.588116109 -0.333777040 0.736689150
1535224906.330229 -2.802700281 -1.624838591 1.832050323 0.001253183 -0.588219345 -0.333107442 0.736909688
1535224906.395533 -2.815737724 -1.626826286 1.830380917 -0.000137173 -0.587620497 -0.333239734 0.737328649
1535224906.462133 -2.827884674 -1.628080487 1.828279972 -0.000762288 -0.587675095 -0.332344413 0.737688780
1535224906.527436 -2.840559244 -1.629051685 1.827560902 -0.001048564 -0.588187099 -0.331770748 0.737538576
1535224906.593780 -2.852727413 -1.629998326 1.825187206 -0.001150936 -0.588063955 -0.331224918 0.737881780
1535224906.659341 -2.864860535 -1.630387425 1.823570251 -0.000804360 -0.588669777 -0.330121696 0.737893641
1535224906.708383 -2.870912075 -1.630595922 1.822341442 -0.000748189 -0.588892281 -0.329535335 0.737978160
1535224906.758465 -2.881812811 -1.633263588 1.820683241 -0.001035008 -0.589604259 -0.328718424 0.737773716
1535224906.807507 -2.889340878 -1.633034945 1.818372488 -0.000483916 -0.588161707 -0.329240233 0.738692403
1535224906.890369 -2.907258034 -1.633271337 1.817085743 0.001477396 -0.587931216 -0.328428000 0.739235938
1535224906.955673 -2.920100689 -1.633929253 1.814940453 0.002360172 -0.586421728 -0.328346580 0.740467787
1535224907.021234 -2.932052374 -1.634047866 1.815337658 0.004125434 -0.585912108 -0.328199804 0.740928411
1535224907.054796 -2.938321352 -1.634171128 1.815104723 0.005210025 -0.585123897 -0.328481793 0.741419315
1535224907.120357 -2.949732304 -1.635805130 1.816342831 0.006505114 -0.584579229 -0.328241557 0.741944969
1535224907.186701 -2.962082624 -1.634940743 1.818107367 0.009157120 -0.583561063 -0.328330547 0.742678702
1535224907.252262 -2.973545551 -1.636184692 1.818670750 0.010948882 -0.582472682 -0.328710943 0.743340313
1535224907.318604 -2.986209631 -1.639304519 1.819732428 0.010696542 -0.581382155 -0.329203159 0.743979633
1535224907.367647 -2.992433071 -1.639084816 1.821971178 0.011821405 -0.581125379 -0.328690052 0.744389951
1535224907.449470 -3.009229898 -1.643120289 1.824784517 0.012459679 -0.579989433 -0.328817576 0.745208681
1535224907.483032 -3.015454769 -1.644467473 1.826554537 0.012469461 -0.579750061 -0.328131557 0.745697021
1535224907.548594 -3.027068853 -1.645274878 1.829540253 0.014215269 -0.578886628 -0.327840954 0.746464014
1535224907.614936 -3.039190769 -1.647321463 1.832222700 0.015498106 -0.577782691 -0.328471720 0.747016370
1535224907.680498 -3.053461790 -1.651005387 1.835160255 0.014923932 -0.576063931 -0.329384685 0.747952878
1535224907.745801 -3.066495180 -1.652326465 1.837956429 0.016697669 -0.574621260 -0.330588818 0.748493671
1535224907.779621 -3.073110104 -1.652456999 1.839738846 0.017627021 -0.574333429 -0.330720782 0.748634994
1535224907.828664 -3.080252171 -1.652161956 1.842350006 0.019049525 -0.574303687 -0.331114233 0.748448968
1535224907.911525 -3.098344326 -1.655254245 1.843705893 0.019847229 -0.574731529 -0.332483858 0.747492075
1535224907.976829 -3.109785080 -1.656113148 1.843733788 0.020826019 -0.575268209 -0.332746714 0.746935368
1535224908.075954 -3.127798796 -1.659599423 1.842676878 0.020221859 -0.575964987 -0.332662821 0.746452272
1535224908.141516 -3.140231133 -1.660713553 1.841314077 0.020843478 -0.575686634 -0.333614916 0.746224999
1535224908.207859 -3.150259972 -1.661833048 1.841499090 0.022786362 -0.576350510 -0.333739787 0.745599568
1535224908.256901 -3.156441212 -1.662247539 1.840871811 0.024318466 -0.575259387 -0.335460216 0.745621741
1535224908.339764 -3.172989368 -1.665593982 1.840476036 0.027473910 -0.573282003 -0.337409794 0.746155202
1535224908.388806 -3.179297924 -1.666465282 1.840893745 0.028532242 -0.571958423 -0.337657779 0.747018635
1535224908.470628 -3.194213867 -1.672706008 1.840463877 0.029687425 -0.569656134 -0.338101715 0.748530507
1535224908.504191 -3.199832201 -1.672895670 1.841746092 0.030846147 -0.569134355 -0.337449610 0.749174535
1535224908.569752 -3.211036682 -1.675643444 1.841127634 0.030448323 -0.567253470 -0.336893201 0.750865817
1535224908.636095 -3.221967936 -1.679858565 1.842026472 0.028603729 -0.566672146 -0.335326880 0.752077401
1535224908.701657 -3.231946468 -1.683103681 1.843157530 0.027350329 -0.565929532 -0.334124058 0.753217697
1535224908.766960 -3.243744612 -1.685159326 1.844434261 0.026325520 -0.564085722 -0.333485067 0.754918635
1535224908.800781 -3.249109745 -1.686773658 1.845340014 0.025589392 -0.563634515 -0.332648933 0.755649388
1535224908.866084 -3.259940624 -1.689030886 1.846822262 0.024299953 -0.562618256 -0.332487673 0.756519794
1535224908.932427 -3.270845890 -1.690515280 1.847899199 0.023111301 -0.561742246 -0.332064062 0.757393539
1535224908.997989 -3.282313824 -1.691924334 1.850185156 0.021659622 -0.561618149 -0.331141442 0.757932305
1535224909.064332 -3.293934345 -1.693868399 1.851142168 0.020756040 -0.560654104 -0.331973314 0.758307278
1535224909.129893 -3.305030823 -1.694325805 1.852348804 0.021644317 -0.559665442 -0.333106488 0.758515835
1535224909.195197 -3.316501617 -1.696460724 1.853682995 0.021745913 -0.559017658 -0.333894074 0.758644283
1535224909.229017 -3.322601318 -1.695611238 1.854606390 0.023302870 -0.558600128 -0.334413290 0.758677006
1535224909.278059 -3.327832699 -1.696237445 1.855086327 0.023859536 -0.558588505 -0.335259080 0.758294821
1535224909.360922 -3.344503880 -1.698916912 1.854363918 0.023703145 -0.559439242 -0.335062802 0.757759094
1535224909.426226 -3.354511261 -1.701420784 1.852976322 0.023121543 -0.560375273 -0.334891468 0.757160902
1535224909.491787 -3.364342213 -1.702723026 1.852081060 0.023895029 -0.561492205 -0.334274799 0.756581724
1535224909.525349 -3.370211124 -1.702829838 1.851645231 0.024631659 -0.561696768 -0.334639668 0.756244838
1535224909.590910 -3.379574299 -1.704149365 1.851741314 0.025456809 -0.563171685 -0.333396673 0.755669415
1535224909.657253 -3.389734268 -1.705981016 1.849553108 0.026229430 -0.563221812 -0.334123999 0.755284369
1535224909.722557 -3.399971008 -1.706294656 1.849287271 0.027269540 -0.564076781 -0.333870143 0.754721463
1535224909.821941 -3.415180445 -1.709541559 1.846719027 0.026921852 -0.563503146 -0.332842767 0.755615711
1535224909.887244 -3.424590111 -1.711593032 1.845642567 0.027808804 -0.561882377 -0.333642781 0.756437302
1535224909.953587 -3.433204412 -1.712777615 1.846708775 0.030071646 -0.560646117 -0.334456801 0.756908417
1535224909.986368 -3.437787771 -1.713241577 1.847333908 0.030943736 -0.559639752 -0.334862292 0.757438481
1535224910.019149 -3.442892551 -1.713652730 1.847635746 0.031807840 -0.558163702 -0.335775912 0.758087158
1535224910.051929 -3.446817875 -1.714555502 1.848824978 0.032195490 -0.557675600 -0.335828394 0.758406699
1535224910.085491 -3.450817585 -1.715177178 1.850294352 0.033014674 -0.556992233 -0.335514963 0.759012222
1535224910.118272 -3.455591202 -1.716262698 1.850100040 0.032615621 -0.555395722 -0.335998446 0.759984851
1535224910.151053 -3.460705996 -1.716892242 1.851798773 0.032653179 -0.554545820 -0.336322844 0.760460258
1535224910.216356 -3.468890667 -1.718187809 1.853967428 0.032733422 -0.552929997 -0.336482406 0.761561990
1535224910.250176 -3.473085880 -1.718632340 1.855839252 0.032394961 -0.552509069 -0.336328954 0.761949658
1535224910.315480 -3.480912924 -1.720758438 1.858084202 0.030643819 -0.551576138 -0.336012691 0.762836993
1535224910.348261 -3.485684872 -1.721059442 1.859612942 0.030138623 -0.551255226 -0.336484790 0.762881041
1535224910.382081 -3.490212917 -1.721067667 1.860341072 0.030095905 -0.550707877 -0.337309986 0.762913525
1535224910.447384 -3.499308109 -1.722248673 1.861356020 0.028794644 -0.550174654 -0.338734895 0.762717247
1535224910.480165 -3.504167795 -1.722460508 1.861993313 0.028547013 -0.550152779 -0.340128988 0.762121618
1535224910.546510 -3.514356136 -1.722573519 1.861900091 0.028193327 -0.549787521 -0.342773527 0.761213064
1535224910.579290 -3.518432140 -1.723020673 1.861994982 0.028023051 -0.550087869 -0.344291896 0.760316551
1535224910.612071 -3.523445606 -1.722931266 1.861795425 0.027808592 -0.550270677 -0.345303208 0.759733319
1535224910.678414 -3.533884048 -1.725373268 1.860144377 0.025244683 -0.550596654 -0.347876281 0.758411586
1535224910.711195 -3.539814949 -1.725877047 1.858994722 0.024483940 -0.550365746 -0.349873424 0.757685065
1535224910.776498 -3.549814224 -1.726143360 1.858576059 0.023043163 -0.551262975 -0.351252258 0.756439030
1535224910.810318 -3.555195808 -1.726387620 1.857819080 0.022228135 -0.551361084 -0.352390826 0.755862236
1535224910.875622 -3.565729618 -1.727175593 1.857014894 0.020479558 -0.551642537 -0.354342490 0.754793108
1535224910.908403 -3.571088314 -1.727362394 1.856672049 0.020181471 -0.551463664 -0.355572075 0.754353404
1535224910.941184 -3.576972485 -1.727203369 1.856701374 0.019889530 -0.551068544 -0.356566906 0.754180312
1535224910.974745 -3.581339836 -1.726391912 1.855911016 0.020523952 -0.550506949 -0.358019829 0.753885150
1535224911.007526 -3.587626457 -1.728185654 1.855471373 0.019045049 -0.549903572 -0.359049559 0.753874540
1535224911.040307 -3.593461037 -1.728488564 1.854547024 0.018629372 -0.549011052 -0.360225827 0.753974259
1535224911.106650 -3.604193687 -1.729110837 1.853575468 0.018089931 -0.547919869 -0.362631887 0.753627658
1535224911.139431 -3.609833479 -1.729703665 1.853737116 0.017480977 -0.547802687 -0.363145679 0.753479838
1535224911.172211 -3.615509033 -1.729780793 1.853878736 0.017521249 -0.547455966 -0.364321142 0.753163397
1535224911.237515 -3.626402855 -1.731588960 1.852140903 0.016734473 -0.546056688 -0.367293507 0.752753377
1535224911.271335 -3.632270098 -1.730271578 1.852836609 0.017981149 -0.545604467 -0.368318409 0.752551734
1535224911.336638 -3.642941236 -1.731390476 1.851917267 0.018104743 -0.544291079 -0.370740592 0.752310336
1535224911.369419 -3.649513483 -1.731824160 1.851446390 0.018000187 -0.543371737 -0.372829378 0.751945138
1535224911.402982 -3.655753136 -1.731454492 1.851919174 0.018396311 -0.543095529 -0.373891622 0.751607537
1535224911.435762 -3.661651134 -1.732756734 1.851524591 0.017564472 -0.542897642 -0.374679178 0.751378238
1535224911.468543 -3.667170525 -1.731860638 1.851903677 0.018279895 -0.542882979 -0.375491142 0.750966251
1535224911.501324 -3.672531843 -1.732527733 1.851656199 0.017818186 -0.543107748 -0.376309723 0.750404894
1535224911.534886 -3.678250074 -1.732830286 1.851237059 0.017781060 -0.543461680 -0.377281874 0.749661028
1535224911.567667 -3.683816671 -1.732858181 1.850080013 0.017374033 -0.543450534 -0.377825171 0.749405026
1535224911.600447 -3.690154314 -1.733968854 1.849940538 0.015919190 -0.544019580 -0.377910763 0.748981118
1535224911.665751 -3.701181412 -1.733530760 1.849661589 0.016387489 -0.544880927 -0.378628939 0.747981548
1535224911.699571 -3.707654953 -1.734552383 1.848402977 0.015685437 -0.544607162 -0.379290909 0.747860551
1535224911.732352 -3.711218357 -1.736386418 1.848335505 0.015403581 -0.546148896 -0.379002154 0.746887922
1535224911.797655 -3.725539207 -1.736183405 1.846044064 0.016267367 -0.545125902 -0.381412238 0.746389925
1535224911.831475 -3.731643677 -1.737355232 1.845510960 0.016788220 -0.545781732 -0.383127362 0.745019436
1535224911.896779 -3.745200157 -1.738857746 1.842737436 0.016473692 -0.546561420 -0.384312004 0.743843734
1535224911.929559 -3.750505209 -1.740172625 1.841695547 0.016501274 -0.548006058 -0.384543240 0.742659867
1535224911.995903 -3.763762474 -1.740545750 1.837291479 0.017830275 -0.549011528 -0.387074351 0.740568638
1535224912.028683 -3.769786835 -1.741061211 1.836003065 0.018655226 -0.550397515 -0.388029039 0.739018381
1535224912.061464 -3.775713921 -1.740364313 1.835324764 0.020316524 -0.551939845 -0.388840228 0.737396061
1535224912.127807 -3.787073612 -1.742167234 1.831870556 0.022940436 -0.554551005 -0.392037094 0.733657897
1535224912.160588 -3.793455124 -1.742203474 1.830301523 0.024912234 -0.555476665 -0.393710971 0.731995106
1535224912.225892 -3.805258989 -1.743379831 1.825238228 0.028126754 -0.557450235 -0.397703886 0.728210032
1535224912.292237 -3.818331718 -1.743421555 1.819913387 0.030939462 -0.560889482 -0.400802910 0.723742187
1535224912.357798 -3.828501225 -1.743262053 1.812625885 0.033824354 -0.566168427 -0.403881222 0.717766881
1535224912.390579 -3.834815741 -1.742202759 1.808870316 0.035528798 -0.568917871 -0.405490875 0.714595914
1535224912.424141 -3.839297056 -1.742803812 1.804553986 0.036731724 -0.572582066 -0.407015085 0.710731566
1535224912.456922 -3.844197035 -1.742657661 1.799251795 0.038353905 -0.575623453 -0.409253538 0.706893325
1535224912.489703 -3.848193645 -1.742385149 1.794769526 0.040340018 -0.579247296 -0.411426783 0.702547669
1535224912.556046 -3.857328415 -1.740125656 1.783884048 0.045035131 -0.585795283 -0.415787220 0.694216669
1535224912.588827 -3.862354517 -1.738277197 1.778952837 0.048031602 -0.589189887 -0.418639451 0.689412236
1535224912.621608 -3.865702391 -1.737189293 1.773702145 0.050918996 -0.592902541 -0.421345413 0.684355080
1535224912.686911 -3.871826649 -1.735520840 1.763688803 0.056158178 -0.601079404 -0.424898177 0.674545288
1535224912.720731 -3.875009537 -1.734801769 1.757847309 0.058874752 -0.605111361 -0.427395791 0.669109106
1535224912.786035 -3.881612062 -1.732862234 1.746075869 0.064324468 -0.612053335 -0.432827383 0.658721209
1535224912.818816 -3.884748459 -1.730805874 1.740057468 0.067805894 -0.615402997 -0.435763240 0.653293133
1535224912.852378 -3.887223244 -1.730804682 1.733141184 0.070241004 -0.618697822 -0.438470483 0.648091793
1535224912.885159 -3.890850782 -1.729861498 1.728290081 0.073041238 -0.622117758 -0.440928608 0.642819226
1535224912.917940 -3.893005610 -1.727203846 1.722597837 0.077094488 -0.625104845 -0.443032116 0.637983561
1535224912.950721 -3.894762516 -1.726796389 1.720615149 0.079999268 -0.630378008 -0.443977416 0.631749809
1535224913.017063 -3.900073051 -1.725975513 1.708304167 0.083628275 -0.636956930 -0.448354542 0.621506572
1535224913.049844 -3.902620316 -1.722830653 1.703243017 0.086801954 -0.640501916 -0.450310975 0.615989387
1535224913.115148 -3.905748129 -1.723572493 1.691681623 0.087579668 -0.648772597 -0.453894079 0.604486763
1535224913.148968 -3.907181263 -1.723873854 1.684380531 0.087863453 -0.653003156 -0.456054360 0.598231852
1535224913.181749 -3.909159184 -1.721705317 1.679549694 0.089368805 -0.657035470 -0.459019065 0.591286004
1535224913.247052 -3.909333229 -1.714878321 1.666163445 0.094612956 -0.664136112 -0.465906143 0.576977551
1535224913.280872 -3.908243179 -1.714601755 1.657232046 0.094934374 -0.668344021 -0.469303399 0.569261014
1535224913.346176 -3.908805370 -1.706591010 1.651422501 0.099915370 -0.678193629 -0.476460516 0.550505102
1535224913.378957 -3.906280518 -1.698800206 1.639061451 0.104561813 -0.679320991 -0.482618958 0.542834044
1535224913.411738 -3.905028820 -1.698634505 1.637334108 0.104841664 -0.685373545 -0.485560358 0.532449603