1535224876.881049 0.0000000 0.0000000 0.0000000 -0.0000000 -0.0000000 -0.0000000 1.0000000
1535224877.408409 0.0436438 -0.0487506 0.0547933 0.0235350 0.0025814 -0.0008163 0.9997194
1535224877.441190 0.0451940 -0.0502677 0.0590940 0.0267473 0.0011400 -0.0019587 0.9996397
1535224877.770303 0.0659826 -0.0799455 0.0917918 0.0441875 0.0017264 -0.0142219 0.9989206
1535224878.231319 0.0921870 -0.1124857 0.1313852 0.0527463 -0.0170247 -0.0029194 0.9984586
1535224879.318822 0.1433054 -0.1352745 0.2072018 0.0332849 -0.0078903 0.0065643 0.9993932
1535224880.240855 0.1890743 -0.1657892 0.2866497 0.0000738 -0.0110417 0.0285518 0.9995313
1535224882.151269 0.2539364 -0.2762336 0.3725675 -0.0004607 -0.0535488 0.0169531 0.9984213
1535224882.777753 0.2538114 -0.3575712 0.4485243 0.0274750 -0.0718599 0.0314931 0.9965388
1535224883.106865 0.2488928 -0.3938158 0.4927236 0.0465654 -0.0668435 0.0182398 0.9965094
1535224883.732568 0.2466568 -0.4431681 0.5818606 0.0533222 -0.0720192 0.0053850 0.9959624
1535224883.798911 0.2476956 -0.4466220 0.5923801 0.0529423 -0.0734481 0.0041232 0.9958843
1535224883.896996 0.2461499 -0.4540713 0.6055202 0.0511397 -0.0754230 0.0032088 0.9958342
1535224884.359051 0.2375233 -0.4994029 0.6721084 0.0492631 -0.0744056 -0.0082565 0.9959763
1535224884.589042 0.2371412 -0.5238150 0.7049429 0.0494864 -0.0744346 -0.0129390 0.9959133
1535224884.787289 0.2290933 -0.5479259 0.7319902 0.0441551 -0.0860632 -0.0091041 0.9952691
1535224885.676543 0.2185868 -0.6223852 0.8924357 0.0229407 -0.0900215 -0.0050333 0.9956629
1535224886.038436 0.2110720 -0.6476026 0.9491353 0.0193444 -0.0985955 -0.0207843 0.9947225
1535224886.236683 0.2067140 -0.6633566 0.9750862 0.0179206 -0.1124909 -0.0293812 0.9930566
1535224886.466671 0.1989937 -0.6813804 1.0079422 0.0158852 -0.1270813 -0.0318214 0.9912545
1535224886.829604 0.1835599 -0.7124782 1.0654213 0.0095338 -0.1354883 -0.0207030 0.9905167
1535224887.026814 0.1737108 -0.7299192 1.0965446 0.0056754 -0.1369566 -0.0195249 0.9903684
1535224887.125938 0.1730405 -0.7390503 1.1123042 0.0037173 -0.1389805 -0.0185086 0.9901152
1535224887.290623 0.1678694 -0.7563944 1.1383606 -0.0004734 -0.1417617 -0.0196830 0.9897050
1535224887.554175 0.1553811 -0.7816851 1.1837643 -0.0055353 -0.1486580 -0.0221641 0.9886248
1535224887.816945 0.1396949 -0.8075073 1.2244145 -0.0105294 -0.1571711 -0.0272638 0.9871389
1535224888.179876 0.1207912 -0.8416743 1.2810695 -0.0144447 -0.1655921 -0.0395578 0.9852948
1535224888.245180 0.1173237 -0.8461446 1.2912638 -0.0144409 -0.1677839 -0.0416191 0.9848391
1535224888.575332 0.0999113 -0.8715238 1.3412334 -0.0163221 -0.1818888 -0.0540856 0.9816949
1535224888.838103 0.0877873 -0.8933670 1.3792430 -0.0162713 -0.1993526 -0.0617720 0.9778436
1535224889.101912 0.0667772 -0.9199568 1.4172745 -0.0158197 -0.2172510 -0.0734110 0.9732228
1535224889.398243 0.0351403 -0.9444500 1.4575980 -0.0108440 -0.2405572 -0.0860712 0.9667504
1535224889.958386 -0.0239598 -0.9812481 1.5283793 -0.0001256 -0.2822259 -0.1171922 0.9521631
1535224890.222195 -0.0522082 -0.9965033 1.5572281 0.0038044 -0.3008462 -0.1316898 0.9445289
1535224892.659967 -0.3970113 -1.1620603 1.7507453 0.0328944 -0.4706396 -0.2286651 0.8515448
1535224893.071295 -0.4585012 -1.1889844 1.7757258 0.0407821 -0.4875708 -0.2307964 0.8410378
1535224893.450098 -0.5210794 -1.2156043 1.7953105 0.0451365 -0.5105670 -0.2267370 0.8281754
1535224894.010240 -0.6137620 -1.2351276 1.8148990 0.0506145 -0.5397232 -0.2346487 0.8068935
1535224894.734807 -0.7250372 -1.2686914 1.8430016 0.0537650 -0.5747882 -0.2435814 0.7793561
1535224895.558758 -0.8566177 -1.2984866 1.8713876 0.0625253 -0.5990074 -0.2666323 0.7524546
1535224896.283326 -0.9788662 -1.3081542 1.8905402 0.0668058 -0.6176447 -0.2947892 0.7260519
1535224897.008152 -1.1123827 -1.3115968 1.8921844 0.0557924 -0.6345929 -0.2982754 0.7107820
1535224897.601075 -1.2360115 -1.3171020 1.8996414 0.0612773 -0.6304672 -0.3149022 0.7068188
1535224898.161216 -1.3440127 -1.3270596 1.8970885 0.0524222 -0.6384041 -0.3173930 0.6992523
1535224898.753879 -1.4436821 -1.3370209 1.8969908 0.0467703 -0.6397975 -0.3192940 0.6975120
1535224899.346800 -1.5449574 -1.3455510 1.8951322 0.0383627 -0.6437784 -0.3240138 0.6921652
1535224899.840600 -1.6260486 -1.3611677 1.8847144 0.0363813 -0.6458589 -0.3307669 0.6871215
1535224900.367961 -1.7148807 -1.3840079 1.8954052 0.0319540 -0.6364973 -0.3397819 0.6916635
1535224900.861758 -1.8012953 -1.4046555 1.8776799 0.0210683 -0.6427684 -0.3445836 0.6838619
1535224901.389119 -1.8974237 -1.4337456 1.8623455 0.0170461 -0.6387916 -0.3383621 0.6907719
1535224901.882916 -1.9887671 -1.4634448 1.8531179 0.0159326 -0.6365769 -0.3364328 0.6937788
1535224902.179250 -2.0480161 -1.4851999 1.8456246 0.0163872 -0.6376474 -0.3337290 0.6940910
1535224902.673829 -2.1474326 -1.5240929 1.8330069 0.0194063 -0.6440936 -0.3195077 0.6947530
1535224903.398655 -2.2863755 -1.5591918 1.8388553 0.0297572 -0.6433903 -0.3087962 0.6998631
1535224904.237828 -2.4396186 -1.5797634 1.8377538 0.0341122 -0.6366513 -0.3162532 0.7024922
1535224905.078039 -2.5949337 -1.6080608 1.8397529 0.0113927 -0.6203125 -0.3188881 0.7165145
1535224906.000075 -2.7551131 -1.6193652 1.8287690 -0.0078867 -0.6045721 -0.3224882 0.7283075
1535224906.659341 -2.8807912 -1.6301695 1.8190296 -0.0120159 -0.5997761 -0.3213521 0.7327053
1535224906.955673 -2.9351015 -1.6327946 1.8120692 -0.0079962 -0.5986921 -0.3189050 0.7347132
1535224907.449470 -3.0256667 -1.6421930 1.8205266 0.0013627 -0.5918722 -0.3196523 0.7399378
1535224907.828664 -3.0987186 -1.6523156 1.8383410 0.0059391 -0.5867515 -0.3225065 0.7427496
1535224908.256901 -3.1742558 -1.6611490 1.8371062 0.0119606 -0.5881999 -0.3263241 0.7398584
1535224908.766960 -3.2604032 -1.6834275 1.8379295 0.0149233 -0.5761845 -0.3258919 0.7493885
1535224909.229017 -3.3406913 -1.6925055 1.8468125 0.0119047 -0.5699998 -0.3277780 0.7533393
1535224909.821941 -3.4326758 -1.7053553 1.8383565 0.0162277 -0.5747679 -0.3264024 0.7502266
1535224910.348261 -3.5025172 -1.7164618 1.8514676 0.0190815 -0.5632628 -0.3296714 0.7574217
1535224910.974745 -3.5990789 -1.7234964 1.8468719 0.0081962 -0.5629170 -0.3516885 0.7479120
1535224911.501324 -3.6911325 -1.7317082 1.8422976 0.0039508 -0.5563258 -0.3710004 0.7435353
1535224912.127807 -3.8052411 -1.7416847 1.8202593 0.0087677 -0.5675963 -0.3866219 0.7268295
1535224912.556046 -3.8749208 -1.7434483 1.7698655 0.0298321 -0.5988230 -0.4102665 0.6871699
1535224912.852378 -3.9034288 -1.7356579 1.7179883 0.0554769 -0.6320824 -0.4308739 0.6416711
1535224913.017063 -3.9167755 -1.7324861 1.6907315 0.0682772 -0.6495637 -0.4406503 0.6158187
1535224913.049844 -3.9205194 -1.7322551 1.6858256 0.0691352 -0.6535354 -0.4423847 0.6102521
1535224913.115148 -3.9235044 -1.7302132 1.6735575 0.0723018 -0.6609872 -0.4460494 0.5990896
1535224913.181749 -3.9276962 -1.7296870 1.6605175 0.0732921 -0.6690565 -0.4508686 0.5862671
1535224913.247052 -3.9277000 -1.7257023 1.6444051 0.0773297 -0.6759291 -0.4580019 0.5721664
1535224913.378957 -3.9249372 -1.7111607 1.6195657 0.0878838 -0.6921930 -0.4741269 0.5369814
1535224916.557821 -3.9329991 -1.4175878 1.0847729 0.0179969 -0.8450021 -0.5177441 0.1326225
1535224916.886933 -3.9945960 -1.4245614 1.1031723 -0.0263943 -0.8568923 -0.4984931 0.1286219
1535224916.937015 -3.9799490 -1.4119359 1.0831056 -0.0282262 -0.8548637 -0.5006765 0.1331708
1535224917.365251 -3.9804783 -1.3667363 0.9851377 -0.0336958 -0.8494579 -0.5130522 0.1185896
1535224917.859048 -4.0055661 -1.3193568 0.8818582 -0.0176493 -0.8497053 -0.5167342 0.1033212
1535224918.254506 -4.0310173 -1.2823704 0.8238764 -0.0291809 -0.8555526 -0.5060429 0.1053515
1535224918.583619 -4.0570154 -1.2491949 0.7811403 -0.0478950 -0.8584391 -0.4975530 0.1150187
1535224919.176541 -4.0817437 -1.1850926 0.7206738 -0.0582570 -0.8605994 -0.4933960 0.1119611
1535224919.703901 -4.0907631 -1.1142229 0.6640878 -0.0440997 -0.8607206 -0.4985459 0.0930976
1535224920.148528 -4.0951552 -1.0493765 0.6096541 -0.0515571 -0.8560753 -0.5088847 0.0742517
1535224920.494030 -4.0959983 -0.9909889 0.5560399 -0.0798439 -0.8520110 -0.5143629 0.0559745
1535224921.119734 -4.0620861 -0.9183317 0.4568827 0.0592424 0.8554915 0.5141191 0.0175020
1535224921.894513 -4.0811453 -0.7993055 0.3270906 0.0461409 0.8499327 0.5242271 0.0259114
1535224922.536349 -4.0869484 -0.7085978 0.2019579 0.0315538 0.8450074 0.5325736 0.0364992
1535224923.721935 -4.0851202 -0.5231363 -0.0070070 0.0243949 0.8377615 0.5422813 0.0590904
1535224925.006904 -4.0940957 -0.3353874 -0.2532810 0.0311059 0.8286782 0.5582193 0.0267615
1535224925.798073 -4.0869966 -0.2365485 -0.4159551 0.0340243 0.8300709 0.5559968 0.0263130
1535224926.324394 -4.1184425 -0.1683531 -0.5155267 -0.0493408 -0.8346325 -0.5485514 0.0067423
1535224926.884536 -4.1215239 -0.0849763 -0.6080787 -0.0441137 -0.8376296 -0.5444023 0.0075424
1535224927.345552 -4.1415014 -0.0139477 -0.6656017 -0.0405924 -0.8333942 -0.5509335 0.0166935
1535224927.411897 -4.1457891 -0.0033933 -0.6743598 -0.0407532 -0.8324509 -0.5522721 0.0189811
1535224927.477459 -4.1500969 0.0069644 -0.6831374 -0.0405886 -0.8316744 -0.5533686 0.0212936
1535224927.609363 -4.1582146 0.0268681 -0.7017685 -0.0396757 -0.8303574 -0.5552372 0.0253777
1535224927.872914 -4.1686921 0.0626026 -0.7453934 -0.0406204 -0.8278033 -0.5587921 0.0290369
1535224928.333932 -4.1776710 0.1219180 -0.8295570 -0.0363868 -0.8236769 -0.5651316 0.0293045
1535224929.223187 -4.2025676 0.2370281 -0.9808939 -0.0477878 -0.8174690 -0.5723884 0.0428072
1535224930.079918 -4.2020569 0.3528947 -1.1209099 -0.0471880 -0.8167385 -0.5738343 0.0377575
1535224930.672581 -4.2013650 0.4391880 -1.2269208 -0.0533281 -0.8150833 -0.5760025 0.0318830
1535224931.364629 -4.1828351 0.5491067 -1.3515482 -0.0476884 -0.8184638 -0.5724268 0.0130535
1535224932.089456 -4.1723380 0.6647841 -1.4725120 -0.0535306 -0.8236020 -0.5646253 0.0035581
1535224932.550473 -4.1517725 0.7363126 -1.5541146 0.0512403 0.8238661 0.5642801 0.0143874
1535224933.439728 -4.1157088 0.8755815 -1.6870244 0.0455877 0.8178344 0.5716913 0.0473046
1535224934.230639 -4.0672464 0.9873175 -1.8098356 0.0400554 0.8144924 0.5727993 0.0830584
1535224934.691657 -4.0559754 1.0543194 -1.8846169 0.0420957 0.8142089 0.5722212 0.0886273
1535224935.020769 -4.0398388 1.1006215 -1.9410614 0.0422899 0.8113135 0.5749091 0.0972709
1535224935.514569 -4.0022969 1.1709373 -2.0251327 0.0345418 0.8090210 0.5752909 0.1154655
1535224936.041930 -3.9836540 1.2504573 -2.1223178 0.0301065 0.8090754 0.5753587 0.1159872
1535224936.502946 -3.9602365 1.3259182 -2.1926658 0.0236996 0.8085670 0.5730836 0.1312739
1535224937.030564 -3.9162350 1.4033805 -2.2628927 0.0147939 0.8052759 0.5693907 0.1646395
1535224937.590450 -3.8618674 1.4817817 -2.3358288 -0.0043670 0.7967052 0.5641197 0.2168194
1535224937.787916 -3.8368859 1.5068641 -2.3608282 -0.0116476 0.7926990 0.5592943 0.2422443
1535224938.117028 -3.7918792 1.5426490 -2.4020898 -0.0153620 0.7854226 0.5504023 0.2827234
1535224938.315276 -3.7596002 1.5596963 -2.4230490 -0.0172687 0.7799329 0.5433824 0.3100678
1535224938.447181 -3.7379136 1.5687480 -2.4343147 -0.0209085 0.7759190 0.5371641 0.3301019
1535224938.644388 -3.7057605 1.5812871 -2.4494717 -0.0280451 0.7692398 0.5271879 0.3599397
1535224938.709950 -3.6940722 1.5856503 -2.4539399 -0.0291264 0.7669368 0.5239398 0.3693870
1535224938.841596 -3.6716027 1.5927811 -2.4631753 -0.0288615 0.7611886 0.5185250 0.3884468
1535224938.973501 -3.6491919 1.6002760 -2.4727371 -0.0318010 0.7565734 0.5127660 0.4045445
1535224939.105405 -3.6293497 1.6091130 -2.4834330 -0.0361683 0.7532160 0.5063628 0.4182753
1535224939.237310 -3.6092722 1.6174812 -2.4949703 -0.0398592 0.7496975 0.5004560 0.4311714
1535224939.336435 -3.5936160 1.6229858 -2.5037122 -0.0370462 0.7459751 0.4976924 0.4409659
1535224939.401739 -3.5830674 1.6265126 -2.5096395 -0.0339381 0.7430912 0.4961488 0.4477723
1535224939.600244 -3.5507240 1.6353321 -2.5252721 -0.0287601 0.7348846 0.4884071 0.4696551
1535224939.797452 -3.5184443 1.6428581 -2.5409708 -0.0338404 0.7289965 0.4769481 0.4898361
1535224939.994660 -3.4828570 1.6498705 -2.5552332 -0.0327102 0.7197602 0.4673145 0.5123401
1535224940.126567 -3.4589038 1.6529766 -2.5631480 -0.0348189 0.7135706 0.4590688 0.5280724
1535224940.258471 -3.4349482 1.6561265 -2.5717497 -0.0366007 0.7077007 0.4499809 0.5434496
1535224940.390118 -3.4112959 1.6589140 -2.5820940 -0.0367710 0.7030923 0.4412444 0.5564284
1535224940.522022 -3.3889000 1.6597676 -2.5934567 -0.0361173 0.7000793 0.4323530 0.5671467
1535224940.719489 -3.3528285 1.6580819 -2.6112447 -0.0301320 0.6955358 0.4220356 0.5806961
1535224941.049641 -3.2925317 1.6523926 -2.6395214 -0.0188911 0.6880159 0.4053669 0.6016269
1535224941.312153 -3.2428403 1.6481146 -2.6559505 -0.0125997 0.6791252 0.3918533 0.6205491
1535224941.806992 -3.1585898 1.6555994 -2.6732242 -0.0071587 0.6591774 0.3722921 0.6533243
1535224942.399914 -3.0630884 1.6905541 -2.7143912 0.0083765 0.6557730 0.3810262 0.6516984
1535224942.860673 -2.9862688 1.6967261 -2.7314734 0.0171212 0.6415026 0.3782145 0.6671844
1535224943.388291 -2.8925016 1.7013644 -2.7464352 0.0253426 0.6211904 0.3718006 0.6893799
1535224943.881833 -2.8069746 1.7277356 -2.7851892 0.0237134 0.6246860 0.3748131 0.6846315
1535224944.474756 -2.7026806 1.7498997 -2.8166232 0.0162204 0.6167978 0.3776005 0.6904457
1535224945.134021 -2.5849164 1.7692467 -2.8354442 -0.0047016 0.6015545 0.3683099 0.7088426
1535224945.792245 -2.4602487 1.7716378 -2.8382280 -0.0113995 0.5821298 0.3732338 0.7222821
1535224946.549596 -2.3190203 1.7843984 -2.8530085 -0.0204824 0.5697425 0.3713310 0.7328624
1535224947.011653 -2.2270479 1.7772474 -2.8589754 -0.0243279 0.5624296 0.3603790 0.7437796
1535224947.340766 -2.1547687 1.7768890 -2.8717082 -0.0257020 0.5591180 0.3604189 0.7462069
1535224947.769263 -2.0522285 1.7669320 -2.8824191 -0.0318008 0.5572314 0.3653293 0.7449942
1535224948.295583 -1.9384575 1.7614090 -2.8995059 -0.0320444 0.5589166 0.3729275 0.7399395
1535224948.757641 -1.8378767 1.7447115 -2.9143815 -0.0285283 0.5532942 0.3706867 0.7454147
1535224949.415866 -1.7091923 1.7459370 -2.9064288 -0.0369747 0.5457999 0.3600511 0.7557107
1535224950.140434 -1.5676843 1.7737807 -2.9171667 -0.0459495 0.5449910 0.3760458 0.7479727
1535224950.832482 -1.4265155 1.7671094 -2.8849888 -0.0483996 0.5321466 0.3671035 0.7613885
1535224951.557308 -1.2943728 1.7965415 -2.8777041 -0.0529526 0.5324387 0.3652259 0.7617842
1535224952.050850 -1.2010623 1.8037697 -2.8639359 -0.0563755 0.5244166 0.3685107 0.7655122
1535224952.511867 -1.1132002 1.8012466 -2.8563673 -0.0579134 0.5228057 0.3653396 0.7680151
1535224953.171134 -0.9829398 1.7964361 -2.8411419 -0.0558462 0.5151607 0.3649130 0.7735175
1535224953.698752 -0.8658918 1.7915134 -2.8360331 -0.0505317 0.5207258 0.3664012 0.7694423
1535224954.356978 -0.7309821 1.7820867 -2.8158410 -0.0434962 0.5115794 0.3364046 0.7894470
1535224954.917121 -0.6287028 1.7742426 -2.8007369 -0.0345670 0.5086917 0.3291889 0.7947782
1535224955.773594 -0.4960209 1.7677928 -2.7712765 0.0039190 0.4860016 0.3714745 0.7910714
1535224956.399041 -0.4054935 1.7295252 -2.7382219 0.0102515 0.4643597 0.3577510 0.8101106
1535224956.860058 -0.3405321 1.7002370 -2.7101846 -0.0037482 0.4503981 0.3377538 0.8264683
1535224957.255774 -0.2947955 1.6664419 -2.6804800 -0.0104237 0.4289802 0.3209792 0.8442984
1535224957.584886 -0.2589762 1.6351817 -2.6549306 -0.0076786 0.4004811 0.3138830 0.8608330
1535224957.848695 -0.2279806 1.6087604 -2.6345372 -0.0054360 0.3775245 0.3071094 0.8735729
1535224958.112246 -0.1994826 1.5822158 -2.6138315 -0.0060589 0.3549657 0.2962527 0.8866776
1535224958.309454 -0.1787693 1.5655298 -2.5987368 -0.0074349 0.3373373 0.2876096 0.8963420
1535224958.441358 -0.1658071 1.5545957 -2.5867743 -0.0087871 0.3261793 0.2802934 0.9027544
1535224958.737950 -0.1401662 1.5310837 -2.5601082 -0.0115371 0.3002926 0.2626440 0.9169021
1535224958.869597 -0.1307222 1.5201428 -2.5478187 -0.0154814 0.2910793 0.2492834 0.9235210
1535224959.001501 -0.1244719 1.5081553 -2.5335927 -0.0170042 0.2798694 0.2365307 0.9302888
1535224959.133405 -0.1188897 1.4968561 -2.5164676 -0.0157317 0.2660266 0.2243525 0.9373624
1535224959.265310 -0.1123973 1.4828573 -2.4990711 -0.0116988 0.2489336 0.2182887 0.9435281
1535224959.397215 -0.1063228 1.4667528 -2.4806447 -0.0057833 0.2316067 0.2155730 0.9486059
1535224959.528862 -0.1002782 1.4509319 -2.4620721 0.0010094 0.2142044 0.2124606 0.9534023
1535224959.726328 -0.0891646 1.4214735 -2.4318700 0.0097429 0.1836725 0.2110259 0.9600196
1535224959.989880 -0.0801792 1.3848352 -2.3892398 0.0234321 0.1442722 0.2049488 0.9677978
1535224960.418376 -0.0697100 1.3251418 -2.3317626 0.0362542 0.1018975 0.1806747 0.9775782
1535224960.812792 -0.0486782 1.2764416 -2.2983327 0.0496437 0.0851826 0.1608805 0.9820371
1535224961.142945 -0.0297278 1.2319491 -2.2754793 0.0660719 0.0736276 0.1415828 0.9849709
1535224961.208507 -0.0273525 1.2230241 -2.2731411 0.0686451 0.0718674 0.1376535 0.9854819
1535224961.340153 -0.0174652 1.2090827 -2.2643657 0.0740620 0.0659906 0.1327950 0.9861671
1535224961.406754 -0.0128581 1.2087106 -2.2595088 0.0796885 0.0629652 0.1311994 0.9861399
1535224962.229407 0.0458149 1.1668011 -2.2078316 0.0836620 0.0468359 0.1324141 0.9865463
1535224962.690425 0.0643347 1.1559755 -2.1572559 0.0735258 0.0289563 0.1207740 0.9895298
1535224963.317169 0.0726966 1.1305559 -2.0645289 0.0629674 -0.0250149 0.1348320 0.9885493
1535224963.547159 0.0735075 1.1145930 -2.0273829 0.0546402 -0.0306744 0.1142870 0.9914696
1535224963.579682 0.0736633 1.1122872 -2.0219820 0.0532729 -0.0310058 0.1121780 0.9917746
1535224963.646283 0.0729613 1.1084331 -2.0117505 0.0512528 -0.0309659 0.1062196 0.9925380
1535224963.711586 0.0728550 1.1053451 -2.0011849 0.0490266 -0.0317428 0.1030101 0.9929641
1535224963.745407 0.0735563 1.1031185 -1.9966984 0.0475046 -0.0331438 0.1013338 0.9931648
1535224963.909834 0.0729274 1.0956119 -1.9717963 0.0398124 -0.0408733 0.0960259 0.9937421
1535224964.304508 0.0716712 1.0828857 -1.9148043 0.0204536 -0.0540851 0.0838988 0.9947952
1535224964.898471 0.0934308 1.0576181 -1.8309817 0.0005036 -0.0605312 0.0839549 0.9946293
1535224965.194803 0.1031451 1.0382584 -1.7842987 -0.0081036 -0.0609071 0.0844756 0.9945293
1535224965.491137 0.1046434 1.0185699 -1.7373378 -0.0171791 -0.0663851 0.0797305 0.9944551
1535224965.753907 0.1086729 0.9995345 -1.6967615 -0.0219096 -0.0671125 0.0726544 0.9948554
1535224966.133101 0.1206105 0.9691233 -1.6402688 -0.0230347 -0.0718808 0.0746587 0.9943483
1535224966.396782 0.1333438 0.9449437 -1.6024324 -0.0203743 -0.0730627 0.0791120 0.9939759
1535224966.528687 0.1392317 0.9332694 -1.5856537 -0.0184861 -0.0735130 0.0804934 0.9938686
1535224966.725895 0.1497494 0.9186571 -1.5585872 -0.0166512 -0.0708829 0.0780811 0.9942845
1535224967.105220 0.1771918 0.8964953 -1.5040181 -0.0190322 -0.0707618 0.0818909 0.9939439
1535224967.499637 0.2096886 0.8819348 -1.4462397 -0.0246384 -0.0647274 0.0746439 0.9948023
1535224967.763446 0.2237937 0.8684673 -1.4135857 -0.0280496 -0.0638154 0.0692720 0.9951594
1535224967.829789 0.2272745 0.8643343 -1.4064413 -0.0292055 -0.0637195 0.0681091 0.9952126
1535224968.093598 0.2396721 0.8472065 -1.3761978 -0.0350773 -0.0613039 0.0661265 0.9953083
1535224968.290806 0.2509086 0.8336536 -1.3526917 -0.0409306 -0.0605374 0.0664389 0.9951109
1535224968.850949 0.2869538 0.7885619 -1.2810788 -0.0526641 -0.0575159 0.0604113 0.9951226
1535224969.114758 0.2975242 0.7565630 -1.2510318 -0.0543109 -0.0575889 0.0582834 0.9951567
1535224969.377529 0.3017151 0.7216589 -1.2217594 -0.0553683 -0.0581364 0.0562408 0.9951842
1535224969.443871 0.3024997 0.7131351 -1.2146405 -0.0553065 -0.0587657 0.0554357 0.9951958
1535224969.509175 0.3030685 0.7044628 -1.2074196 -0.0555193 -0.0598510 0.0545975 0.9951656
1535224969.575778 0.3030152 0.6962422 -1.1996166 -0.0556183 -0.0609956 0.0541047 0.9951175
1535224969.839329 0.3044468 0.6647403 -1.1695997 -0.0575117 -0.0650877 0.0472426 0.9951001
1535224970.102099 0.3071421 0.6330658 -1.1402326 -0.0599720 -0.0701178 0.0437507 0.9947727
1535224970.300346 0.3094399 0.6053056 -1.1201934 -0.0619285 -0.0725193 0.0412341 0.9945882
1535224970.432251 0.3094906 0.5863754 -1.1054859 -0.0628027 -0.0755722 0.0389606 0.9943977
1535224970.629459 0.3073258 0.5596435 -1.0821638 -0.0630880 -0.0811480 0.0356567 0.9940642
1535224970.761364 0.3055634 0.5404878 -1.0663905 -0.0609598 -0.0826849 0.0315135 0.9942103
1535224970.893268 0.3041163 0.5205055 -1.0498801 -0.0580901 -0.0848991 0.0277579 0.9943074
1535224971.321506 0.3046127 0.4562865 -0.9955278 -0.0587727 -0.0922238 0.0279014 0.9936106
1535224971.585315 0.3093982 0.4190856 -0.9585657 -0.0585732 -0.0934908 0.0270757 0.9935268
1535224971.979732 0.3078770 0.3628014 -0.9074813 -0.0551625 -0.1023417 0.0329046 0.9926735
1535224972.490960 0.3052920 0.3095245 -0.8439512 -0.0527798 -0.1089885 0.0281738 0.9922409
1535224973.199140 0.3071118 0.2498120 -0.7457482 -0.0535793 -0.1150366 0.0262865 0.9915669
1535224973.857625 0.2959055 0.1903677 -0.6435731 -0.0584262 -0.1186763 0.0274922 0.9908313
1535224974.582193 0.2929393 0.1208592 -0.5248396 -0.0661199 -0.1179396 0.0259205 0.9904780
1535224975.026820 0.2854905 0.0686683 -0.4481396 -0.0661392 -0.1204905 0.0138237 0.9904124
1535224975.537793 0.2872537 0.0046254 -0.3495262 -0.0581342 -0.1249129 0.0027134 0.9904594
1535224976.228800 0.2808586 -0.0837551 -0.2130723 -0.0596992 -0.1329669 -0.0010109 0.9893204
1535224976.987446 0.2845922 -0.1784623 -0.0412070 -0.0666667 -0.1287775 0.0004391 0.9894300
1535224977.547589 0.2745587 -0.2491161 0.0891611 -0.0465393 -0.1282746 0.0029198 0.9906418
1535224978.140254 0.2599829 -0.3138734 0.2229313 -0.0313959 -0.1383333 0.0038009 0.9898807
1535224978.865082 0.2368591 -0.3823995 0.3908930 -0.0154723 -0.1447708 -0.0019277 0.9893423
1535224980.050671 0.2081337 -0.4621834 0.6620207 -0.0083560 -0.1501263 -0.0102857 0.9885780
1535224980.676374 0.1926991 -0.5110673 0.7939137 -0.0176566 -0.1499067 -0.0123340 0.9884655
1535224981.301820 0.1742771 -0.5656176 0.9185969 -0.0311803 -0.1612952 -0.0223892 0.9861594
1535224981.796659 0.1520506 -0.6133798 1.0101289 -0.0345060 -0.1704217 -0.0306833 0.9842888
1535224981.993868 0.1471894 -0.6305185 1.0410016 -0.0345836 -0.1728965 -0.0329236 0.9837819
1535224982.356803 0.1388835 -0.6710455 1.1111419 -0.0356168 -0.1744232 -0.0358768 0.9833722
1535224983.311361 0.0872078 -0.7762968 1.2652105 -0.0386531 -0.2038387 -0.0493813 0.9769940
1535224983.772378 0.0510075 -0.8178810 1.3312541 -0.0427863 -0.2268114 -0.0600944 0.9711409
1535224984.036189 0.0282680 -0.8381729 1.3731511 -0.0420588 -0.2346862 -0.0753150 0.9682361
1535224984.596330 -0.0237095 -0.8874036 1.4494141 -0.0361508 -0.2674880 -0.0905177 0.9586187
1535224985.320900 -0.1026792 -0.9398507 1.5532498 -0.0206994 -0.3126439 -0.1166310 0.9424556
1535224989.306418 -0.5880098 -1.1634563 1.8536081 -0.0126511 -0.5214666 -0.2390551 0.8190026
1535224989.701873 -0.6564944 -1.1907578 1.8642374 -0.0069663 -0.5356818 -0.2536882 0.8053811
1535224990.130112 -0.7275947 -1.2093805 1.8694794 -0.0040499 -0.5534979 -0.2684305 0.7883964
1535224990.493044 -0.7804963 -1.2245389 1.8787762 -0.0030737 -0.5658334 -0.2774858 0.7764179
1535224990.921283 -0.8411340 -1.2425385 1.8866082 -0.0047857 -0.5806200 -0.2884009 0.7613688
1535224991.514206 -0.9215020 -1.2640331 1.8987951 -0.0065767 -0.5923030 -0.3104649 0.7434686
1535224992.073308 -0.9866402 -1.2892843 1.8988590 -0.0088325 -0.6078437 -0.3303361 0.7220291
1535224992.403463 -1.0237783 -1.3046268 1.8952231 -0.0072341 -0.6176182 -0.3388675 0.7096931
1535224992.797880 -1.0700768 -1.3235409 1.8939416 -0.0049673 -0.6260779 -0.3464518 0.6985506
1535224993.094469 -1.1101215 -1.3400304 1.8999864 -0.0015167 -0.6256269 -0.3558064 0.6942554
1535224993.341759 -1.1453911 -1.3533349 1.9093031 -0.0094224 -0.6242502 -0.3539874 0.6963590
1535224993.918162 -1.2427005 -1.3792055 1.9256886 -0.0193869 -0.6154271 -0.3630339 0.6993426
1535224994.413002 -1.3280405 -1.4097701 1.9402653 -0.0337879 -0.6101580 -0.3653846 0.7021821
1535224994.725724 -1.3774440 -1.4244685 1.9495122 -0.0344615 -0.6092346 -0.3647813 0.7032639
1535224995.203135 -1.4589934 -1.4493749 1.9425087 -0.0292519 -0.6162280 -0.3609080 0.6993946
1535224995.318648 -1.4725499 -1.4523952 1.9411420 -0.0288677 -0.6194218 -0.3567546 0.6987199
1535224995.450424 -1.4941486 -1.4566176 1.9361534 -0.0324821 -0.6237591 -0.3521738 0.6970245
1535224995.730495 -1.5440167 -1.4633597 1.9271797 -0.0384651 -0.6276574 -0.3512619 0.6936727
1535224996.043217 -1.5950150 -1.4639742 1.9223204 -0.0279649 -0.6312081 -0.3638690 0.6843929
1535224996.108779 -1.6056310 -1.4633096 1.9180115 -0.0204528 -0.6304616 -0.3684807 0.6828776
1535224996.520625 -1.6626090 -1.4626553 1.9121727 -0.0079476 -0.6436929 -0.3792668 0.6646451
1535224997.129810 -1.7538429 -1.4714357 1.9103589 -0.0191486 -0.6421729 -0.3804318 0.6652210
1535224997.608129 -1.8490968 -1.4842598 1.8871826 -0.0156019 -0.6428829 -0.3769951 0.6665829
1535224997.920981 -1.9058673 -1.4953712 1.8771511 -0.0012377 -0.6386353 -0.3854805 0.6659942
1535224998.201052 -1.9626410 -1.5035839 1.8659986 -0.0120183 -0.6393981 -0.3854478 0.6651734
1535224998.497386 -2.0185342 -1.5103989 1.8514014 -0.0221095 -0.6407567 -0.3804578 0.6664788
1535224998.810237 -2.0720353 -1.5169222 1.8324636 -0.0243057 -0.6458088 -0.3764979 0.6637692
1535224999.155871 -2.1337206 -1.5201480 1.8015673 -0.0213545 -0.6538153 -0.3781971 0.6550088
1535224999.484983 -2.1889350 -1.5234319 1.7844031 -0.0220510 -0.6561397 -0.3800340 0.6515893
1535224999.815135 -2.2454197 -1.5321903 1.7816235 -0.0270708 -0.6540819 -0.3740506 0.6569095
1535225000.259763 -2.3274109 -1.5454470 1.7852184 -0.0288097 -0.6435330 -0.3729094 0.6678128
1535225000.836039 -2.4533834 -1.5697047 1.8064160 -0.0282199 -0.6244362 -0.3765312 0.6837451
1535225001.412571 -2.5836163 -1.5944757 1.8041253 -0.0248584 -0.6241618 -0.3647969 0.6904544
1535225002.285693 -2.7881579 -1.6080918 1.7811389 -0.0307351 -0.6274829 -0.3498840 0.6949114
1535225003.223862 -2.9878774 -1.6126833 1.7858882 -0.0283912 -0.6224301 -0.3376137 0.7055436
1535225003.751354 -3.0915816 -1.6266994 1.8047459 -0.0272406 -0.6160034 -0.3269758 0.7161596
1535225004.425842 -3.2257600 -1.6404783 1.8216116 -0.0299426 -0.6105713 -0.3188203 0.7243340
1535225004.772384 -3.2884500 -1.6437463 1.8181720 -0.0114250 -0.6111687 -0.3269199 0.7207397
1535225005.184491 -3.3652973 -1.6468228 1.8195388 -0.0007841 -0.6134950 -0.3318978 0.7165662
1535225005.612728 -3.4484196 -1.6395928 1.8381739 -0.0015838 -0.6048607 -0.3445944 0.7179107
1535225006.106268 -3.5391245 -1.6294253 1.8544450 -0.0103254 -0.5963737 -0.3573206 0.7187168
1535225006.205650 -3.5550339 -1.6281710 1.8566730 -0.0115229 -0.5946977 -0.3606452 0.7184267
1535225006.468162 -3.5980053 -1.6291199 1.8648422 -0.0165237 -0.5867966 -0.3653522 0.7224365
1535225006.699191 -3.6379411 -1.6336095 1.8740456 -0.0206169 -0.5787635 -0.3668550 0.7280282
1535225006.863878 -3.6686044 -1.6372490 1.8788867 -0.0213115 -0.5715973 -0.3703776 0.7318762
1535225006.995525 -3.6938047 -1.6399195 1.8812282 -0.0236457 -0.5676928 -0.3711364 0.7344546
1535225007.127430 -3.7188163 -1.6426885 1.8826411 -0.0258158 -0.5633217 -0.3726193 0.7369919
1535225007.358458 -3.7597654 -1.6484776 1.8858268 -0.0288125 -0.5547867 -0.3777995 0.7407085
1535225007.655050 -3.8115916 -1.6538625 1.8873453 -0.0432005 -0.5507947 -0.3787965 0.7424770
1535225008.016686 -3.8752763 -1.6670406 1.8954248 -0.0526933 -0.5410001 -0.3782916 0.7492915
1535225008.214152 -3.9106653 -1.6750329 1.8946660 -0.0575538 -0.5400706 -0.3774711 0.7500180
1535225008.445180 -3.9522324 -1.6842082 1.8912208 -0.0630590 -0.5401867 -0.3761418 0.7501595
1535225008.675951 -3.9940176 -1.6930530 1.8836603 -0.0694932 -0.5429752 -0.3741618 0.7485664
1535225008.873417 -4.0320539 -1.6978467 1.8782780 -0.0688644 -0.5441989 -0.3780822 0.7457607
1535225009.037844 -4.0505719 -1.7025089 1.8760989 -0.0687875 -0.5450938 -0.3788916 0.7447028
1535225009.104445 -4.0739193 -1.7052813 1.8759298 -0.0660703 -0.5453857 -0.3815705 0.7433661
1535225009.169749 -4.0859575 -1.7082937 1.8749235 -0.0658553 -0.5456671 -0.3817149 0.7431045
1535225009.268874 -4.1045628 -1.7129977 1.8736234 -0.0660073 -0.5464340 -0.3812049 0.7427891
1535225009.334436 -4.1166573 -1.7165139 1.8731074 -0.0658770 -0.5472267 -0.3809313 0.7423575
1535225009.466083 -4.1417556 -1.7228084 1.8721733 -0.0648717 -0.5481870 -0.3803601 0.7420303
1535225009.597987 -4.1673112 -1.7286410 1.8721611 -0.0621605 -0.5491310 -0.3808632 0.7413059
1535225009.663549 -4.1802511 -1.7309766 1.8711052 -0.0614217 -0.5504845 -0.3802810 0.7406622
1535225009.697111 -4.1871409 -1.7321117 1.8701701 -0.0615116 -0.5514105 -0.3797916 0.7402170
1535225009.762673 -4.2007389 -1.7342577 1.8682127 -0.0622714 -0.5536966 -0.3785856 0.7390638
1535225009.894578 -4.2277308 -1.7381933 1.8649671 -0.0616168 -0.5574676 -0.3775958 0.7367867
1535225010.059005 -4.2605023 -1.7446477 1.8645096 -0.0571681 -0.5585008 -0.3782776 0.7360127
1535225010.190910 -4.2864099 -1.7516539 1.8653979 -0.0556795 -0.5588167 -0.3771518 0.7364647
1535225010.322815 -4.3122382 -1.7599015 1.8676248 -0.0554913 -0.5586156 -0.3745787 0.7379433
1535225010.553844 -4.3582845 -1.7738738 1.8756902 -0.0529446 -0.5555892 -0.3728206 0.7412977
1535225010.718271 -4.3921251 -1.7820823 1.8808937 -0.0491566 -0.5535869 -0.3764766 0.7412089
1535225010.915480 -4.4339118 -1.7887883 1.8820724 -0.0491467 -0.5559912 -0.3806022 0.7372926
1535225011.146510 -4.4861531 -1.7952929 1.8804083 -0.0527527 -0.5587270 -0.3836564 0.7333820
1535225011.508404 -4.5644083 -1.8084369 1.8868074 -0.0524980 -0.5549250 -0.3904147 0.7327200
1535225011.871338 -4.6376982 -1.8242788 1.8939438 -0.0568462 -0.5534688 -0.3916975 0.7328123
1535225012.134108 -4.6929345 -1.8315556 1.9010825 -0.0586894 -0.5541379 -0.3952640 0.7302418
1535225012.430440 -4.7569132 -1.8385041 1.9081159 -0.0611552 -0.5570685 -0.3944620 0.7282407
1535225012.727811 -4.8199172 -1.8474703 1.9131894 -0.0558647 -0.5577283 -0.3995395 0.7253872
1535225012.957800 -4.8667288 -1.8585906 1.9115267 -0.0552554 -0.5609984 -0.4003677 0.7224495
1535225013.254391 -4.9283953 -1.8775918 1.9065628 -0.0506040 -0.5629838 -0.4055008 0.7183715
1535225013.550725 -4.9887342 -1.8876250 1.9042237 -0.0310902 -0.5579622 -0.4211764 0.7143683
1535225013.814535 -5.0333948 -1.8978155 1.9110076 -0.0114385 -0.5483430 -0.4322598 0.7157797
1535225014.159909 -5.0856466 -1.8938358 1.9112341 -0.0126046 -0.5555427 -0.4320837 0.7102937
1535225014.341896 -5.1180706 -1.8852277 1.9029636 -0.0153833 -0.5648721 -0.4337915 0.7017890
1535225014.638228 -5.1680293 -1.8734255 1.8905721 -0.0108949 -0.5743276 -0.4431221 0.6882383
1535225014.819175 -5.1960516 -1.8675029 1.8799839 -0.0147106 -0.5841361 -0.4451269 0.6785504
1535225015.000121 -5.2312107 -1.8575821 1.8620257 -0.0194480 -0.5950861 -0.4498606 0.6656725
1535225015.231152 -5.2696528 -1.8429439 1.8419662 -0.0197473 -0.6062613 -0.4590859 0.6490743
1535225015.280194 -5.2735949 -1.8419442 1.8381567 -0.0205790 -0.6082919 -0.4600602 0.6464534
1535225015.494961 -5.3090925 -1.8221893 1.8180294 -0.0204910 -0.6208655 -0.4685036 0.6281803
1535225015.609307 -5.3221483 -1.8169522 1.8064542 -0.0237947 -0.6272743 -0.4708802 0.6198649
1535225015.840335 -5.3562794 -1.8009777 1.7834191 -0.0276713 -0.6395916 -0.4748344 0.6038949
1535225015.955723 -5.3756804 -1.7980204 1.7832937 -0.0412477 -0.6526074 -0.4682646 0.5942478
1535225016.004894 -5.3798838 -1.7957003 1.7798605 -0.0430834 -0.6548463 -0.4675057 0.5922487
1535225016.284836 -5.4211555 -1.7828865 1.7553983 -0.0519610 -0.6691779 -0.4693852 0.5737409
1535225016.515864 -5.4506660 -1.7704022 1.7387004 -0.0502353 -0.6785644 -0.4768178 0.5564815
1535225016.745854 -5.4779997 -1.7559645 1.7241240 -0.0445326 -0.6874233 -0.4879414 0.5360776
1535225017.421510 -5.5477066 -1.7224257 1.6709552 -0.0391544 -0.7220692 -0.5104148 0.4653598
1535225017.553415 -5.5608845 -1.7162693 1.6583931 -0.0389377 -0.7304476 -0.5121840 0.4501085
1535225018.574576 -5.6388564 -1.6769493 1.5588038 -0.0087746 -0.7861157 -0.5083737 0.3514277
1535225018.640008 -5.6435704 -1.6757936 1.5533535 -0.0067076 -0.7893345 -0.5083725 0.3441851
1535225018.690090 -5.6468363 -1.6747378 1.5463068 -0.0030693 -0.7920060 -0.5094465 0.3364244
1535225018.820956 -5.6545997 -1.6737256 1.5329208 0.0026321 -0.7975014 -0.5121909 0.3188182
1535225019.513004 -5.7028880 -1.6514424 1.4622732 0.0295999 -0.8174300 -0.5201738 0.2456650
1535225020.304176 -5.7646012 -1.6148649 1.3690393 0.0257094 -0.8267484 -0.5259744 0.1979319
1535225020.863278 -5.7874470 -1.5797671 1.2775402 0.0237790 -0.8338436 -0.5246538 0.1699348
1535225021.407029 -5.7906394 -1.5422931 1.1874673 0.0272828 -0.8411936 -0.5265630 0.1199185
1535225021.473372 -5.7911530 -1.5372097 1.1771498 0.0281921 -0.8412369 -0.5272743 0.1162219
1535225021.918000 -5.8132939 -1.5040175 1.1136792 0.0421805 -0.8371426 -0.5359465 0.1008682
1535225022.428061 -5.8312278 -1.4583151 1.0408113 0.0560226 -0.8326962 -0.5442060 0.0855475
1535225022.840036 -5.8487682 -1.4059522 0.9874853 0.0511436 -0.8343613 -0.5437179 0.0748100
1535225023.152759 -5.8654938 -1.3736510 0.9476688 0.0347900 -0.8390472 -0.5381747 0.0718159
1535225023.432959 -5.8750868 -1.3367184 0.9057932 0.0230344 -0.8466061 -0.5283951 0.0593816
1535225023.729293 -5.8805790 -1.3050723 0.8658848 0.0176505 -0.8531324 -0.5189093 0.0508607
1535225024.173920 -5.8985868 -1.2601776 0.8091100 0.0157488 -0.8544343 -0.5175713 0.0425897
1535225024.520464 -5.9104533 -1.2169313 0.7661421 0.0139265 -0.8536292 -0.5198118 0.0303170
1535225024.965091 -5.9210386 -1.1696039 0.7050345 0.0149357 -0.8527033 -0.5214238 0.0281294
1535225025.310595 -5.9210358 -1.1314825 0.6538153 0.0140017 -0.8502411 -0.5259489 0.0164883
1535225025.837955 -5.9304552 -1.0790215 0.5710860 0.0067362 -0.8459265 -0.5331905 0.0084238
1535225026.199852 -5.9371724 -1.0379982 0.5092992 0.0029593 -0.8420124 -0.5394344 0.0041098
1535225026.528965 -5.9436703 -0.9979547 0.4525599 -0.0055802 0.8382242 0.5452972 0.0002050
1535225026.792775 -5.9519887 -0.9632033 0.4091860 -0.0039659 0.8359638 0.5487699 0.0005840
1535225027.056326 -5.9615378 -0.9274884 0.3666942 -0.0000716 0.8350729 0.5501386 0.0009098
1535225027.452040 -5.9746742 -0.8746545 0.2993852 0.0006544 -0.8361030 -0.5485719 0.0004256
1535225027.945582 -5.9886637 -0.8122138 0.2066396 0.0003915 0.8365028 0.5479236 0.0065371
1535225028.736754 -6.0124598 -0.7095746 0.0415745 -0.0024141 0.8317491 0.5548992 0.0165691
1535225029.526885 -6.0470972 -0.6056665 -0.1285128 -0.0134385 0.8257490 0.5637388 0.0125132
1535225030.054246 -6.0671301 -0.5329266 -0.2497267 -0.0178957 0.8232160 0.5673526 0.0103082
1535225030.482743 -6.0879388 -0.4802773 -0.3475330 -0.0175749 0.8214433 0.5700162 0.0018832
1535225031.009065 -6.1015706 -0.4026835 -0.4813724 0.0141794 -0.8191913 -0.5733396 0.0025029
1535225031.601987 -6.1046133 -0.3116268 -0.6296961 0.0115134 -0.8238088 -0.5667489 0.0014658
1535225032.293778 -6.1013293 -0.2048201 -0.7869776 -0.0090894 0.8318313 0.5548333 0.0115804
1535225032.821398 -6.0970893 -0.1131038 -0.9071521 -0.0088675 0.8381864 0.5449829 0.0189383
1535225033.282416 -6.1036391 -0.0288529 -1.0008918 -0.0146883 0.8434069 0.5366887 0.0203561
1535225033.677872 -6.1067910 0.0441951 -1.0817733 -0.0154501 0.8475105 0.5298688 0.0269511
1535225033.940642 -6.1068325 0.0934103 -1.1364871 -0.0232528 0.8489784 0.5268880 0.0329242
1535225034.204193 -6.1158690 0.1411597 -1.1903524 -0.0269655 0.8482476 0.5280008 0.0310486
1535225034.699033 -6.1320467 0.2393329 -1.2795279 -0.0322596 0.8440702 0.5346553 0.0254665
1535225035.093449 -6.1244078 0.3083909 -1.3538636 -0.0269444 0.8378001 0.5443856 0.0317706
1535225035.686373 -6.1210809 0.4121127 -1.4491581 -0.0302431 0.8304690 0.5551051 0.0355645
1535225036.213733 -6.1400661 0.4953704 -1.5418930 -0.0288411 0.8228383 0.5669617 0.0256859
1535225036.971343 -6.1599145 0.6219779 -1.6887509 0.0180313 -0.8089706 -0.5875369 0.0064575
1535225037.959723 -6.1754570 0.8086988 -1.8646212 0.0077099 -0.8010972 -0.5982795 0.0156687
1535225039.244436 -6.1762147 1.0305946 -2.0963922 -0.0132391 0.7887103 0.6145655 0.0083737
1535225040.101168 -6.1811566 1.1768147 -2.2490292 -0.0201089 0.7811720 0.6234824 0.0252109
1535225040.529407 -6.1704636 1.2524059 -2.3379765 -0.0219572 0.7842740 0.6187525 0.0397191
1535225040.858520 -6.1670303 1.3075713 -2.4058247 -0.0214888 0.7890614 0.6123070 0.0447273
1535225041.122329 -6.1589141 1.3510211 -2.4587142 -0.0253661 0.7922432 0.6070740 0.0562892
1535225041.319540 -6.1486025 1.3840454 -2.4955359 -0.0280290 0.7939875 0.6031650 0.0706418
1535225041.451444 -6.1374874 1.4048458 -2.5206509 -0.0268020 0.7946281 0.6008685 0.0824909
1535225041.648653 -6.1178141 1.4379025 -2.5560825 -0.0294476 0.7955594 0.5965104 0.1019487
1535225041.846900 -6.0967684 1.4691603 -2.5869842 -0.0377527 0.7957219 0.5919747 0.1223411
1535225042.176014 -6.0629954 1.5255947 -2.6266313 -0.0471070 0.7923530 0.5866419 0.1606515
1535225042.637032 -6.0130324 1.5966518 -2.6797924 -0.0532096 0.7848692 0.5782893 0.2161726
1535225042.999968 -5.9694214 1.6423835 -2.7215631 -0.0507211 0.7768250 0.5685270 0.2659839
1535225043.197176 -5.9408407 1.6614542 -2.7429786 -0.0535470 0.7714167 0.5605432 0.2963786
1535225043.460985 -5.8900437 1.6841624 -2.7553387 -0.0621498 0.7606410 0.5456222 0.3462066
1535225043.658193 -5.8472309 1.6972191 -2.7573535 -0.0680724 0.7504518 0.5325233 0.3854960
1535225043.856441 -5.8130941 1.7049031 -2.7611625 -0.0751598 0.7400774 0.5166416 0.4239315
1535225043.988346 -5.7845135 1.7087057 -2.7630844 -0.0752862 0.7334391 0.5077864 0.4455919
1535225044.119211 -5.7594409 1.7148368 -2.7692127 -0.0718782 0.7261622 0.4999310 0.4664665
1535225044.317459 -5.7189598 1.7231710 -2.7730250 -0.0692284 0.7160085 0.4868530 0.4954930
1535225044.382763 -5.7059641 1.7268972 -2.7746286 -0.0658359 0.7119856 0.4835742 0.5048745
1535225044.514668 -5.6749587 1.7319031 -2.7761779 -0.0612237 0.7043152 0.4778295 0.5214123
1535225044.877603 -5.6028662 1.7477987 -2.7733192 -0.0485750 0.6908469 0.4630789 0.5531086
1535225045.338621 -5.5121241 1.7703059 -2.7575412 -0.0445334 0.6679589 0.4476168 0.5928634
1535225045.931545 -5.4008522 1.7878463 -2.7649298 -0.0429687 0.6453395 0.4367355 0.6252621
1535225046.589771 -5.2791510 1.8047695 -2.7656045 -0.0499695 0.6124390 0.4115155 0.6731096
1535225047.216257 -5.1642351 1.8267322 -2.7998757 -0.0446052 0.6056908 0.3986185 0.6872063
1535225047.874483 -5.0298839 1.8395987 -2.8220105 -0.0463575 0.5935673 0.3734484 0.7113826
1535225048.797559 -4.8756261 1.8656938 -2.8358827 -0.0609418 0.5711406 0.3469003 0.7414477
1535225049.356663 -4.7687168 1.8708491 -2.8395510 -0.0705998 0.5558191 0.3424644 0.7541876
1535225050.015930 -4.6336012 1.8647423 -2.8696067 -0.0715500 0.5530596 0.3422474 0.7562225
1535225050.675195 -4.4867868 1.8539774 -2.8868163 -0.0726469 0.5475125 0.3221061 0.7688954
1535225051.333422 -4.3417897 1.8555441 -2.8944347 -0.0644945 0.5437738 0.3106250 0.7769573
1535225051.893566 -4.2091250 1.8504821 -2.8765142 -0.0561946 0.5387114 0.3021767 0.7844243
1535225052.354584 -4.1092305 1.8579776 -2.8781192 -0.0462335 0.5416464 0.3072955 0.7810577
1535225052.683696 -4.0365038 1.8610293 -2.8787861 -0.0504234 0.5435216 0.3052823 0.7802849
1535225052.882202 -3.9914918 1.8576407 -2.8725700 -0.0458496 0.5385012 0.3110785 0.7817573
1535225053.243840 -3.9087410 1.8416569 -2.8588495 -0.0429914 0.5324667 0.3087618 0.7869544
1535225053.572953 -3.8369374 1.8232398 -2.8491552 -0.0351386 0.5244629 0.3053441 0.7940207
1535225054.035012 -3.7347479 1.8040860 -2.8421173 -0.0235847 0.5237058 0.2956622 0.7985986
1535225054.429687 -3.6416554 1.7984923 -2.8412340 -0.0283811 0.5366837 0.2746933 0.7973135
1535225054.825144 -3.5591469 1.7917954 -2.8355060 -0.0290939 0.5249754 0.2790820 0.8035345
1535225055.352504 -3.4452281 1.8068535 -2.8466043 -0.0393774 0.5346156 0.3132116 0.7839223
1535225055.846305 -3.3409595 1.7989520 -2.8247273 -0.0435392 0.5323731 0.3288745 0.7787970
1535225056.307323 -3.2314730 1.7835834 -2.8231077 -0.0385923 0.5437790 0.3444628 0.7643039
1535225056.702779 -3.1376317 1.7817199 -2.8247757 -0.0372974 0.5457262 0.3585329 0.7564694
1535225057.098493 -3.0439725 1.7816585 -2.8199713 -0.0424203 0.5469024 0.3625395 0.7534344
1535225057.394827 -2.9727261 1.7798491 -2.8177044 -0.0480172 0.5505016 0.3623841 0.7505465
1535225057.723941 -2.8972142 1.7785164 -2.8206711 -0.0536830 0.5511863 0.3654864 0.7481521
1535225057.987750 -2.8361614 1.7822858 -2.8233218 -0.0586379 0.5515872 0.3693433 0.7455862
1535225058.184961 -2.7884796 1.7877946 -2.8262856 -0.0639275 0.5521338 0.3684433 0.7451920
1535225058.645978 -2.6673999 1.7940571 -2.8177824 -0.0670399 0.5499440 0.3681641 0.7466743
1535225059.041692 -2.5629647 1.7934560 -2.8239360 -0.0699319 0.5616472 0.3638179 0.7397962
1535225059.437148 -2.4625146 1.7959381 -2.8246775 -0.0718799 0.5656767 0.3584613 0.7391540
1535225059.766261 -2.3747520 1.7904741 -2.8132343 -0.0720308 0.5645441 0.3537261 0.7422798
1535225060.194499 -2.2668076 1.7811882 -2.8106120 -0.0725030 0.5687982 0.3492973 0.7410825
1535225060.458309 -2.2023442 1.7792482 -2.8099155 -0.0754585 0.5699162 0.3470116 0.7410024
1535225060.787422 -2.1208870 1.7743590 -2.7986956 -0.0773888 0.5678107 0.3478615 0.7420205
1535225061.116536 -2.0410089 1.7677348 -2.7847080 -0.0798175 0.5669634 0.3478333 0.7424242
1535225061.182879 -2.0249450 1.7667270 -2.7828827 -0.0798181 0.5667875 0.3483869 0.7422988
1535225061.511992 -1.9472761 1.7646182 -2.7840116 -0.0810379 0.5716458 0.3503609 0.7374966
1535225061.874927 -1.8608336 1.7592802 -2.7831683 -0.0787777 0.5740800 0.3524210 0.7348644
1535225062.401508 -1.7334142 1.7395874 -2.7613935 -0.0805904 0.5682220 0.3459046 0.7422796
1535225062.862267 -1.6240113 1.7283252 -2.7460220 -0.0775690 0.5650226 0.3356494 0.7497147
1535225063.257982 -1.5322702 1.7182716 -2.7293625 -0.0651995 0.5600712 0.3309922 0.7566462
1535225063.718999 -1.4302988 1.7061914 -2.7131157 -0.0649782 0.5579637 0.3177028 0.7638844
1535225064.081677 -1.3527757 1.7075605 -2.7130885 -0.0666020 0.5590628 0.3173459 0.7630888
1535225064.476352 -1.2672772 1.7113419 -2.7056923 -0.0723832 0.5533860 0.3199255 0.7656189
1535225065.003713 -1.1487225 1.7096179 -2.6842961 -0.0856176 0.5457052 0.3212051 0.7692222
1535225065.464731 -1.0416236 1.7120614 -2.6799936 -0.0931608 0.5467912 0.3318068 0.7630496
1535225065.892969 -0.9403049 1.7060800 -2.6640651 -0.0972712 0.5401853 0.3393485 0.7639245
1535225066.420588 -0.8154404 1.6895127 -2.6329031 -0.1070216 0.5323886 0.3339546 0.7704434
1535225067.013255 -0.6743520 1.6867421 -2.6431465 -0.0989598 0.5412183 0.3400185 0.7626777
1535225067.606178 -0.5425763 1.6644311 -2.5987787 -0.0922826 0.5012630 0.3061672 0.8040404
1535225068.067196 -0.4535750 1.6326270 -2.5378335 -0.0911010 0.4597662 0.2598723 0.8442641
1535225068.363530 -0.4053634 1.6111020 -2.4997263 -0.0904452 0.4295765 0.2286675 0.8689045
1535225068.495435 -0.3838330 1.6004708 -2.4827814 -0.0896452 0.4158120 0.2147594 0.8791715
1535225068.692644 -0.3552157 1.5819404 -2.4596322 -0.0804335 0.3900764 0.2064279 0.8937328
1535225068.759245 -0.3449526 1.5764500 -2.4486732 -0.0778665 0.3824569 0.2039100 0.8978220
1535225068.891150 -0.3259580 1.5658959 -2.4285889 -0.0748599 0.3692769 0.1965822 0.9051994
1535225069.088358 -0.2977335 1.5502714 -2.3968258 -0.0707384 0.3530532 0.1875682 0.9138752
1535225069.351909 -0.2601956 1.5289081 -2.3567951 -0.0637959 0.3333906 0.1796362 0.9233156
1535225069.483814 -0.2420128 1.5190248 -2.3354080 -0.0592799 0.3227997 0.1761201 0.9280452
1535225069.615719 -0.2240704 1.5091395 -2.3096557 -0.0538281 0.3106322 0.1730707 0.9330899
1535225069.812927 -0.1998847 1.4938971 -2.2756641 -0.0476304 0.2944560 0.1616860 0.9406831
1535225069.944832 -0.1845269 1.4840233 -2.2539790 -0.0449369 0.2827165 0.1506724 0.9462293
1535225070.175863 -0.1619178 1.4656144 -2.2184291 -0.0414859 0.2583062 0.1309845 0.9562426
1535225070.438633 -0.1361588 1.4453137 -2.1854134 -0.0373750 0.2357014 0.1128245 0.9645303
1535225070.570538 -0.1232426 1.4359343 -2.1700914 -0.0352556 0.2270606 0.1053516 0.9675235
1535225070.900692 -0.0883046 1.4108593 -2.1353269 -0.0332726 0.2053398 0.0908100 0.9739005
1535225071.163204 -0.0560605 1.3897097 -2.1116619 -0.0305271 0.1921849 0.0851379 0.9771820
1535225071.295109 -0.0389048 1.3775192 -2.1016862 -0.0287035 0.1869724 0.0843120 0.9783195
1535225071.427013 -0.0214797 1.3655524 -2.0933359 -0.0256152 0.1802322 0.0850017 0.9796096
1535225071.690823 0.0112267 1.3383522 -2.0707042 -0.0195176 0.1629195 0.0819100 0.9830397
1535225071.822469 0.0256037 1.3233640 -2.0586815 -0.0147379 0.1522207 0.0811293 0.9849009
1535225072.086278 0.0529657 1.2949725 -2.0321183 -0.0037084 0.1394406 0.0721776 0.9875895
1535225072.218184 0.0660409 1.2809851 -2.0190232 0.0011148 0.1356144 0.0652896 0.9886075
1535225072.283487 0.0726951 1.2736588 -2.0129461 0.0031573 0.1315231 0.0633532 0.9892816
1535225072.415391 0.0842198 1.2602473 -1.9985443 0.0064444 0.1242541 0.0583014 0.9905152
1535225072.646422 0.1051187 1.2393427 -1.9737912 0.0096407 0.1146706 0.0494622 0.9921246
1535225072.909192 0.1298825 1.2171004 -1.9454579 0.0112119 0.1054817 0.0523623 0.9929784
1535225073.107440 0.1506202 1.2009277 -1.9257414 0.0083122 0.1031445 0.0569013 0.9930027
1535225073.172744 0.1570070 1.1974303 -1.9183581 0.0076562 0.1021094 0.0603165 0.9929134
1535225073.436553 0.1836843 1.1848550 -1.8894161 0.0019346 0.0953686 0.0735729 0.9927176
1535225073.765667 0.2181944 1.1686777 -1.8524779 -0.0062440 0.0858329 0.0766325 0.9933384
1535225073.897572 0.2308598 1.1641698 -1.8380024 -0.0079946 0.0822089 0.0745653 0.9937897
1535225074.260507 0.2480043 1.1397108 -1.7973762 -0.0083548 0.0610696 0.0640602 0.9960406
1535225074.524058 0.2485901 1.1192548 -1.7674911 -0.0027323 0.0405746 0.0487105 0.9979848
1535225074.654923 0.2502464 1.1092722 -1.7536110 0.0002698 0.0347088 0.0426587 0.9984866
1535225075.050639 0.2614553 1.0797967 -1.7098161 0.0093723 0.0113818 0.0451147 0.9988731
1535225075.379752 0.2729553 1.0497086 -1.6708218 0.0108271 -0.0003261 0.0515060 0.9986140
1535225075.578000 0.2846512 1.0307828 -1.6480156 0.0100471 -0.0051537 0.0557921 0.9983786
1535225075.775208 0.2965781 1.0109613 -1.6247417 0.0081304 -0.0118472 0.0637411 0.9978631
1535225076.039017 0.3104018 0.9821374 -1.5915108 0.0035715 -0.0201925 0.0661268 0.9976005
1535225076.302569 0.3165109 0.9539875 -1.5589036 0.0005672 -0.0329627 0.0666923 0.9972288
1535225076.566379 0.3199023 0.9250650 -1.5270934 0.0006284 -0.0446249 0.0577023 0.9973358
1535225076.862714 0.3302492 0.8921432 -1.4952679 0.0001589 -0.0546894 0.0531918 0.9970856
1535225077.191827 0.3433189 0.8591471 -1.4575052 -0.0026409 -0.0693554 0.0520897 0.9962277
1535225077.389293 0.3479604 0.8381147 -1.4346249 -0.0041149 -0.0769305 0.0441128 0.9960516
1535225077.652845 0.3534451 0.8115296 -1.4019723 -0.0051621 -0.0844339 0.0300841 0.9959615
1535225078.048559 0.3694651 0.7725153 -1.3509281 -0.0071961 -0.0976316 0.0171868 0.9950482
1535225078.476797 0.3880496 0.7235853 -1.2902734 -0.0085552 -0.1047428 0.0013783 0.9944616
1535225078.674006 0.3998187 0.6989027 -1.2591014 -0.0100711 -0.1024339 -0.0004702 0.9946887
1535225078.937816 0.4112531 0.6665184 -1.2154083 -0.0108895 -0.0970899 -0.0001321 0.9952161
1535225079.069720 0.4150434 0.6491266 -1.1935664 -0.0114218 -0.0942434 0.0009597 0.9954832
1535225079.201369 0.4176595 0.6313519 -1.1726453 -0.0112040 -0.0934166 0.0022665 0.9955615
1535225079.398835 0.4178720 0.6035061 -1.1458017 -0.0105493 -0.0984284 0.0053714 0.9950737
1535225079.530482 0.4157688 0.5866673 -1.1310613 -0.0089483 -0.1028697 0.0051653 0.9946412
1535225079.662387 0.4137889 0.5703270 -1.1160910 -0.0071228 -0.1062929 0.0027576 0.9943056
1535225079.727948 0.4126945 0.5623216 -1.1093976 -0.0061806 -0.1081680 0.0013023 0.9941126
1535225079.859854 0.4099168 0.5458484 -1.0945865 -0.0049681 -0.1131637 -0.0004587 0.9935638
1535225080.123405 0.4052544 0.5163271 -1.0650886 -0.0020557 -0.1243497 0.0013295 0.9922355
1535225080.370825 0.3996332 0.4919001 -1.0387416 -0.0004263 -0.1326061 0.0014303 0.9911677
1535225080.650767 0.3929589 0.4612977 -1.0029237 0.0013664 -0.1397113 -0.0057695 0.9901745
1535225081.144567 0.3854840 0.4162816 -0.9374815 0.0018075 -0.1538125 -0.0113636 0.9880331
1535225081.737490 0.3815232 0.3737667 -0.8568863 -0.0059972 -0.1723121 -0.0106874 0.9849662
1535225082.297632 0.3703303 0.3367257 -0.7786571 -0.0075257 -0.1911919 -0.0304612 0.9810510
1535225083.022204 0.3788291 0.2768770 -0.6679419 -0.0219605 -0.2048096 -0.0337011 0.9779750
1535225083.911460 0.3937031 0.2227697 -0.5538511 -0.0515335 -0.1896040 -0.0294734 0.9800643
1535225084.471602 0.4036128 0.1921729 -0.4639020 -0.0837996 -0.1684910 -0.0330923 0.9815770
1535225084.587116 0.4048431 0.1855313 -0.4469948 -0.0898564 -0.1623092 -0.0321668 0.9821135
1535225084.867316 0.4066814 0.1620664 -0.3978280 -0.1032325 -0.1442989 -0.0254157 0.9838064
1535225085.295555 0.3946255 0.1198138 -0.3250254 -0.1122321 -0.1324569 -0.0133014 0.9847245
1535225085.888478 0.3427836 0.0530592 -0.2222507 -0.1164081 -0.1337950 -0.0049030 0.9841362
1535225086.414800 0.3043392 -0.0118150 -0.1234199 -0.1145422 -0.1262357 0.0056591 0.9853490
1535225086.974944 0.2608250 -0.0801819 -0.0176575 -0.1122306 -0.1308522 -0.0000992 0.9850289
1535225087.766115 0.2347887 -0.1642022 0.1294127 -0.0959897 -0.1229846 0.0178842 0.9875935
1535225088.292437 0.2108856 -0.2034518 0.2210760 -0.0837676 -0.1258000 0.0194961 0.9883204
1535225088.819798 0.2156478 -0.2408393 0.3100092 -0.0681858 -0.1205833 0.0181522 0.9901924
1535225089.280817 0.2264363 -0.2748219 0.3885101 -0.0548578 -0.1211732 0.0195308 0.9909219
1535225089.824699 0.2244515 -0.3118460 0.4775014 -0.0419365 -0.1265583 0.0113068 0.9910078
1535225090.433884 0.2320551 -0.3533024 0.5907859 -0.0401986 -0.1141493 0.0129060 0.9925661
1535225090.961245 0.2213425 -0.3970911 0.6944844 -0.0417027 -0.1031309 0.0036792 0.9937864
1535225091.554169 0.2166069 -0.4594451 0.8165584 -0.0320842 -0.0858770 -0.0052395 0.9957752
1535225092.344302 0.1996397 -0.5509421 0.9695666 -0.0275471 -0.0644309 -0.0102866 0.9974889
1535225093.003569 0.1810129 -0.6272888 1.0903578 -0.0370607 -0.0692492 -0.0206166 0.9966976
1535225093.629275 0.1560624 -0.6928467 1.1994876 -0.0518663 -0.0749589 -0.0393077 0.9950608
1535225094.682959 0.1135966 -0.8162937 1.3722237 -0.0461762 -0.0979932 -0.0585701 0.9923884
1535225095.143977 0.0858544 -0.8725675 1.4473087 -0.0346858 -0.1145276 -0.0792149 0.9896491
1535225095.375007 0.0669242 -0.9037132 1.4824425 -0.0289313 -0.1283984 -0.0845714 0.9876865
1535225095.606036 0.0509505 -0.9336944 1.5157046 -0.0199141 -0.1400262 -0.0886476 0.9859705
1535225095.736902 0.0414914 -0.9505593 1.5341010 -0.0143893 -0.1473391 -0.0896427 0.9849104
1535225095.803245 0.0367180 -0.9588252 1.5431267 -0.0113980 -0.1530312 -0.0903780 0.9840139
1535225095.902369 0.0270571 -0.9702321 1.5556569 -0.0065464 -0.1630684 -0.0931158 0.9821891
1535225095.967931 0.0189847 -0.9784383 1.5638382 -0.0042148 -0.1710289 -0.0964825 0.9805216
1535225096.132360 -0.0013020 -0.9964777 1.5811377 0.0033959 -0.1915696 -0.1067382 0.9756519
1535225096.198962 -0.0116171 -1.0030707 1.5895180 0.0062876 -0.1987837 -0.1121496 0.9735851
1535225096.330608 -0.0307154 -1.0149380 1.6042187 0.0129650 -0.2122553 -0.1241272 0.9692121
1535225096.396170 -0.0383425 -1.0203079 1.6107417 0.0165453 -0.2194538 -0.1294916 0.9668497
1535225096.495293 -0.0527893 -1.0298754 1.6204221 0.0205385 -0.2296345 -0.1396929 0.9629808
1535225096.528075 -0.0586130 -1.0327818 1.6233234 0.0216894 -0.2322325 -0.1423388 0.9619446
1535225096.627198 -0.0744291 -1.0397760 1.6332736 0.0258044 -0.2413639 -0.1515904 0.9581743
1535225096.692502 -0.0832363 -1.0444194 1.6384599 0.0283160 -0.2478597 -0.1570155 0.9555678
1535225096.725283 -0.0890599 -1.0454364 1.6426569 0.0298373 -0.2504698 -0.1600023 0.9543447
1535225096.791626 -0.0985604 -1.0507979 1.6477875 0.0311577 -0.2564074 -0.1653118 0.9518175
1535225096.956312 -0.1211633 -1.0614402 1.6626818 0.0335602 -0.2728447 -0.1771184 0.9450178
1535225097.055435 -0.1355468 -1.0672703 1.6710025 0.0344744 -0.2808946 -0.1830249 0.9414943
1535225097.252644 -0.1612106 -1.0781313 1.6894162 0.0362621 -0.2972983 -0.1928636 0.9343995
1535225097.417330 -0.1835100 -1.0860362 1.7032158 0.0369406 -0.3116086 -0.1986278 0.9284840
1535225097.482634 -0.1932441 -1.0895809 1.7087746 0.0364902 -0.3176781 -0.2011929 0.9258891
1535225097.516454 -0.1976908 -1.0914682 1.7109445 0.0363588 -0.3210301 -0.2024819 0.9244559
1535225097.680881 -0.2239052 -1.0992408 1.7240496 0.0366479 -0.3350644 -0.2104933 0.9176499
1535225097.910872 -0.2606170 -1.1100773 1.7427268 0.0372838 -0.3509981 -0.2213324 0.9090777
1535225098.009997 -0.2774403 -1.1151526 1.7507294 0.0352873 -0.3604192 -0.2210323 0.9055372
1535225098.174682 -0.3020990 -1.1270363 1.7623003 0.0331376 -0.3772798 -0.2203380 0.8988955
1535225098.306587 -0.3256504 -1.1321937 1.7737812 0.0346673 -0.3845038 -0.2219604 0.8953707
1535225098.503796 -0.3574133 -1.1402347 1.7896000 0.0339190 -0.3986409 -0.2233641 0.8888439
1535225098.669263 -0.3862080 -1.1450156 1.8018472 0.0339372 -0.4101420 -0.2284912 0.8822832
1535225098.932034 -0.4340165 -1.1514533 1.8177104 0.0374054 -0.4274938 -0.2425714 0.8700626
1535225099.063939 -0.4592738 -1.1531514 1.8242075 0.0388888 -0.4374987 -0.2492659 0.8631043
1535225099.262186 -0.4948754 -1.1563219 1.8326815 0.0404826 -0.4520152 -0.2560703 0.8535054
1535225099.394091 -0.5186751 -1.1595979 1.8361440 0.0389049 -0.4607461 -0.2585663 0.8481408
1535225099.953196 -0.6086299 -1.1695105 1.8547513 0.0279087 -0.4973203 -0.2521366 0.8296511
1535225100.415254 -0.6879456 -1.1747221 1.8647883 0.0204904 -0.5192536 -0.2558879 0.8151548
1535225100.711586 -0.7392216 -1.1783578 1.8753027 0.0223455 -0.5302576 -0.2614412 0.8062109
1535225100.974356 -0.7880463 -1.1821717 1.8874421 0.0261534 -0.5410227 -0.2681601 0.7966810
1535225101.073480 -0.8062939 -1.1848698 1.8933797 0.0257321 -0.5465025 -0.2686912 0.7927659
1535225101.864652 -0.9490836 -1.2150199 1.9411315 0.0254559 -0.5741365 -0.2734870 0.7713133
1535225102.292892 -1.0304992 -1.2197942 1.9549679 0.0277351 -0.5879884 -0.2830143 0.7572340
1535225102.589224 -1.0831347 -1.2266023 1.9657729 0.0334854 -0.5941412 -0.2910011 0.7491284
1535225102.654786 -1.0944514 -1.2284570 1.9687886 0.0346001 -0.5957292 -0.2925281 0.7472194
1535225102.753910 -1.1107517 -1.2311341 1.9723454 0.0363046 -0.5978231 -0.2943635 0.7447414
1535225102.819214 -1.1217531 -1.2325628 1.9737941 0.0371292 -0.5994594 -0.2958759 0.7427835
1535225102.951118 -1.1440768 -1.2357162 1.9761819 0.0374766 -0.6050758 -0.2997597 0.7366294
1535225103.198537 -1.1836486 -1.2378539 1.9764705 0.0403991 -0.6136397 -0.3091409 0.7254283
1535225103.478737 -1.2363882 -1.2404306 1.9726940 0.0392358 -0.6229556 -0.3176677 0.7137746
1535225103.544040 -1.2484095 -1.2409036 1.9729172 0.0390532 -0.6249530 -0.3189400 0.7114674
1535225103.675945 -1.2730070 -1.2418050 1.9714112 0.0380926 -0.6271911 -0.3213547 0.7084571
1535225103.840375 -1.3034562 -1.2433481 1.9707130 0.0332457 -0.6324931 -0.3199529 0.7046115
1535225103.972280 -1.3280686 -1.2455065 1.9709195 0.0292889 -0.6348348 -0.3185379 0.7033212
1535225104.104184 -1.3526651 -1.2480450 1.9726024 0.0278987 -0.6351683 -0.3186007 0.7030481
1535225104.400516 -1.4074962 -1.2545770 1.9769108 0.0307674 -0.6368229 -0.3216582 0.7000328
1535225104.565204 -1.4383340 -1.2570016 1.9755580 0.0328570 -0.6406577 -0.3222104 0.6961744
1535225104.697109 -1.4627897 -1.2585585 1.9718987 0.0355119 -0.6440323 -0.3237140 0.6922215
1535225104.944399 -1.5047430 -1.2612954 1.9643397 0.0429788 -0.6500652 -0.3288991 0.6836618
1535225105.009832 -1.5161467 -1.2620339 1.9627696 0.0451172 -0.6517121 -0.3300672 0.6813894
1535225105.076175 -1.5279366 -1.2629467 1.9606485 0.0467624 -0.6533449 -0.3315256 0.6790026
1535225105.224471 -1.5561335 -1.2652007 1.9552407 0.0487138 -0.6586199 -0.3342078 0.6724225
1535225105.356375 -1.5786767 -1.2673248 1.9520204 0.0504597 -0.6618389 -0.3375387 0.6674509
1535225105.553584 -1.6108021 -1.2718704 1.9513515 0.0523990 -0.6648219 -0.3409629 0.6625786
1535225105.866307 -1.6588321 -1.2806311 1.9530286 0.0474174 -0.6690359 -0.3419045 0.6582128
1535225106.080945 -1.6950980 -1.2841840 1.9496118 0.0451164 -0.6713201 -0.3455795 0.6541167
1535225106.310937 -1.7316953 -1.2850314 1.9424976 0.0454406 -0.6717358 -0.3539265 0.6491858
1535225106.509185 -1.7635692 -1.2879509 1.9382976 0.0479816 -0.6703236 -0.3606937 0.6467333
1535225106.690261 -1.7894031 -1.2909694 1.9333459 0.0461422 -0.6704844 -0.3634368 0.6451630
1535225106.822166 -1.8103044 -1.2942318 1.9312179 0.0483046 -0.6690404 -0.3672561 0.6443403
1535225106.970203 -1.8364930 -1.2993765 1.9285066 0.0483648 -0.6684733 -0.3698108 0.6434627
1535225107.102107 -1.8575534 -1.3039801 1.9253598 0.0472007 -0.6695222 -0.3708416 0.6418635
1535225107.234012 -1.8787609 -1.3086991 1.9214544 0.0455568 -0.6711589 -0.3709394 0.6402144
1535225107.480392 -1.9175526 -1.3170402 1.9122351 0.0436033 -0.6731310 -0.3718844 0.6377268
1535225107.546735 -1.9290770 -1.3189688 1.9093580 0.0435517 -0.6736993 -0.3721797 0.6369574
1535225107.612168 -1.9406868 -1.3212588 1.9061443 0.0438945 -0.6736659 -0.3731312 0.6364123
1535225107.695030 -1.9592717 -1.3242376 1.9019406 0.0460462 -0.6730400 -0.3749143 0.6358743
1535225107.892239 -1.9972483 -1.3330907 1.8947402 0.0472539 -0.6726285 -0.3749006 0.6362291
1535225108.320478 -2.0807247 -1.3566506 1.8894550 0.0470065 -0.6664427 -0.3628332 0.6496127
1535225108.517945 -2.1176429 -1.3694332 1.8888264 0.0430818 -0.6653088 -0.3530329 0.6564113
1535225108.848099 -2.1793048 -1.3818434 1.8714483 0.0338669 -0.6719784 -0.3421713 0.6559092
1535225109.308860 -2.2654209 -1.3944845 1.8546133 0.0450096 -0.6688384 -0.3390234 0.6600701
1535225109.704573 -2.3333595 -1.4132137 1.8530450 0.0438481 -0.6705061 -0.3330928 0.6614743
1535225110.230895 -2.4258454 -1.4261324 1.8460536 0.0306953 -0.6693571 -0.3307219 0.6645614
1535225110.527487 -2.4783247 -1.4289591 1.8450472 0.0236049 -0.6632810 -0.3340121 0.6692810
1535225110.922944 -2.5437748 -1.4404848 1.8545256 0.0198153 -0.6485604 -0.3414693 0.6799819
1535225111.038458 -2.5601182 -1.4457818 1.8591125 0.0189306 -0.6452045 -0.3400825 0.6838835
1535225111.383962 -2.6164248 -1.4738165 1.8645041 0.0220049 -0.6407260 -0.3304730 0.6926569
1535225111.631382 -2.6530116 -1.4945308 1.8662772 0.0300287 -0.6366515 -0.3257325 0.6983348
1535225112.043228 -2.7222023 -1.5211996 1.8577158 0.0397624 -0.6331214 -0.3311982 0.6984870
1535225112.717847 -2.8268249 -1.5657884 1.8513241 0.0256092 -0.6279883 -0.3279361 0.7052892
1535225113.509019 -2.9712882 -1.6214423 1.8286633 0.0133386 -0.6093959 -0.3133465 0.7281983
1535225117.148781 -3.6560302 -1.8961966 1.7826495 0.0152392 -0.5839495 -0.3446568 0.7348350
1535225118.251765 -3.8964736 -1.9452989 1.8072355 -0.0024221 -0.5807390 -0.3503399 0.7348458
1535225119.223885 -4.1427488 -1.9767177 1.8318245 0.0052169 -0.5817897 -0.3472075 0.7354866
1535225120.113140 -4.3560462 -2.0168331 1.8646159 0.0215336 -0.5715099 -0.3528083 0.7405668
1535225120.870493 -4.5154762 -2.0149200 1.8348446 0.0166580 -0.6018210 -0.3522461 0.7165589
1535225122.056341 -4.7805605 -2.0078752 1.8481035 0.0023278 -0.6144192 -0.3567401 0.7037188
1535225123.505740 -5.1167135 -1.9774666 1.8919759 -0.0117293 -0.6059766 -0.4107726 0.6811172
1535225124.099445 -5.2525949 -1.9561095 1.8930798 -0.0049660 -0.6169054 -0.4281297 0.6603848
1535225124.461340 -5.3326564 -1.9345393 1.8777599 -0.0019705 -0.6329816 -0.4371439 0.6389332
1535225124.922359 -5.4298072 -1.9021916 1.8495703 0.0163019 -0.6554414 -0.4470127 0.6085315
1535225125.251473 -5.4834013 -1.8771703 1.8246670 0.0312046 -0.6760249 -0.4583763 0.5761144
1535225125.515282 -5.5198774 -1.8563821 1.8003678 0.0408777 -0.6960743 -0.4702753 0.5409720
1535225125.713532 -5.5456133 -1.8404477 1.7804961 0.0473059 -0.7104443 -0.4795561 0.5128909
1535225125.811616 -5.5577807 -1.8325830 1.7707586 0.0483699 -0.7179379 -0.4832263 0.4987162
1535225125.976302 -5.5766678 -1.8172021 1.7518544 0.0479774 -0.7306027 -0.4894002 0.4737144
1535225126.207331 -5.5986571 -1.7919548 1.7205443 0.0527684 -0.7438812 -0.5007117 0.4394816
1535225126.306454 -5.6078935 -1.7801313 1.7085738 0.0569359 -0.7490066 -0.5052554 0.4248110
1535225126.404539 -5.6154461 -1.7704830 1.6960537 0.0609994 -0.7536741 -0.5107292 0.4091580
1535225126.438102 -5.6187325 -1.7661178 1.6919708 0.0623596 -0.7551854 -0.5126904 0.4036767
1535225126.931901 -5.6471887 -1.7194222 1.6299820 0.0663917 -0.7838081 -0.5297201 0.3172281
1535225127.096587 -5.6561723 -1.7034130 1.6066937 0.0655494 -0.7919924 -0.5312385 0.2936614
1535225127.211972 -5.6642985 -1.6939797 1.5940893 0.0616616 -0.7974636 -0.5307229 0.2803263
1535225127.524827 -5.6835666 -1.6654614 1.5515056 0.0516699 -0.8115816 -0.5302292 0.2398387
1535225127.656732 -5.6913733 -1.6522661 1.5349112 0.0501747 -0.8156553 -0.5318201 0.2221631
1535225127.722035 -5.6940436 -1.6441578 1.5269587 0.0508323 -0.8173966 -0.5329103 0.2128037
1535225127.887502 -5.6979985 -1.6260947 1.5090251 0.0474358 -0.8223624 -0.5361629 0.1843890
1535225128.018368 -5.6959319 -1.6070352 1.4946324 0.0456737 -0.8258353 -0.5385643 0.1608056
1535225128.052188 -5.6963968 -1.6029398 1.4910010 0.0443149 -0.8266920 -0.5390142 0.1551779
1535225128.117492 -5.6967053 -1.5969790 1.4848623 0.0425254 -0.8279980 -0.5399051 0.1453046
1535225128.446863 -5.7059784 -1.5712487 1.4549923 0.0405794 -0.8309116 -0.5444925 0.1070848
1535225128.842319 -5.7288828 -1.5445743 1.4187524 0.0274637 -0.8328186 -0.5475245 0.0766549
1535225129.666272 -5.7672825 -1.4674108 1.3478582 0.0200303 -0.8360361 -0.5473262 0.0328100
1535225130.192596 -5.7860947 -1.4250772 1.2787768 0.0103161 -0.8405877 -0.5415692 0.0029486
1535225130.719959 -5.7601404 -1.4079409 1.2071173 -0.0183166 0.8471917 0.5284272 0.0519173
1535225131.807464 -5.7823615 -1.3306979 1.0760336 0.0044512 0.8446538 0.5341797 0.0345267
1535225137.966957 -6.0471315 -0.6034955 -0.0902994 0.0023684 0.8285288 0.5598873 0.0077864
1535225142.512624 -6.0389481 0.0746374 -1.0807186 0.0052264 0.8000988 0.5991649 0.0285672
1535225143.105547 -6.0103631 0.1637870 -1.2061379 0.0012502 0.7961958 0.6027756 0.0522716
1535225143.698212 -5.9984307 0.2506737 -1.3494645 -0.0149771 0.7937602 0.6041805 0.0684571
1535225144.785977 -6.0693502 0.4294534 -1.5774959 -0.0135908 0.7959176 0.6043476 0.0330813
1535225145.774356 -6.1113706 0.6076044 -1.7814345 -0.0087364 0.7922827 0.6098860 0.0158437
1535225146.465366 -6.1303635 0.7199008 -1.9338608 -0.0333946 0.7972270 0.6025426 0.0160095
1535225146.992729 -6.1473413 0.7947730 -2.0555954 -0.0278597 0.8049214 0.5922995 0.0225142
1535225147.453747 -6.1537242 0.8653449 -2.1520224 -0.0340190 0.8134063 0.5800530 0.0274119
1535225147.782860 -6.1468287 0.9246359 -2.2207546 -0.0403255 0.8206479 0.5685778 0.0403748
1535225147.914765 -6.1420212 0.9461939 -2.2460184 -0.0434144 0.8241773 0.5624940 0.0494720
1535225148.113013 -6.1280775 0.9770471 -2.2944567 -0.0488002 0.8258227 0.5579395 0.0658704
1535225148.310221 -6.1226597 1.0110140 -2.3329964 -0.0549496 0.8290039 0.5503827 0.0825346
1535225148.474908 -6.1109281 1.0362566 -2.3662090 -0.0609759 0.8302072 0.5453493 0.0981432
1535225148.606555 -6.1031127 1.0595027 -2.3924062 -0.0599773 0.8310947 0.5418248 0.1100459
1535225148.738460 -6.0931053 1.0762659 -2.4182954 -0.0611003 0.8311509 0.5381539 0.1258784
1535225154.964555 -4.8766999 1.4021494 -2.8958468 -0.0504332 0.6326743 0.3571891 0.6852705
1535225155.886336 -4.6300344 1.4431760 -2.9277866 -0.0661308 0.6103364 0.3746728 0.6947924
1535225155.952937 -4.6133933 1.4474125 -2.9324982 -0.0686559 0.6102729 0.3755431 0.6941330
1535225156.545602 -4.4618893 1.4995556 -2.9518514 -0.0732676 0.6050641 0.3846312 0.6932446
1535225157.303213 -4.2804742 1.5428197 -2.9403448 -0.0824557 0.5928639 0.3638543 0.7136691
1535225157.895878 -4.1208458 1.5434971 -2.9193549 -0.0634467 0.5769954 0.3494252 0.7354951
1535225158.653488 -3.9207489 1.5494802 -2.9067256 -0.0639272 0.5779511 0.3482638 0.7352538
1535225159.707174 -3.6603017 1.5931015 -2.8933625 -0.0981534 0.5629108 0.3740626 0.7304618
1535225160.366439 -3.4793427 1.5916195 -2.8823164 -0.1019238 0.5550624 0.3814860 0.7321105
1535225161.058488 -3.2772193 1.5855720 -2.8935564 -0.1104653 0.5547861 0.3830273 0.7302738
1535225161.716715 -3.0739732 1.6054506 -2.9186389 -0.1017463 0.5635042 0.4061632 0.7121393
1535225162.309639 -2.9063303 1.6101193 -2.9288781 -0.1037985 0.5793404 0.3956231 0.7050340
1535225163.001688 -2.7169983 1.6396738 -2.9345846 -0.0940120 0.5878413 0.3907846 0.7020625
1535225170.413373 -0.9041589 1.7545493 -2.7215848 -0.0555388 0.5392206 0.3147806 0.7791469
1535225171.072639 -0.7688705 1.7384108 -2.6712611 -0.0586590 0.5151223 0.3075027 0.7979037
1535225171.631745 -0.6550769 1.7127156 -2.6318836 -0.0678948 0.4925614 0.2958108 0.8156406
1535225172.093804 -0.5606632 1.6895869 -2.5990708 -0.0736472 0.4716279 0.2819630 0.8322500
1535225172.422917 -0.4973076 1.6665440 -2.5687919 -0.0709859 0.4542847 0.2715057 0.8455005
1535225172.752030 -0.4423807 1.6409004 -2.5390399 -0.0648546 0.4367641 0.2597962 0.8587998
1535225173.081144 -0.3926431 1.6217356 -2.5104616 -0.0592645 0.4273914 0.2442459 0.8684286
1535225174.036744 -0.2893150 1.5656966 -2.4088259 -0.0389376 0.3613909 0.2036835 0.9090619
1535225175.222591 -0.2025772 1.5016032 -2.2234020 -0.0467152 0.2365763 0.1472816 0.9592484
1535225175.518925 -0.1843461 1.4794184 -2.1768944 -0.0443487 0.2047434 0.1327161 0.9687620
1535225175.848039 -0.1544711 1.4498252 -2.1339047 -0.0364998 0.1815916 0.1166105 0.9757532
1535225176.178193 -0.1265683 1.4160490 -2.0959997 -0.0237311 0.1592658 0.1078744 0.9810374
1535225176.639211 -0.0961794 1.3663542 -2.0401814 -0.0160859 0.1304023 0.0934957 0.9869119
1535225177.429343 -0.0313618 1.2979623 -1.9565886 -0.0213204 0.0990576 0.0786200 0.9917419
1535225177.989488 0.0130329 1.2363361 -1.9009929 -0.0278581 0.0744587 0.0749332 0.9940145
1535225178.187736 0.0274193 1.2131604 -1.8794705 -0.0308985 0.0699145 0.0660231 0.9948860
1535225178.516849 0.0461163 1.1784317 -1.8427962 -0.0320477 0.0568746 0.0577269 0.9961957
1535225178.780659 0.0589948 1.1533122 -1.8168010 -0.0314267 0.0479187 0.0512103 0.9970425
1535225179.175076 0.0775160 1.1149224 -1.7790930 -0.0270252 0.0344616 0.0534919 0.9976075
1535225179.505229 0.0835625 1.0820559 -1.7459329 -0.0231525 0.0156267 0.0605659 0.9977733
1535225182.337687 0.2042296 0.7901365 -1.4554347 -0.0051358 -0.0662970 0.0054817 0.9977717
1535225182.865049 0.2388562 0.7339572 -1.3833349 -0.0137584 -0.0615279 -0.0206594 0.9977967
1535225184.874594 0.3613622 0.4425492 -1.0857558 -0.0384717 -0.0435263 -0.0280940 0.9979159
1535225185.187445 0.3730558 0.4001114 -1.0394696 -0.0384468 -0.0468705 -0.0356413 0.9975243
1535225185.664725 0.3827123 0.3258158 -0.9617416 -0.0388246 -0.0583767 -0.0349944 0.9969254
1535225186.125743 0.3927638 0.2630564 -0.8894618 -0.0431262 -0.0662889 -0.0310323 0.9963849
1535225186.685887 0.4020004 0.1918059 -0.8050365 -0.0487161 -0.0802587 -0.0395430 0.9947973
1535225187.081602 0.4015751 0.1452613 -0.7498243 -0.0472679 -0.0955977 -0.0477346 0.9931507
1535225187.476020 0.4041869 0.0977406 -0.6945213 -0.0459230 -0.1116191 -0.0479255 0.9915318
1535225187.723439 0.4103079 0.0716224 -0.6601197 -0.0443200 -0.1137562 -0.0479188 0.9913622
1535225187.806173 0.4134422 0.0589965 -0.6478543 -0.0445700 -0.1159533 -0.0455830 0.9912066
1535225187.871734 0.4144912 0.0518476 -0.6363686 -0.0448192 -0.1174426 -0.0439567 0.9910935
1535225188.234412 0.4180787 0.0118497 -0.5834993 -0.0433771 -0.1274684 -0.0414186 0.9900277
1535225188.497182 0.4137203 -0.0181634 -0.5438294 -0.0414291 -0.1341088 -0.0496691 0.9888536
1535225188.892898 0.4110095 -0.0556318 -0.4805017 -0.0368834 -0.1427744 -0.0565633 0.9874490
1535225189.271964 0.4170030 -0.0956310 -0.4147066 -0.0369469 -0.1395594 -0.0465351 0.9884294
1535225189.683811 0.4218333 -0.1395422 -0.3237533 -0.0364553 -0.1333389 -0.0350467 0.9897795
1535225190.226653 0.4350947 -0.1829278 -0.2170516 -0.0331667 -0.1256845 -0.0235318 0.9912364
1535225190.457682 0.4346397 -0.1987474 -0.1726720 -0.0309820 -0.1209103 -0.0272650 0.9918051
1535225190.704975 0.4386010 -0.2157383 -0.1201158 -0.0268948 -0.1192631 -0.0310989 0.9920110
1535225191.066869 0.4355666 -0.2408615 -0.0494809 -0.0210690 -0.1213176 -0.0410806 0.9915395
1535225191.133213 0.4318317 -0.2426662 -0.0357438 -0.0185967 -0.1206963 -0.0441939 0.9915309
1535225191.627012 0.4239315 -0.2783101 0.0580348 -0.0069193 -0.1308379 -0.0527496 0.9899753
1535225191.858041 0.4206814 -0.2933373 0.1009135 -0.0017437 -0.1381014 -0.0505855 0.9891239
1535225191.988906 0.4183657 -0.3039306 0.1255000 -0.0000234 -0.1410435 -0.0524912 0.9886109
1535225192.187155 0.4176129 -0.3192843 0.1654243 0.0027502 -0.1460180 -0.0535615 0.9878271
1535225192.582871 0.4071289 -0.3467460 0.2450611 0.0079422 -0.1543374 -0.0568996 0.9863464
1535225192.615394 0.4054564 -0.3486785 0.2523193 0.0084607 -0.1555098 -0.0568758 0.9861594
1535225192.879203 0.3953507 -0.3676657 0.3082133 0.0116602 -0.1601121 -0.0601519 0.9851954
1535225193.043633 0.3901390 -0.3799429 0.3443750 0.0128832 -0.1614194 -0.0581342 0.9850879
1535225193.175538 0.3901293 -0.3902988 0.3738234 0.0138236 -0.1598132 -0.0566302 0.9854246
1535225193.340224 0.3894871 -0.4021206 0.4114635 0.0152543 -0.1577125 -0.0514326 0.9860268
1535225193.768462 0.3842848 -0.4353550 0.5029089 0.0168589 -0.1702114 -0.0217521 0.9850232
1535225194.229481 0.3659428 -0.4757950 0.5998822 0.0177712 -0.1969460 0.0059757 0.9802350
1535225194.789626 0.3369054 -0.5249961 0.7142860 0.0209256 -0.2389149 0.0060687 0.9707960
1535225195.415072 0.3079738 -0.5786445 0.8268423 0.0279010 -0.2872559 -0.0071860 0.9574205
1535225196.007996 0.2767579 -0.6247299 0.9269609 0.0369536 -0.3215954 -0.0195348 0.9459542
1535225197.820333 0.2982656 -0.7101599 1.2187380 0.0017113 -0.2919810 0.0229582 0.9561470
1535225198.610464 0.3165607 -0.7634667 1.3569310 0.0041833 -0.2443839 0.0204357 0.9694542
1535225199.598846 0.2617229 -0.8427997 1.4852998 0.0089497 -0.2823858 -0.0279791 0.9588510
1535225200.257074 0.1897053 -0.8719946 1.5733932 -0.0305169 -0.3313315 -0.0654571 0.9407463
1535225200.817219 0.1183953 -0.9116765 1.6331747 -0.0410179 -0.3669336 -0.0921658 0.9247609
1535225201.245456 0.0548477 -0.9460206 1.6686743 -0.0461699 -0.4057134 -0.1092878 0.9062678
1535225201.476486 0.0177565 -0.9674566 1.6844342 -0.0418587 -0.4239759 -0.1160223 0.8972353
1535225201.805599 -0.0382433 -0.9970589 1.7094350 -0.0323094 -0.4406306 -0.1313210 0.8874432
1535225201.921113 -0.0540116 -1.0063938 1.7163908 -0.0322683 -0.4462176 -0.1360706 0.8839307
1535225202.266618 -0.1120107 -1.0289812 1.7453127 -0.0351949 -0.4641842 -0.1574304 0.8709248
1535225202.398523 -0.1341513 -1.0360180 1.7552956 -0.0378651 -0.4723598 -0.1636869 0.8652451
1535225202.530427 -0.1540115 -1.0418328 1.7652206 -0.0394337 -0.4821714 -0.1684077 0.8588333
1535225202.595731 -0.1650960 -1.0446576 1.7692599 -0.0398536 -0.4860455 -0.1725316 0.8558062
1535225202.645813 -0.1710022 -1.0462440 1.7711740 -0.0405043 -0.4879410 -0.1745939 0.8542775
1535225202.711246 -0.1799068 -1.0478270 1.7758739 -0.0400670 -0.4926396 -0.1775700 0.8509816
1535225202.777718 -0.1908925 -1.0497086 1.7807105 -0.0399521 -0.4968237 -0.1810868 0.8478075
1535225202.843151 -0.2031217 -1.0519263 1.7843182 -0.0405421 -0.4994281 -0.1857571 0.8452350
1535225202.908974 -0.2135993 -1.0531440 1.7886788 -0.0399033 -0.5027859 -0.1901871 0.8422844
1535225202.975056 -0.2257263 -1.0555634 1.7922957 -0.0404624 -0.5047997 -0.1957830 0.8397672
1535225203.040879 -0.2362238 -1.0569293 1.7971827 -0.0409446 -0.5085374 -0.1996577 0.8365704
1535225203.106832 -0.2490395 -1.0591683 1.8007483 -0.0417986 -0.5108662 -0.2062018 0.8335163
1535225203.222219 -0.2716938 -1.0612402 1.8076918 -0.0433920 -0.5162789 -0.2147316 0.8279273
1535225203.287781 -0.2813627 -1.0596125 1.8150964 -0.0427409 -0.5217651 -0.2166842 0.8240039
1535225203.354124 -0.2917345 -1.0605154 1.8193247 -0.0432082 -0.5245048 -0.2211037 0.8210609
1535225203.419686 -0.3023683 -1.0607650 1.8227730 -0.0436564 -0.5257555 -0.2244873 0.8193172
1535225203.551591 -0.3221282 -1.0627720 1.8327233 -0.0462297 -0.5325489 -0.2276277 0.8139042
1535225203.616894 -0.3315434 -1.0650827 1.8373041 -0.0487923 -0.5356725 -0.2279948 0.8115988
1535225203.748800 -0.3507359 -1.0692863 1.8475394 -0.0521075 -0.5416850 -0.2287312 0.8071829
1535225203.880704 -0.3701036 -1.0745209 1.8573380 -0.0538413 -0.5451747 -0.2282541 0.8048514
1535225203.947048 -0.3811591 -1.0759293 1.8627152 -0.0534395 -0.5465622 -0.2278305 0.8040568
1535225204.078953 -0.4023184 -1.0810561 1.8709397 -0.0525471 -0.5477585 -0.2286125 0.8030789
1535225204.144256 -0.4127194 -1.0845131 1.8752444 -0.0520818 -0.5485739 -0.2296082 0.8022682
1535225204.210857 -0.4251239 -1.0859298 1.8808525 -0.0503894 -0.5497555 -0.2312384 0.8010985
1535225204.276161 -0.4362913 -1.0893519 1.8846748 -0.0501004 -0.5505400 -0.2323875 0.8002448
1535225204.473370 -0.4719078 -1.0961642 1.8962207 -0.0480583 -0.5581005 -0.2330752 0.7949152
1535225204.539971 -0.4840437 -1.0975156 1.9001982 -0.0466696 -0.5603769 -0.2328039 0.7934747
1535225204.737179 -0.5189669 -1.1038733 1.9139965 -0.0445969 -0.5634987 -0.2378128 0.7898896
1535225204.869084 -0.5415403 -1.1064538 1.9249444 -0.0427984 -0.5639312 -0.2415752 0.7885374
1535225205.033514 -0.5687776 -1.1105038 1.9381046 -0.0431638 -0.5663619 -0.2455370 0.7855462
1535225205.100115 -0.5799316 -1.1124809 1.9431348 -0.0446990 -0.5678613 -0.2466441 0.7840295
1535225205.165419 -0.5909742 -1.1135875 1.9480414 -0.0452992 -0.5689877 -0.2485453 0.7825766
1535225205.297323 -0.6134876 -1.1158473 1.9562185 -0.0467804 -0.5717432 -0.2533011 0.7789479
1535225205.429228 -0.6368181 -1.1171936 1.9612775 -0.0489363 -0.5766439 -0.2556533 0.7744214
1535225205.561133 -0.6604789 -1.1178691 1.9659395 -0.0493232 -0.5796561 -0.2595250 0.7708520
1535225205.626437 -0.6719482 -1.1182077 1.9691890 -0.0491724 -0.5810668 -0.2625810 0.7687618
1535225205.758344 -0.6946167 -1.1183872 1.9754295 -0.0507603 -0.5847183 -0.2660921 0.7646717
1535225205.824687 -0.7053261 -1.1188352 1.9779285 -0.0527548 -0.5865713 -0.2675493 0.7626064
1535225205.956592 -0.7258838 -1.1186503 1.9850278 -0.0571178 -0.5894009 -0.2709446 0.7589025
1535225206.087457 -0.7445930 -1.1176070 1.9933875 -0.0612743 -0.5908147 -0.2758286 0.7557129
1535225206.153800 -0.7544180 -1.1170352 1.9977062 -0.0643895 -0.5916135 -0.2779000 0.7540683
1535225206.219362 -0.7640169 -1.1170304 2.0017395 -0.0684996 -0.5928333 -0.2791455 0.7522860
1535225206.417610 -0.7950937 -1.1154783 2.0118995 -0.0772005 -0.5955752 -0.2833814 0.7476799
1535225206.482914 -0.8056818 -1.1150284 2.0142982 -0.0787830 -0.5964649 -0.2845170 0.7463732
1535225206.614819 -0.8281201 -1.1146753 2.0186510 -0.0796225 -0.5967007 -0.2893989 0.7442156
1535225206.746725 -0.8512473 -1.1140192 2.0218291 -0.0782152 -0.5978044 -0.2956845 0.7410014
1535225206.812028 -0.8624684 -1.1140728 2.0218439 -0.0788840 -0.5999904 -0.2973044 0.7385114
1535225206.878629 -0.8740562 -1.1140877 2.0212927 -0.0799540 -0.6035240 -0.2978686 0.7352827
1535225206.943933 -0.8853295 -1.1142364 2.0201983 -0.0801669 -0.6071454 -0.2984509 0.7320347
1535225207.010534 -0.8967085 -1.1146116 2.0186386 -0.0804588 -0.6106260 -0.2993371 0.7287382
1535225207.075838 -0.9075385 -1.1149180 2.0174289 -0.0809978 -0.6140883 -0.3002651 0.7253798
1535225207.207743 -0.9287255 -1.1154158 2.0154819 -0.0824419 -0.6203896 -0.3034651 0.7184908
1535225207.438774 -0.9678203 -1.1153190 2.0135911 -0.0854732 -0.6270753 -0.3107315 0.7091663
1535225207.570678 -0.9898418 -1.1166991 2.0133095 -0.0862417 -0.6301721 -0.3137594 0.7049827
1535225207.702326 -1.0114310 -1.1195836 2.0121646 -0.0856264 -0.6335378 -0.3164165 0.7008413
1535225207.833191 -1.0323162 -1.1227217 2.0100806 -0.0824991 -0.6375409 -0.3178415 0.6969307
1535225207.899792 -1.0430350 -1.1245370 2.0089102 -0.0806277 -0.6393287 -0.3187023 0.6951164
1535225208.031698 -1.0650228 -1.1277188 2.0069277 -0.0768920 -0.6421345 -0.3213362 0.6917325
1535225208.097001 -1.0759078 -1.1288455 2.0063729 -0.0743299 -0.6431787 -0.3231443 0.6901986
1535225208.163344 -1.0872349 -1.1305194 2.0066934 -0.0726971 -0.6444506 -0.3249668 0.6883278
1535225208.360811 -1.1218597 -1.1344900 2.0092909 -0.0652973 -0.6477557 -0.3290693 0.6840047
1535225208.558020 -1.1557848 -1.1389660 2.0117071 -0.0583971 -0.6533760 -0.3307251 0.6784618
1535225208.888172 -1.2092807 -1.1467009 2.0105405 -0.0565219 -0.6615341 -0.3304915 0.6707855
1535225209.184507 -1.2629814 -1.1538106 2.0076127 -0.0542148 -0.6638778 -0.3267671 0.6704851
1535225209.842734 -1.3775033 -1.1753294 1.9709698 -0.0258408 -0.6717758 -0.3296188 0.6628733
1535225209.974641 -1.4001153 -1.1811094 1.9644403 -0.0221276 -0.6730872 -0.3268896 0.6630288
1535225210.172889 -1.4335604 -1.1905310 1.9588110 -0.0215633 -0.6738959 -0.3205073 0.6653378
1535225210.303754 -1.4559388 -1.1958170 1.9575446 -0.0251736 -0.6743625 -0.3149610 0.6673838
1535225210.435659 -1.4768083 -1.1990967 1.9553239 -0.0286536 -0.6744139 -0.3113378 0.6688899
1535225210.502002 -1.4870651 -1.1994631 1.9535756 -0.0296377 -0.6740982 -0.3117920 0.6689537
1535225210.699469 -1.5137061 -1.1981885 1.9456400 -0.0325416 -0.6762638 -0.3188629 0.6632758
1535225210.831374 -1.5294580 -1.1956699 1.9372523 -0.0316719 -0.6786027 -0.3249074 0.6579745
1535225211.094926 -1.5583690 -1.1916015 1.9171616 -0.0264611 -0.6858510 -0.3365016 0.6447286
1535225211.292134 -1.5821897 -1.1911881 1.9033097 -0.0258315 -0.6911115 -0.3432787 0.6354977
1535225211.555943 -1.6208955 -1.1893365 1.8892436 -0.0313051 -0.6976647 -0.3465757 0.6262342
1535225211.655069 -1.6362042 -1.1899093 1.8843325 -0.0340728 -0.6994835 -0.3474960 0.6235451
1535225211.852278 -1.6668401 -1.1927447 1.8733011 -0.0376081 -0.7032694 -0.3499031 0.6177101
1535225212.049744 -1.6964536 -1.1978352 1.8601915 -0.0352608 -0.7072586 -0.3545956 0.6105767
1535225212.116087 -1.7062343 -1.1998545 1.8561769 -0.0331832 -0.7087149 -0.3562052 0.6080624
1535225212.181392 -1.7155762 -1.2018125 1.8513520 -0.0313378 -0.7095575 -0.3575430 0.6063904
1535225212.379898 -1.7461287 -1.2106843 1.8402907 -0.0285058 -0.7125240 -0.3598060 0.6016948
1535225212.511545 -1.7677253 -1.2174491 1.8336811 -0.0250745 -0.7121614 -0.3615345 0.6012406
1535225212.577106 -1.7784610 -1.2206423 1.8306272 -0.0236237 -0.7121491 -0.3616238 0.6012602
1535225212.643450 -1.7891722 -1.2236766 1.8276759 -0.0215887 -0.7119896 -0.3614069 0.6016559
1535225212.709012 -1.8004467 -1.2277253 1.8245223 -0.0213512 -0.7115995 -0.3611350 0.6022888
1535225212.840916 -1.8233726 -1.2343054 1.8189903 -0.0160419 -0.7097878 -0.3624287 0.6038123
1535225212.906220 -1.8353975 -1.2383026 1.8180151 -0.0157612 -0.7099271 -0.3615432 0.6041867
1535225212.972564 -1.8473938 -1.2420830 1.8148482 -0.0151313 -0.7088469 -0.3619267 0.6052406
1535225213.038126 -1.8590205 -1.2457600 1.8123232 -0.0147764 -0.7086326 -0.3619605 0.6054800
1535225213.104468 -1.8704578 -1.2494247 1.8097417 -0.0150630 -0.7091714 -0.3609008 0.6054747
1535225213.170030 -1.8812872 -1.2521942 1.8056626 -0.0143134 -0.7092130 -0.3602357 0.6058401
1535225213.236373 -1.8929207 -1.2555513 1.8002805 -0.0155801 -0.7092853 -0.3596797 0.6060547
1535225213.301677 -1.9041559 -1.2593057 1.7958095 -0.0175118 -0.7106002 -0.3583368 0.6052565
1535225213.401061 -1.9208380 -1.2642562 1.7874587 -0.0191297 -0.7125273 -0.3570446 0.6037036
1535225213.532708 -1.9431905 -1.2696701 1.7741371 -0.0198673 -0.7146039 -0.3570805 0.6011989
1535225213.598269 -1.9540792 -1.2713561 1.7679685 -0.0182431 -0.7159085 -0.3577270 0.5993110
1535225213.664612 -1.9650264 -1.2729706 1.7612007 -0.0162599 -0.7168989 -0.3584374 0.5977577
1535225213.730174 -1.9768994 -1.2759340 1.7549106 -0.0154942 -0.7180240 -0.3594002 0.5958465
1535225213.795478 -1.9881836 -1.2777841 1.7486215 -0.0130557 -0.7189075 -0.3601823 0.5943655
1535225213.861821 -1.9990000 -1.2797322 1.7418861 -0.0108695 -0.7190165 -0.3601367 0.5943052
1535225213.927383 -2.0105290 -1.2826488 1.7365048 -0.0092508 -0.7191223 -0.3604486 0.5940155
1535225213.993726 -2.0236163 -1.2851436 1.7331096 -0.0078450 -0.7196895 -0.3600900 0.5935661
1535225214.059288 -2.0356083 -1.2882144 1.7295645 -0.0067732 -0.7197781 -0.3593772 0.5939037
1535225214.191194 -2.0599427 -1.2947376 1.7243060 -0.0057145 -0.7194166 -0.3562355 0.5962410
1535225214.257537 -2.0729864 -1.2970173 1.7236981 -0.0051784 -0.7192284 -0.3536460 0.5980119
1535225214.389442 -2.0981734 -1.3024306 1.7234255 -0.0071302 -0.7179904 -0.3471689 0.6032518
1535225214.454746 -2.1103649 -1.3047953 1.7230176 -0.0087116 -0.7166578 -0.3441195 0.6065539
1535225214.520308 -2.1225848 -1.3070691 1.7235831 -0.0109242 -0.7157683 -0.3407394 0.6094696
1535225214.651954 -2.1460404 -1.3105357 1.7242936 -0.0168399 -0.7144486 -0.3338275 0.6146859
1535225214.718555 -2.1575112 -1.3118029 1.7246234 -0.0197695 -0.7140666 -0.3305647 0.6168023
1535225214.783859 -2.1683800 -1.3131728 1.7247312 -0.0231980 -0.7139705 -0.3276359 0.6183548
1535225214.850460 -2.1786942 -1.3137093 1.7242912 -0.0260266 -0.7138244 -0.3245938 0.6200132
1535225214.915764 -2.1887822 -1.3145611 1.7239300 -0.0295038 -0.7141601 -0.3216738 0.6209919
1535225214.982107 -2.1988006 -1.3165200 1.7231129 -0.0348374 -0.7148415 -0.3176757 0.6219888
1535225215.114012 -2.2184446 -1.3187870 1.7220533 -0.0387473 -0.7140631 -0.3119739 0.6255276
1535225215.311220 -2.2507992 -1.3239625 1.7242905 -0.0396461 -0.7085680 -0.3054844 0.6348534
1535225215.376782 -2.2614100 -1.3259912 1.7258223 -0.0395807 -0.7064013 -0.3032788 0.6383201
1535225215.508687 -2.2841678 -1.3309610 1.7275600 -0.0401727 -0.7003357 -0.2996579 0.6466228
1535225215.640592 -2.3070142 -1.3358884 1.7326459 -0.0413322 -0.6961416 -0.2948253 0.6532661
1535225215.706936 -2.3181984 -1.3380454 1.7332940 -0.0405027 -0.6935082 -0.2947349 0.6561534
1535225215.772240 -2.3282764 -1.3412799 1.7347784 -0.0413447 -0.6916315 -0.2934540 0.6586512
1535225215.871366 -2.3452559 -1.3450330 1.7368293 -0.0414577 -0.6887862 -0.2926665 0.6619677
1535225215.936928 -2.3550277 -1.3473682 1.7374809 -0.0403215 -0.6869274 -0.2923722 0.6640959
1535225216.003271 -2.3664393 -1.3498021 1.7374685 -0.0394106 -0.6842070 -0.2935345 0.6664421
1535225216.068832 -2.3765388 -1.3524699 1.7403011 -0.0376809 -0.6835841 -0.2935921 0.6671556
1535225216.200737 -2.3986747 -1.3551046 1.7411752 -0.0304254 -0.6777062 -0.2961828 0.6723574
1535225216.266041 -2.4087448 -1.3578337 1.7426858 -0.0279287 -0.6771442 -0.2968784 0.6727250
1535225216.332384 -2.4189036 -1.3602580 1.7432129 -0.0254324 -0.6760751 -0.2970782 0.6738102
1535225216.464289 -2.4401674 -1.3651433 1.7433422 -0.0212947 -0.6744356 -0.2968751 0.6756837
1535225216.529851 -2.4495819 -1.3685068 1.7426333 -0.0193704 -0.6739034 -0.2957788 0.6767525
1535225216.596194 -2.4605470 -1.3728220 1.7428031 -0.0180807 -0.6736907 -0.2953739 0.6771766
1535225216.661498 -2.4696596 -1.3751599 1.7395906 -0.0143330 -0.6717338 -0.2953427 0.6792209
1535225216.728099 -2.4803259 -1.3776983 1.7390666 -0.0129206 -0.6713627 -0.2928517 0.6806931
1535225216.793403 -2.4894509 -1.3800949 1.7357588 -0.0102198 -0.6696270 -0.2930769 0.6823498
1535225216.860004 -2.5002706 -1.3830127 1.7355611 -0.0088953 -0.6685896 -0.2912447 0.6841677
1535225216.925308 -2.5100298 -1.3857141 1.7371078 -0.0069516 -0.6686555 -0.2897338 0.6847671
1535225216.990870 -2.5216961 -1.3898606 1.7382269 -0.0090532 -0.6674128 -0.2867937 0.6871881
1535225217.057212 -2.5316367 -1.3910859 1.7375801 -0.0065516 -0.6662090 -0.2873726 0.6881422
1535225217.122516 -2.5418174 -1.3931000 1.7379241 -0.0085535 -0.6650813 -0.2828580 0.6910753
1535225217.189117 -2.5517018 -1.3971627 1.7377057 -0.0106138 -0.6643457 -0.2820931 0.6920662
1535225217.254421 -2.5617213 -1.3982958 1.7384775 -0.0105525 -0.6632881 -0.2806046 0.6936848
1535225217.321022 -2.5736060 -1.3989546 1.7403469 -0.0105006 -0.6626341 -0.2793821 0.6948031
1535225217.386326 -2.5828824 -1.4009892 1.7397966 -0.0114757 -0.6611941 -0.2776745 0.6968412
1535225217.452669 -2.5917215 -1.4013761 1.7404318 -0.0104992 -0.6603739 -0.2760120 0.6982933
1535225217.518230 -2.6029198 -1.4037116 1.7395484 -0.0124931 -0.6583474 -0.2753996 0.7004125
1535225217.682660 -2.6246183 -1.4079736 1.7394726 -0.0166000 -0.6576620 -0.2711049 0.7026430
1535225217.749261 -2.6323478 -1.4101588 1.7379594 -0.0189515 -0.6563141 -0.2686681 0.7047766
1535225217.814565 -2.6410065 -1.4130100 1.7372441 -0.0219300 -0.6550639 -0.2671476 0.7064295
1535225217.881166 -2.6511149 -1.4123865 1.7368867 -0.0212314 -0.6525595 -0.2663323 0.7090715
1535225217.946470 -2.6607356 -1.4146478 1.7365098 -0.0230850 -0.6502326 -0.2656180 0.7114153
1535225218.011774 -2.6703320 -1.4151747 1.7355957 -0.0234238 -0.6471125 -0.2645223 0.7146500
1535225218.061984 -2.6754394 -1.4173464 1.7337060 -0.0246861 -0.6451833 -0.2656369 0.7159373
1535225218.127288 -2.6853905 -1.4173951 1.7354555 -0.0242267 -0.6445876 -0.2642813 0.7169905
1535225218.259193 -2.7047682 -1.4208869 1.7347136 -0.0259858 -0.6412702 -0.2615408 0.7208980
1535225218.341929 -2.7200592 -1.4236740 1.7342491 -0.0275089 -0.6394669 -0.2581539 0.7236587
1535225218.407491 -2.7306364 -1.4274126 1.7357271 -0.0304474 -0.6396149 -0.2543350 0.7247617
1535225218.473834 -2.7399004 -1.4311618 1.7359648 -0.0320367 -0.6392295 -0.2509738 0.7262035
1535225218.539395 -2.7514241 -1.4344977 1.7324889 -0.0329153 -0.6363091 -0.2512793 0.7286193
1535225218.605738 -2.7610893 -1.4377731 1.7317071 -0.0341735 -0.6354949 -0.2474322 0.7305859
1535225218.671042 -2.7702534 -1.4419596 1.7307024 -0.0351867 -0.6351533 -0.2455457 0.7314708
1535225218.786686 -2.7833307 -1.4472306 1.7298100 -0.0350361 -0.6355372 -0.2436989 0.7317621
1535225218.984024 -2.8156867 -1.4565041 1.7216840 -0.0347558 -0.6341069 -0.2459666 0.7322574
1535225219.066757 -2.8306217 -1.4567813 1.7163079 -0.0315151 -0.6335485 -0.2464491 0.7327250
1535225219.132061 -2.8405175 -1.4615875 1.7115345 -0.0331387 -0.6330019 -0.2473827 0.7328112
1535225219.198662 -2.8510859 -1.4628476 1.7089815 -0.0326814 -0.6337832 -0.2467850 0.7323579
1535225219.263966 -2.8598504 -1.4661744 1.7042909 -0.0334710 -0.6337313 -0.2481584 0.7319028
1535225219.330567 -2.8695810 -1.4683515 1.7008045 -0.0334477 -0.6337031 -0.2487331 0.7317333
1535225219.395871 -2.8785834 -1.4702264 1.6986983 -0.0323497 -0.6343346 -0.2510953 0.7304274
1535225219.461175 -2.8890843 -1.4709271 1.6940134 -0.0311062 -0.6330596 -0.2530312 0.7309195
1535225219.494995 -2.8935423 -1.4712738 1.6949558 -0.0304025 -0.6345530 -0.2526768 0.7297758
1535225219.560557 -2.9032545 -1.4751054 1.6900437 -0.0308706 -0.6329089 -0.2563621 0.7298985
1535225219.626900 -2.9121461 -1.4773726 1.6888840 -0.0291742 -0.6333851 -0.2589588 0.7286375
1535225219.757765 -2.9329484 -1.4814911 1.6857760 -0.0284891 -0.6318000 -0.2623183 0.7288390
1535225219.807719 -2.9377809 -1.4836705 1.6846733 -0.0295791 -0.6312009 -0.2624839 0.7292550
1535225219.873280 -2.9487936 -1.4848361 1.6828296 -0.0293360 -0.6297205 -0.2636111 0.7301374
1535225220.005056 -2.9677017 -1.4905517 1.6807508 -0.0311921 -0.6291586 -0.2630144 0.7307599
1535225220.087920 -2.9816647 -1.4953454 1.6788540 -0.0335913 -0.6287118 -0.2626496 0.7311692
1535225220.153224 -2.9912925 -1.4964807 1.6773725 -0.0334572 -0.6281636 -0.2626396 0.7316499
1535225220.219825 -3.0026813 -1.4978174 1.6775374 -0.0337990 -0.6276475 -0.2621322 0.7322588
1535225220.285129 -3.0119836 -1.5002083 1.6766236 -0.0335529 -0.6270992 -0.2619850 0.7327924
1535225220.351472 -3.0225384 -1.5029551 1.6741047 -0.0327598 -0.6247897 -0.2625418 0.7345996
1535225220.482338 -3.0413594 -1.5077049 1.6709082 -0.0297335 -0.6221752 -0.2634324 0.7366256
1535225220.516158 -3.0462790 -1.5089213 1.6700578 -0.0288220 -0.6212404 -0.2643273 0.7371302
1535225220.581462 -3.0564151 -1.5117730 1.6697721 -0.0279644 -0.6199062 -0.2647349 0.7381395
1535225220.648063 -3.0667653 -1.5132368 1.6713095 -0.0263098 -0.6189407 -0.2642186 0.7391947
1535225220.713366 -3.0755963 -1.5163029 1.6707270 -0.0259552 -0.6174675 -0.2635612 0.7406725
1535225220.778928 -3.0854411 -1.5194019 1.6714592 -0.0255830 -0.6158466 -0.2634277 0.7420810
1535225220.828881 -3.0907636 -1.5184561 1.6733201 -0.0236571 -0.6150916 -0.2624751 0.7431080
1535225220.894443 -3.1001358 -1.5209448 1.6745255 -0.0224781 -0.6133829 -0.2623262 0.7446080
1535225220.960785 -3.1099887 -1.5238439 1.6758559 -0.0219072 -0.6118135 -0.2615305 0.7461944
1535225221.026218 -3.1201138 -1.5262475 1.6774516 -0.0203478 -0.6101370 -0.2605864 0.7479395
1535225221.141604 -3.1393282 -1.5305574 1.6783364 -0.0165203 -0.6066115 -0.2585347 0.7516045
1535225221.240986 -3.1542072 -1.5356189 1.6777246 -0.0152806 -0.6043084 -0.2575310 0.7538275
1535225221.438195 -3.1841819 -1.5419282 1.6786292 -0.0074338 -0.6013286 -0.2558649 0.7568895
1535225221.669224 -3.2198601 -1.5527799 1.6789763 -0.0039917 -0.5999992 -0.2502167 0.7598531
1535225222.097463 -3.2868090 -1.5732962 1.6798019 -0.0060701 -0.5979202 -0.2425185 0.7639629
1535225222.393796 -3.3354344 -1.5828217 1.6764092 -0.0060781 -0.5959718 -0.2461653 0.7643189
1535225222.690389 -3.3857572 -1.5939713 1.6773231 -0.0135336 -0.5957303 -0.2465426 0.7642899
1535225222.952901 -3.4349337 -1.6039101 1.6840320 -0.0254745 -0.5933022 -0.2468639 0.7657688
1535225223.052025 -3.4537168 -1.6078885 1.6858521 -0.0278472 -0.5914290 -0.2490664 0.7664216
1535225223.480520 -3.5371766 -1.6286234 1.6918259 -0.0404393 -0.5868909 -0.2544543 0.7675784
1535225223.908757 -3.6160855 -1.6496627 1.6973212 -0.0396163 -0.5859784 -0.2613454 0.7660016
1535225224.205090 -3.6725287 -1.6610636 1.7008924 -0.0373202 -0.5816301 -0.2668568 0.7675292
1535225225.029044 -3.8994527 -1.6878470 1.7664747 -0.0522911 -0.5416555 -0.2885817 0.7877790
1535225225.423462 -4.0234246 -1.6879580 1.7742302 -0.0733157 -0.5482921 -0.3039587 0.7756351
1535225225.654492 -4.0968723 -1.7000102 1.7825840 -0.0789238 -0.5511876 -0.2992670 0.7748564
1535225226.115512 -4.2308307 -1.7484958 1.7901118 -0.0649356 -0.5675830 -0.2788700 0.7719226
1535225226.478445 -4.3168697 -1.7830322 1.7837839 -0.0439727 -0.5836768 -0.2952440 0.7551283
1535225226.906684 -4.4254084 -1.8034868 1.7885947 -0.0350416 -0.5900850 -0.3210480 0.7399325
1535225227.564911 -4.6422029 -1.8092506 1.8600249 -0.0566837 -0.5666525 -0.3368721 0.7498061
1535225227.894025 -4.7527757 -1.8154223 1.8821192 -0.0625064 -0.5636393 -0.3430603 0.7488079
1535225228.224178 -4.8587708 -1.8256433 1.8893645 -0.0648582 -0.5685205 -0.3512030 0.7411035
1535225228.520513 -4.9568195 -1.8335917 1.8901327 -0.0590810 -0.5787161 -0.3586314 0.7300553
1535225228.784323 -5.0376477 -1.8384230 1.8829646 -0.0579594 -0.5960878 -0.3602726 0.7152089
1535225229.970170 -5.3129401 -1.8297017 1.8555183 -0.0211895 -0.6474717 -0.3990542 0.6489124
1535225230.463713 -5.4034896 -1.8231723 1.8400965 -0.0113198 -0.6715422 -0.4196607 0.6105635
1535225230.875689 -5.4691014 -1.8134053 1.8198743 -0.0039788 -0.6904848 -0.4396197 0.5744123
1535225230.991076 -5.4878001 -1.8093977 1.8183389 -0.0037382 -0.7004594 -0.4433800 0.5592467
1535225231.188543 -5.5147419 -1.8011146 1.8030248 -0.0026624 -0.7154026 -0.4532725 0.5317293
1535225231.303929 -5.5277014 -1.7970138 1.7943053 -0.0010175 -0.7226685 -0.4585212 0.5172112
1535225231.385752 -5.5389824 -1.7931464 1.7846518 0.0026019 -0.7292331 -0.4638650 0.5030323
1535225231.419572 -5.5445933 -1.7902691 1.7767606 0.0043577 -0.7296081 -0.4678403 0.4987769
1535225231.600391 -5.5621271 -1.7863359 1.7571859 0.0082954 -0.7401944 -0.4749587 0.4758757
1535225231.665823 -5.5697112 -1.7831230 1.7497191 0.0111306 -0.7438719 -0.4769583 0.4680188
1535225231.764948 -5.5811338 -1.7827582 1.7390242 0.0138101 -0.7495141 -0.4802895 0.4553679
1535225231.913114 -5.5996304 -1.7781942 1.7188196 0.0132505 -0.7588646 -0.4829527 0.4366986
1535225232.094062 -5.6162558 -1.7760494 1.7012787 0.0096346 -0.7699508 -0.4843189 0.4153531
1535225232.144144 -5.6219835 -1.7735584 1.6926234 0.0099194 -0.7730944 -0.4857307 0.4077895
1535225232.276048 -5.6310225 -1.7708826 1.6764972 0.0079211 -0.7808626 -0.4859883 0.3924364
1535225232.325091 -5.6328764 -1.7715464 1.6729105 0.0063723 -0.7832755 -0.4854227 0.3883344
1535225232.406914 -5.6391597 -1.7678158 1.6609073 0.0047708 -0.7880091 -0.4847035 0.3795808
1535225232.440476 -5.6418967 -1.7659553 1.6575472 0.0045627 -0.7896641 -0.4844172 0.3764967
1535225232.637943 -5.6538901 -1.7567462 1.6363907 0.0090736 -0.7972687 -0.4862452 0.3575554
1535225232.786112 -5.6603122 -1.7466177 1.6218455 0.0154107 -0.8021030 -0.4886820 0.3429040
1535225233.214350 -5.6679230 -1.7071053 1.5643480 0.0314069 -0.8192723 -0.4990974 0.2805501
1535225233.527202 -5.6775656 -1.6840237 1.5115465 0.0360528 -0.8304186 -0.5074922 0.2270614
1535225233.774492 -5.6886082 -1.6715513 1.4790148 0.0346705 -0.8371930 -0.5104613 0.1932232
1535225234.021782 -5.7019181 -1.6503038 1.4485080 0.0317188 -0.8459148 -0.5077869 0.1599203
1535225234.482803 -5.7295017 -1.6279283 1.3885685 0.0273248 -0.8542191 -0.5032390 0.1277249
1535225235.767776 -5.7981515 -1.5431340 1.1993471 -0.0005562 -0.8632590 -0.4967247 0.0897122
1535225236.080499 -5.8106585 -1.5212646 1.1574074 -0.0005146 -0.8596631 -0.5049986 0.0771717
1535225243.376673 -5.9977069 -0.7279610 0.0281324 0.0147602 0.8545247 0.5171413 0.0462018
1535225245.386220 -6.0882540 -0.5304158 -0.3573463 -0.0156441 0.8526520 0.5222008 0.0067977
1535225245.715333 -6.1146026 -0.4979321 -0.4278882 0.0295927 -0.8476706 -0.5296941 0.0017027
1535225245.979143 -6.1380415 -0.4741204 -0.4814094 0.0367431 -0.8452228 -0.5330494 0.0103323
1535225246.439904 -6.1501966 -0.4327401 -0.5838478 0.0320849 -0.8459269 -0.5322175 0.0110781
1535225246.835618 -6.1447945 -0.4106481 -0.6682162 0.0276720 -0.8516081 -0.5234210 0.0053390
1535225247.263858 -6.1398172 -0.3847750 -0.7518477 0.0254043 -0.8562377 -0.5159059 0.0072722
1535225247.526629 -6.1419377 -0.3703246 -0.8017762 0.0261091 -0.8578871 -0.5130825 0.0097174
1535225247.658534 -6.1422129 -0.3614277 -0.8253943 0.0245216 -0.8592620 -0.5108231 0.0112759
1535225247.988689 -6.1496148 -0.3448833 -0.8925517 0.0197422 -0.8628752 -0.5047003 0.0182834
1535225248.185898 -6.1527419 -0.3368337 -0.9296551 0.0162569 -0.8660483 -0.4991958 0.0223535
1535225248.383106 -6.1517320 -0.3237912 -0.9677057 0.0112589 -0.8694441 -0.4933228 0.0239362
1535225248.646916 -6.1433086 -0.3040833 -1.0304971 0.0203360 -0.8708003 -0.4905448 0.0256714
1535225248.845164 -6.1597013 -0.2950726 -1.0544951 0.0240236 -0.8739421 -0.4848856 0.0231098
1535225248.976029 -6.1499028 -0.2802833 -1.0845417 0.0349470 -0.8726475 -0.4865182 0.0237719
1535225260.439331 -5.5023880 1.3184936 -2.7953978 -0.0674446 0.6693285 0.4766060 0.5659482
1535225260.900352 -5.4086018 1.3426528 -2.8249798 -0.0605760 0.6669907 0.4549292 0.5869357
1535225261.032257 -5.3832021 1.3478491 -2.8319073 -0.0630133 0.6654778 0.4476679 0.5939378
1535225261.559618 -5.2897382 1.3824902 -2.8741503 -0.0636675 0.6593973 0.4321199 0.6118939
1535225261.955333 -5.2144861 1.4022222 -2.9050660 -0.0775085 0.6522738 0.4140871 0.6301295
1535225262.383572 -5.1245966 1.4209223 -2.9347606 -0.0837496 0.6411333 0.4022002 0.6482045
1535225262.976495 -4.9922090 1.4422650 -2.9991021 -0.0896877 0.6288832 0.3943169 0.6640605
1535225263.634724 -4.8200941 1.4532754 -3.0142586 -0.0819234 0.6098582 0.3740270 0.6938771
1535225264.458420 -4.6097002 1.4785104 -3.0176916 -0.0784952 0.5959035 0.3650041 0.7109920
1535225265.315154 -4.3917122 1.5141423 -3.0348911 -0.0800120 0.6023785 0.3619662 0.7069078
1535225266.039725 -4.2066298 1.5350921 -3.0637217 -0.0821484 0.6005258 0.3580995 0.7102008
1535225266.797337 -4.0077963 1.5459783 -3.0684147 -0.0745122 0.5968711 0.3574742 0.7144263
1535225267.587469 -3.8087716 1.5659928 -3.0679750 -0.0722283 0.5924115 0.3521387 0.7209924
1535225268.345861 -3.6125553 1.5866251 -3.0713077 -0.0859050 0.5958049 0.3355458 0.7246005
1535225269.795263 -3.2007844 1.6107031 -3.1045318 -0.0422963 0.6018249 0.3395208 0.7216256
1535225271.210844 -2.8314548 1.6373198 -3.1139662 -0.0425322 0.6080679 0.3073286 0.7307487
1535225272.002015 -2.6300311 1.6740100 -3.1280057 -0.0378276 0.6025707 0.3226579 0.7289510
1535225272.694065 -2.4421444 1.7050428 -3.1212370 -0.0437688 0.6030256 0.3352821 0.7225167
1535225273.220390 -2.2915580 1.7247229 -3.1218879 -0.0356148 0.6140881 0.3468185 0.7080568
1535225273.813313 -2.1127300 1.7367569 -3.1060123 -0.0275984 0.6120762 0.3527540 0.7072239
1535225274.472579 -1.9257865 1.7573053 -3.1176448 -0.0172874 0.6239519 0.3560365 0.6954303
1535225275.164629 -1.7381032 1.7662812 -3.0980434 -0.0270538 0.6172249 0.3394540 0.7092760
1535225275.690951 -1.6145928 1.7713351 -3.0995028 -0.0325144 0.6158616 0.3388715 0.7105092
1535225276.350219 -1.4443620 1.7620647 -3.0723526 -0.0488678 0.5941483 0.3235177 0.7348034
1535225276.910363 -1.2996833 1.7549621 -3.0503840 -0.0501985 0.5870641 0.3073167 0.7472565
1535225277.568591 -1.1379532 1.7759756 -3.0270281 -0.0498498 0.5812528 0.3234749 0.7449995
1535225278.293420 -0.9772453 1.7850890 -2.9794056 -0.0600767 0.5556506 0.2961979 0.7745386
1535225280.763983 -0.5016130 1.6737586 -2.7002065 -0.0298828 0.3760536 0.2077625 0.9025106
1535225281.257526 -0.4245432 1.6385348 -2.6310506 -0.0110836 0.3116173 0.2096471 0.9267254
1535225281.785147 -0.3609135 1.6031322 -2.5390732 -0.0094764 0.2421777 0.2003853 0.9492660
1535225282.444415 -0.2869731 1.5566416 -2.4257765 -0.0167248 0.1899752 0.1650251 0.9676758
1535225283.102643 -0.2178996 1.5098835 -2.3207593 -0.0198287 0.1425821 0.1266101 0.9814515
1535225286.462465 0.0862278 1.1734041 -1.8202963 -0.0004803 0.0069968 0.0702109 0.9975076
1535225287.187035 0.1006932 1.0966605 -1.7322897 0.0026182 -0.0385875 0.0385870 0.9985065
1535225288.010990 0.1575463 1.0007682 -1.6387273 -0.0028164 -0.0722063 0.0418163 0.9965088
1535225288.735819 0.1906912 0.9136393 -1.5433743 -0.0079220 -0.0951078 0.0144862 0.9953300
1535225289.493172 0.2305041 0.7921075 -1.4249181 -0.0063740 -0.1234215 0.0120621 0.9922606
1535225289.756725 0.2429773 0.7467599 -1.3718246 -0.0033323 -0.1194797 0.0028120 0.9928271
1535225290.877011 0.3141905 0.5645944 -1.1572739 -0.0016583 -0.1083394 0.0207951 0.9938951
1535225294.154099 0.3798384 0.0420169 -0.3971276 -0.0611128 -0.1296004 0.0494307 0.9884461
1535225294.565948 0.3676621 -0.0063529 -0.3153087 -0.0637921 -0.2023831 0.1475553 0.9660223
1535225294.681592 0.3699340 -0.0197466 -0.3032590 -0.0677991 -0.2159610 0.1773972 0.9577549
1535225295.290778 0.3723347 0.0020432 -0.1540967 -0.1221166 -0.1721938 0.1725328 0.9621171
1535225295.603501 0.3370042 0.0224655 -0.1076048 -0.1681425 -0.1861808 0.1097415 0.9617805
1535225295.735406 0.3206924 0.0304156 -0.0889986 -0.1806234 -0.1961734 0.0956663 0.9590303
1535225295.801358 0.3129231 0.0310238 -0.0793165 -0.1857456 -0.2017242 0.0890546 0.9575360
1535225295.867311 0.3053570 0.0303607 -0.0694288 -0.1892810 -0.2089069 0.0862490 0.9555584
