1535224872.92832 0.00265811838771199 0.0955042846163306 0.0171598395136561 0.0218284343356178 0.0153772676416918 -0.0104805522289802 0.999588523903364
1535224873.12553 0.0150663967038102 -0.00475061385254807 -0.00460858245050347 -0.0471900235233942 0.000228998243483353 0.00404300180337766 0.998877721934012
1535224873.25743 0.0547325142680869 0.0828639901838595 0.0265313793895668 -0.0701467856643648 0.0276140917965429 0.0218353201636932 0.996915296897664
1535224873.58758 0.127739676186056 0.0429444762985651 0.137059952541343 -0.140286587698188 0.117568716611332 0.108151133504614 0.97713898832665
1535224873.90043 0.189767181158785 0.0137458102190132 0.219995319770856 -0.180299637199882 0.197678500977672 0.170668818153127 0.948307653447459
1535224874.11416 0.26100678697049 -0.084957096097289 0.27982317414544 -0.196038353352223 0.225618495760295 0.209955114998622 0.930904994116867
1535224874.47684 0.267843011085914 -0.0125561413494405 0.31310718970051 -0.194599794187343 0.295181904102189 0.238455054671027 0.904509674074681
1535224874.83873 0.299948576617584 -0.00571556262448863 0.329128301616505 -0.246646449742831 0.317758749863385 0.27067065739355 0.874604082394233
1535224874.97064 0.312047676639084 0.00628604231910634 0.328521426638029 -0.264618132119909 0.323141514286779 0.275698336585144 0.865763959230228
1535224875.13506 0.395176294795173 -0.0480798864336734 0.353097645577592 -0.293126832151769 0.31849287392252 0.299634132519746 0.850210759848627
1535224875.26697 0.354211933743774 0.0314534347743819 0.337112682715896 -0.28627942435575 0.347007197594221 0.294877882139753 0.843016684670664
1535224875.76077 0.451718195158837 0.00940122853688397 0.380716303681834 -0.288211943456985 0.399784811028526 0.396177159236715 0.774693254791055
1535224876.09092 0.525855062198775 -0.0311515404460369 0.401766114309878 -0.275318158154843 0.423663579377747 0.490345653989936 0.71011986517224
1535224876.28813 0.652493962723744 -0.0859476493282903 0.392577389892739 -0.275675158267309 0.408179175267449 0.555016704490956 0.670335308430247
1535224876.81549 0.719469201844402 -0.0794266932653247 0.382544650927316 -0.277388320253603 0.4157686184399 0.629891607582604 0.594498728681956
1535224876.94739 0.638368258772916 -0.0539905028508525 0.407218754225016 -0.28442704585639 0.437878192657743 0.624872576818865 0.58042932965172
1535224877.11208 0.735111207580977 -0.0467889238069704 0.378031572740635 -0.297564542562972 0.420024217342371 0.649770490945487 0.559315035513686
1535224877.24398 0.640968261358276 -0.0192461413156002 0.403290929572641 -0.307142787964453 0.445569589918057 0.630349253374359 0.556588597720133
1535224877.40841 0.727725055620091 -0.00297825143908909 0.378517983928256 -0.321636915782872 0.436923602370361 0.637978741806057 0.546471028601651
1535224877.47397 0.630640765564102 0.0170306348556908 0.402502544684174 -0.327736307843553 0.458696293337171 0.616514565482157 0.549632980768223
1535224877.57309 0.628399811089989 0.0293916942491948 0.401298573401967 -0.338232368637408 0.460625300863919 0.614989531232345 0.543333298707682
1535224877.73752 0.625585889678466 0.0484662340667976 0.39939532189563 -0.352883540847428 0.464309607367463 0.614371121877504 0.531448887201986
1535224877.83665 0.625030961478521 0.0582771690275228 0.397717935181939 -0.359119607857336 0.466407992227895 0.614975217013044 0.52469245706232
1535224877.93473 0.717772927011174 0.0618542353706577 0.374419408458094 -0.365903920180129 0.449808571487644 0.632606215318374 0.513415958608241
1535224878.10045 0.619712392970108 0.0843245509467503 0.393034383570962 -0.368519474862316 0.477014742464099 0.605916494369559 0.519148855310319
1535224878.23132 0.710653455752464 0.0868271387703492 0.367417050560395 -0.367932934814156 0.465909727505053 0.618956133005244 0.514243898077946
1535224878.36322 0.618654201990541 0.104883315338695 0.386981397005345 -0.365775252679611 0.490414789770646 0.599259497533294 0.516323399738499
1535224878.56147 0.716164229950708 0.104074223786226 0.359026260371352 -0.363041001124326 0.477757730771404 0.622182690383994 0.502829476042661
1535224878.75868 0.62298587380947 0.122122741705667 0.380572792355711 -0.361205650896341 0.499015864085372 0.604179690237974 0.505450835448537
1535224879.02249 0.714788910610977 0.119016861910364 0.348780626656282 -0.356468067048268 0.482634688802661 0.623923258913045 0.500713532198354
1535224879.2197 0.622320599540524 0.130947866017109 0.369578434285385 -0.358738497109174 0.492811321015554 0.614480864778634 0.500856226268235
1535224879.3516 0.715785879504167 0.125974343299272 0.337877333086162 -0.359630172788949 0.466610126075152 0.64208735596556 0.490576147374773
1535224879.74706 0.621510815561102 0.13757369468756 0.352374883971187 -0.343743664618313 0.490245899232026 0.62258030298698 0.503877978932989
1535224880.01087 0.713884859345756 0.140541241190512 0.314223249417883 -0.341890292187515 0.471667363933486 0.646250463492409 0.49295158417822
1535224880.3072 0.727239373976795 0.154936355799885 0.301171747707812 -0.330888495553794 0.480122078580129 0.658781384654158 0.475397392087073
1535224880.50441 0.64548687392928 0.166870647904174 0.331402200481574 -0.321968639966132 0.50755484069763 0.645056530309132 0.471832969670735
1535224880.76822 0.654386070966511 0.169957049590428 0.328122915269277 -0.310088862785478 0.514924816577329 0.649575438777447 0.465563185600299
1535224881.7566 0.617076906597505 0.197469613075301 0.327282778049517 -0.358459206060765 0.503592356414565 0.633542099786022 0.465323698031628
1535224882.05318 0.61327999507049 0.236505532167247 0.326694729432303 -0.373786102442251 0.52829059050597 0.611901290824089 0.454719487037555
1535224882.41482 0.61459778578146 0.295167616695452 0.323445228265198 -0.394311978747682 0.565320970714857 0.580945123494046 0.432935361196778
1535224882.67863 0.608935671760316 0.338081791719725 0.318875902440701 -0.414241934846182 0.588189044596681 0.554041598521566 0.418897570223321
1535224883.04156 0.605803694548406 0.389558347206958 0.305868125856202 -0.449757308228362 0.60158680724774 0.540794027017055 0.378620518967639
1535224883.46876 0.693565361494577 0.420598472271614 0.261126523526606 -0.469956257991161 0.598980007329284 0.549938923537362 0.343411191974463
1535224884.78729 0.677007844394453 0.499949983477075 0.216285762049587 -0.511895544778468 0.62272897923632 0.514546760106913 0.292255370042576
1535224886.10478 0.578661608808895 0.559707602260485 0.192908135070365 -0.539446261391242 0.649630948897424 0.475625832001175 0.246490221385824
1535224886.53327 0.653034174935911 0.573175912180879 0.14976695526802 -0.551260770798868 0.643152118984635 0.475039454703175 0.238336801394831
1535224886.76326 0.556649308936851 0.590196087028118 0.165918201761872 -0.561252596285551 0.65852741050315 0.44111021151142 0.238241377764428
1535224887.29062 0.551611216430761 0.610706039766581 0.143525137383792 -0.571243629211176 0.666467935228696 0.426190716096671 0.218775412034003
1535224887.94885 0.533570466096738 0.63845305412991 0.11153845976659 -0.592709625860395 0.672557131958858 0.396775704242352 0.197310020492346
1535224888.31178 0.524023256936581 0.657148565337335 0.0894946575666898 -0.606083975327339 0.676783158084311 0.378146161075294 0.177854582872785
1535224888.7728 0.599912424257358 0.677003830180509 0.0380733345996007 -0.621747856626761 0.672850400164551 0.372684661154136 0.14767560773146
1535224889.16825 0.483335717815407 0.700389960774185 0.0279117152129907 -0.649985966224557 0.67874725039082 0.31277677033566 0.137808220859363
1535224889.85926 0.450110945666292 0.721911801513169 -0.0196943881448989 -0.681406317664798 0.67473447870173 0.257326230842434 0.119172246844765
1535224890.38662 0.415518975900443 0.731345149802383 -0.0575896109409014 -0.711128859504836 0.66129606824603 0.211647864370785 0.110401253656731
1535224891.8035 0.317847842215271 0.709838627646536 -0.189722937571485 -0.793272816091292 0.596623385765894 0.0943355599905296 0.0765478734459886
1535224893.15351 0.287607371209721 0.681776019044261 -0.332057174909908 -0.826418196342126 0.561779459408183 -0.034378135423101 0.0159670769556398
1535224893.4501 0.284079532530945 0.671406445438917 -0.36406729434025 -0.831096270047265 0.552182515445137 -0.065958559771673 0.00478831317371348
1535224894.10936 0.2813416158961 0.6499211101962 -0.414170240767891 -0.837129905991867 0.53441652183861 -0.115883619651001 -0.0135457881480426
1535224894.30657 0.367147821470919 0.687199618932717 -0.408366775720267 -0.834959448560295 0.539158732727056 -0.106160698934224 -0.0296729874774558
1535224894.60316 0.367808514882569 0.678726305012217 -0.429845874483426 -0.83517402121195 0.533315601357144 -0.128192394382583 -0.0403179074876917
1535224895.85509 0.293257261201955 0.601189375890501 -0.508781982679116 -0.833086484487996 0.506540068869768 -0.212881945941802 -0.0637600586956548
1535224896.15168 0.289857300528475 0.592350934084937 -0.516603869227119 -0.836236772650099 0.496983575422973 -0.222136875754847 -0.0661104701043575
1535224896.48079 0.290454968759165 0.580522113920166 -0.531604505828664 -0.836329220014002 0.487747149153045 -0.239280325208989 -0.073492041825813
1535224896.57992 0.291120232492603 0.576888443087732 -0.536350538513666 -0.836028666826841 0.485155644157555 -0.244851917149518 -0.0756809609743914
1535224897.07346 0.367994119435625 0.615021745220542 -0.535419122406418 -0.835686055024439 0.482613875754838 -0.244643818216323 -0.0941385498885526
1535224897.23814 0.294512151093895 0.556341396117119 -0.559553191623509 -0.834719198334805 0.47051320826051 -0.272503165491141 -0.0871963622005443
1535224897.43639 0.378935947868944 0.607605396592366 -0.549165704377192 -0.827719820540033 0.486235994236155 -0.259601237534364 -0.105174398334283
1535224897.56725 0.383308798555294 0.604885734573148 -0.554189134351258 -0.824452411583638 0.487848284519687 -0.265161376548368 -0.109415340387418
1535224897.79828 0.31209713190224 0.54261695112516 -0.583630090292498 -0.821078972759418 0.47365943734145 -0.300033286124116 -0.107033102950827
1535224898.22652 0.32381898971631 0.527832695378834 -0.602366727152391 -0.811945949100739 0.470647987061592 -0.323225482469553 -0.121488828688465
1535224898.3912 0.328567157309388 0.521370789314945 -0.609922526795404 -0.807939266924434 0.469241506383196 -0.332784272681377 -0.127676064729309
1535224898.62223 0.334558632148245 0.513548211086691 -0.618639910354623 -0.802955763832043 0.467580743974169 -0.344173928787022 -0.134813189031222
1535224899.11577 0.344749557845247 0.498928956034395 -0.632866797330284 -0.794342804773522 0.463926170690002 -0.36361626066297 -0.146885096708014
1535224899.31298 0.350850297985794 0.489996944633968 -0.64115370577388 -0.788943030142102 0.461442729686076 -0.375260869160449 -0.154333348590004
1535224899.64313 0.441159814264948 0.526888730879098 -0.641697066591311 -0.7753748819228 0.472236494056577 -0.379267226078377 -0.178725648375289
1535224900.49987 0.463956111210265 0.491386700736096 -0.668072957899988 -0.752496689761486 0.462941456572293 -0.421098987945186 -0.205206193952005
1535224900.7962 0.473283736848224 0.474888196518586 -0.678200452559921 -0.742651904817582 0.457014045891498 -0.439009737393211 -0.21651041684557
1535224900.9934 0.402368847030137 0.406655396807343 -0.697737601025496 -0.737678478564959 0.434700691656886 -0.469298821807915 -0.215926808860811
1535224901.15809 0.410044208141804 0.395034786122805 -0.703669530607422 -0.729263993837513 0.431321006580853 -0.481506553845913 -0.224249091810137
1535224901.38912 0.497692513582545 0.438715101317245 -0.697512438295054 -0.716381016237595 0.447369134565873 -0.478107396682043 -0.240982186582513
1535224901.52102 0.425521699803159 0.372612618568769 -0.713818552737865 -0.712157363041579 0.425048606537726 -0.504782014247307 -0.239500919493919
1535224901.78354 0.514192341345077 0.410973644217443 -0.708481762800926 -0.697180773808188 0.43829816078109 -0.50502059322348 -0.258433533637436
1535224904.23783 0.629767200544489 0.21076571349278 -0.715755858120551 -0.534547505669747 0.365771619509398 -0.667791539244694 -0.366775880691361
1535224904.55068 0.643778730638899 0.195830157010076 -0.710699198786068 -0.515679780221307 0.362291395977669 -0.681734087065357 -0.371561493167171
1535224904.84805 0.652777732382256 0.179091008324602 -0.704873876866933 -0.500414173762372 0.353667841037045 -0.693775709679306 -0.378391302189798
1535224905.14438 0.655380840804112 0.16620881179627 -0.700435462772136 -0.493617516881088 0.342446229993263 -0.70132031290497 -0.383695380866676
1535224905.44097 0.662770506066114 0.151190674186966 -0.693946275585368 -0.483101968588187 0.329118868912128 -0.713217247665784 -0.386800227125401
1535224905.67096 0.667846970343752 0.141859256499285 -0.689407769612004 -0.473805003530761 0.323995632552238 -0.719690282078249 -0.39061687956157
1535224905.80261 0.591923833871277 0.0808477927202908 -0.691421054814163 -0.470831936517193 0.297513657909822 -0.733012724306672 -0.39050641085275
1535224906.00008 0.672096990059587 0.134100233276326 -0.685331514934333 -0.465438130598619 0.320327061014004 -0.724841666012292 -0.394160474654064
1535224906.0992 0.676014883827719 0.128373572805739 -0.682048241554475 -0.458926064611868 0.317286633775544 -0.729300734499037 -0.396025880349265
1535224906.33023 0.682872662554477 0.114129332152634 -0.673932052755096 -0.444395160911857 0.308967140044754 -0.738385163107393 -0.402292925905436
1535224906.59378 0.710602088556843 0.138599591116167 -0.664509559642557 -0.453452780360109 0.305190597244916 -0.759844630146551 -0.351959391655384
1535224906.70838 0.710769659581862 0.129601811670985 -0.65087098199415 -0.44813185528892 0.298563121275765 -0.764000103089824 -0.355445840274041
1535224906.89037 0.639035616682967 0.0536769668956789 -0.628496056383446 -0.43775579400467 0.266675379083683 -0.779900862878292 -0.359177882236099
1535224907.1867 0.714328721124658 0.094451028798178 -0.573964539974443 -0.416256857654477 0.284734686228728 -0.780863527354806 -0.368657752611897
1535224907.3186 0.714325632041969 0.0857702352519834 -0.552107254079922 -0.406671259577982 0.283022862739725 -0.785028058956977 -0.371816476840534
1535224907.61494 0.640164406017635 0.00425324014246942 -0.50802820766667 -0.382773958215005 0.257153149389024 -0.802446257540866 -0.378729928089108
1535224907.77962 0.635766172563848 -0.00686416725856812 -0.479790504116617 -0.368999484632737 0.258310785485857 -0.805147299177478 -0.385814391993956
1535224908.14152 0.694982550187163 0.0264400672337755 -0.414760057195698 -0.345879071403239 0.271175691262223 -0.801370294520607 -0.405754930338057
1535224908.2569 0.690594535330184 0.0152013872011046 -0.398525128315699 -0.336066905951417 0.268050690500964 -0.802163692639776 -0.414416785684067
1535224908.47063 0.692270863738671 0.00177427658854151 -0.365267865759119 -0.313138349778349 0.266497530530357 -0.80873976550874 -0.42055134264936
1535224908.6361 0.615494731439142 -0.0625175807964838 -0.347352953342858 -0.300236426283319 0.234130407690228 -0.822494784708904 -0.422543926301257
1535224908.76696 0.616299861531841 -0.0662020420954794 -0.329718216370674 -0.290978883953461 0.230967759166245 -0.826867937650657 -0.422225765443406
1535224908.93243 0.615368235219815 -0.0683039901786874 -0.307370678743968 -0.281811716177598 0.227929998445256 -0.831096680252028 -0.421791868707587
1535224909.27806 0.606412280545205 -0.0776446183051447 -0.264521641967848 -0.260917233166869 0.22059918007831 -0.835452592062207 -0.430438341231193
1535224909.49179 0.600877731323851 -0.0852587757852727 -0.232065912958424 -0.247054581241467 0.207536225021504 -0.839802448732634 -0.436605767591426
1535224909.98637 0.590129072586625 -0.099904359245723 -0.166994232523585 -0.210072863558318 0.186444337761658 -0.847797334739628 -0.449830612699277
1535224910.21636 0.59045797235671 -0.100291227463089 -0.144793686471827 -0.195842112665552 0.184920024479856 -0.852927456693927 -0.447174691894219
1535224910.34826 0.667768250894807 -0.0433591613577349 -0.125692348019284 -0.190654086901507 0.209390751005127 -0.851341183001025 -0.441616035338022
1535224910.54651 0.578901165779748 -0.101585032468593 -0.114551023563231 -0.185270842907758 0.177746239845893 -0.854928831114754 -0.450752351871462
1535224911.00753 0.631800152157421 -0.0532530656662604 -0.062831841220099 -0.17189571456331 0.182841195410886 -0.849538054912374 -0.464010833743335
1535224911.27134 0.539404027591806 -0.109499750163055 -0.0373231651620002 -0.160404359391932 0.145162616569417 -0.853268911638393 -0.474479104566488
1535224911.83148 0.59138949406382 -0.0688252044900822 0.02469828943421 -0.127443283889141 0.14251899947609 -0.848298318375253 -0.493798042950356
1535224912.4897 0.423237857225977 -0.139298247486862 0.130655279671086 -0.0635355504229074 0.0482643613413907 -0.813274131410321 -0.576384396419223
1535224912.72073 0.370917789683636 -0.144471911529577 0.173634039490089 -0.0362261219086191 0.0146867846910704 -0.780310735231617 -0.624169146088776
1535224913.04984 0.395401094390384 -0.131216615654391 0.21984414697237 0.00936031022045125 -0.00638958968126446 -0.733394238876699 -0.679709090801901
1535224914.36734 0.0692439376010599 0.0938270724781847 0.364845044933971 0.0749732470273808 -0.137869752514451 -0.336481581587772 -0.928520914586165
1535224914.59836 0.0725639556778594 0.138272167023193 0.394432876847156 0.0735711074712673 -0.169993528601616 -0.289395509885881 -0.93911646308478
1535224914.8947 0.0941302437692896 0.174929216537033 0.427896511040984 0.0609098486461659 -0.207313533554242 -0.253846186024051 -0.942800722838151
1535224915.0266 0.105505870880627 0.181145953440576 0.437714152993788 0.0552463684221741 -0.218597310549665 -0.249119644269245 -0.941861166752147
1535224915.25659 0.127020382639389 0.186115364591327 0.448766201949679 0.041080393780544 -0.230099179181245 -0.245775040668565 -0.940723869353444
1535224915.38849 0.134496262957535 0.195504755209346 0.450333017074564 0.0352135633464013 -0.230977112743236 -0.237187487557175 -0.942948394182608
1535224915.48762 0.140059577086198 0.201230743022518 0.451781137459006 0.0333194757317364 -0.231296312777498 -0.23202957961458 -0.944221426581909
1535224915.55292 0.143186771446117 0.206961428069519 0.451075695670037 0.031065657120623 -0.230872614997856 -0.226927777396945 -0.94564081153332
1535224915.61952 0.110684606210356 0.302245160059084 0.469448168041852 0.0103532441013871 -0.250021081872952 -0.208754085649784 -0.945412079825605
1535224915.68483 0.151635519286446 0.221153869402248 0.455774193921501 0.0244600815258565 -0.234372031202578 -0.213426834163817 -0.94811415022693
1535224915.75143 0.122253214825273 0.315815785162486 0.474514277381688 0.00257580939082441 -0.253629432942327 -0.195220278650335 -0.947393539536248
1535224915.88204 0.157775522750347 0.239574905782415 0.462972090795351 0.0189177526712813 -0.239931862847304 -0.194359492589103 -0.950946479811032
1535224916.04776 0.167887776738993 0.250061195448743 0.470953868460271 0.0146857047474354 -0.246529027886105 -0.185210504502834 -0.95115973290894
1535224916.21219 0.186532089513455 0.249925288015375 0.477241098710832 0.00381793360192906 -0.254948981098382 -0.184983382173632 -0.949087766615664
1535224916.34409 0.172723218273596 0.336243601211844 0.50562415279073 -0.0261136873970922 -0.280704484177893 -0.178396983051956 -0.942707581560108
1535224916.50878 0.2178592414995 0.235358133234653 0.489947356842477 -0.0242920532191868 -0.273405859975697 -0.204519038396007 -0.939590918865714
1535224916.83789 0.268150962437356 0.223029031782495 0.504071562167267 -0.0472343595600758 -0.290296133244658 -0.225852602579649 -0.928702143966593
1535224916.88693 0.271030712463726 0.226328630382091 0.507219638867688 -0.0522466878700976 -0.294095783104395 -0.222341384652931 -0.928085266900317
1535224917.06892 0.270498106053274 0.321565741816572 0.554767871983161 -0.0917800960827552 -0.328151682204141 -0.194767531751046 -0.919760020877857
1535224917.19978 0.309750799823726 0.241654381108048 0.528257162752058 -0.0750152026248775 -0.320242294490295 -0.203377673797814 -0.922201232917918
1535224917.49716 0.364108837560543 0.242883808671849 0.551152708710238 -0.073891852859873 -0.350991853946003 -0.212135235008078 -0.909034297819696
1535224917.79349 0.420420129118816 0.246763529065569 0.570758695566651 -0.0620497943242195 -0.380949615655344 -0.222140095525917 -0.895366400595925
1535224918.09008 0.479714870936069 0.241469664936632 0.584365352326301 -0.0690761713192882 -0.414981783058124 -0.233212260755191 -0.876715828372694
1535224918.32007 0.525315735821089 0.236471411972774 0.588222966307327 -0.0709566661910017 -0.434773051757673 -0.249240824035328 -0.86244800227177
1535224918.64918 0.573219262718762 0.234684754486532 0.586340653926472 -0.0829817874947398 -0.456312458749976 -0.261789017364834 -0.846380217940425
1535224918.97933 0.604459322795162 0.241995258173954 0.585437343194018 -0.0766882537695142 -0.465837108524804 -0.268884600729665 -0.839533067571181
1535224919.30845 0.645585839087421 0.258654559055641 0.582709963141185 -0.0797171121613861 -0.479536813892343 -0.263259125633571 -0.833297221236981
1535224919.96771 0.725231449918906 0.299788452279003 0.565615852314248 -0.0523824099100607 -0.485475258544373 -0.257723446329114 -0.83375564866784
1535224920.28043 0.776735163631715 0.323518735888399 0.5622354387484 -0.0518776581498872 -0.498106197785616 -0.247193550609764 -0.829514480192706
1535224920.62593 0.83036605727528 0.353763131816176 0.541855746630271 -0.0568289390935253 -0.509545492288235 -0.224105101469385 -0.828800800232263
1535224920.85696 0.861209112686231 0.391895956263345 0.530298629680909 -0.0414059175042298 -0.518162364197504 -0.201339795608327 -0.830214189850595
1535224920.98887 0.863735470815444 0.511574941535633 0.550051108067505 -0.0419472175903102 -0.53851077439754 -0.166077419546202 -0.825024161774106
1535224921.18608 0.905962187143986 0.457336170869235 0.505848357696299 -0.00797915407741712 -0.52828623982036 -0.164693488106112 -0.832902177264601
1535224921.30159 0.907024410276338 0.565957513497772 0.51851559673782 -0.0107080298207404 -0.545246303578485 -0.142654681649441 -0.825979084683657
1535224921.51519 0.954556890035146 0.490262308506132 0.479217293403995 0.0137546888813169 -0.53521674171154 -0.165064066784195 -0.828316184667498
1535224921.64709 0.959847573937135 0.58956250423802 0.486300475795726 0.00211537293224245 -0.552618761303589 -0.155213832575653 -0.818850838693971
1535224921.8443 1.01133979005067 0.501490466762132 0.443546903990884 0.015877349251935 -0.540539673082717 -0.187236425546061 -0.820065419678877
1535224921.95982 1.01028081464238 0.601502265770407 0.453725578156907 0.00949648408382936 -0.557304991428597 -0.17563744120528 -0.811463155396274
1535224922.15767 1.05931647708623 0.529004560543462 0.41348028575567 0.0329895017206221 -0.546357010080434 -0.195761958052386 -0.813684807583186
1535224922.28945 1.05742273188771 0.635784533505098 0.418249018836884 0.0244758274145936 -0.5660941747382 -0.176571652596162 -0.804835865688965
1535224922.53635 1.11919234933423 0.569759326620707 0.370115733419206 0.048472105352772 -0.560313094066083 -0.19838561932271 -0.802709684547723
1535224922.66825 1.11528828261521 0.678804638467379 0.369032355887038 0.0441870076756758 -0.579162588860571 -0.178548148778737 -0.794190633654587
1535224922.86546 1.16692733982623 0.607447479271906 0.324646212207715 0.0655286018867247 -0.569041582740261 -0.195657053605641 -0.795999998003509
1535224922.99737 1.1573016416812 0.713354745742629 0.320464423611451 0.0586498037273011 -0.585416854261468 -0.178016502802037 -0.788769568378172
1535224923.19561 1.20810060235176 0.637060845776754 0.275785662901364 0.0731451513117137 -0.573153582396453 -0.201607321475113 -0.790885102750916
1535224923.32752 1.19751016264579 0.738954849691434 0.268853925650729 0.0625355654660663 -0.588976938346661 -0.184575271967555 -0.7843006044405
1535224923.52473 1.24647604988738 0.663120037552839 0.222966593367146 0.0739014332287502 -0.575821404270393 -0.202936993356077 -0.788533363452937
1535224923.72194 1.24027939470915 0.767969675249645 0.207981058141595 0.0590481307473084 -0.592447023293152 -0.180602182798512 -0.782881021876724
1535224923.92044 1.28818475738113 0.687126951005839 0.162019590222766 0.0690516813032136 -0.580112348347017 -0.203243125885861 -0.785744080718812
1535224924.11765 1.31059558003466 0.698865021587143 0.132372183480952 0.0679044510020517 -0.583644487066421 -0.207426768401436 -0.782126737812753
1535224924.31486 1.31295664448626 0.800359627080283 0.118650717509446 0.0525143803795594 -0.604652531464475 -0.194978597528549 -0.770467976331756
1535224924.44676 1.35999078731479 0.714531341083345 0.0805997926912359 0.05935806161928 -0.59496895247373 -0.221450851150262 -0.770355818202171
1535224924.64501 1.36152460000381 0.814182219920382 0.0715397485462168 0.0453309054388512 -0.61829494613251 -0.212736649579639 -0.755248029805255
1535224924.77691 1.41071617388758 0.731508381567441 0.0305255976553102 0.0540590840362422 -0.610554492610155 -0.237857899996376 -0.753474914244682
1535224925.0069 1.41893031875169 0.834949883212211 0.0198155701315836 0.0426905059510763 -0.639799047264584 -0.224135881294533 -0.733892230874052
1535224925.13881 1.47036708455799 0.755907099366099 -0.0221446819351119 0.0503409607540494 -0.636045343069056 -0.242661362602101 -0.730771901711208
1535224925.33602 1.50808733469256 0.77189521733517 -0.0466959093846224 0.0471359622160319 -0.656628328066701 -0.239611162508477 -0.713585265155911
1535224925.46792 1.53555614579445 0.783790363032882 -0.064163266002183 0.0471816515785697 -0.670648739131414 -0.239890052031032 -0.700326297801467
1535224925.66617 1.55288611994888 0.887083090327485 -0.0665821674564431 0.0341231050925552 -0.706820549134616 -0.221290142137312 -0.671022352841341
1535224925.99528 1.63291477387077 0.886649438696181 -0.118309237879172 0.0125895646314697 -0.743924310871402 -0.250120687602007 -0.619562558738339
1535224926.12719 1.68614380972923 0.798852715255555 -0.180787268743446 0.00407863611112119 -0.744231717669383 -0.281988214152379 -0.605462766998518
1535224926.32439 1.70608264712806 0.887428181828804 -0.184198011251854 -0.0172732479756311 -0.777210838771741 -0.274338763787732 -0.566024018645425
1535224926.4563 1.74542476285761 0.809006140102249 -0.255831013962556 -0.0225301475734262 -0.773669141152618 -0.299760430777156 -0.557738412357246
1535224926.68733 1.76261390065935 0.908133109186572 -0.260183224813813 -0.039489038871554 -0.806931178087477 -0.277847881218729 -0.519714579881706
1535224926.81923 1.79568818749198 0.830473152860501 -0.334036606450865 -0.0411340149903772 -0.801326062362949 -0.306171137716303 -0.512292659539609
1535224927.01644 1.81975134893955 0.837140669158759 -0.378131153322641 -0.0506255552969729 -0.809312368304555 -0.320770693231415 -0.489445304425306
1535224927.34555 1.84737747715949 0.910956072123891 -0.40592500144092 -0.0857787405251736 -0.829291984825669 -0.33867378996608 -0.43613859674171
1535224927.47746 1.87146731568466 0.831843178695665 -0.503286764169404 -0.100322023853646 -0.816069555953903 -0.380376920751258 -0.423413945843658
1535224927.67571 1.8871235687679 0.909946601964463 -0.489486299501475 -0.121599770222664 -0.836746992283038 -0.377294771401736 -0.377778535996945
1535224927.80657 1.90050485516332 0.846576751031872 -0.594779494223826 -0.141111327824158 -0.829690497127227 -0.402183101636374 -0.360485817882786
1535224928.00482 1.90432990397134 0.940785480780581 -0.570654459331239 -0.158186549836134 -0.856924874060028 -0.368439041714676 -0.323897280335164
1535224928.13672 1.89450404681132 0.888512052087228 -0.648420996224978 -0.155360124604715 -0.844465047956338 -0.391952614660632 -0.330325842651764
1535224928.33393 1.90702867388766 0.982096753566752 -0.599025730434176 -0.143233729431516 -0.861710349405414 -0.379865554034196 -0.304370716953899
1535224928.46584 1.89858851252425 0.926431737709332 -0.679389817937966 -0.144951142416038 -0.848522205898255 -0.404413274126886 -0.308948436020987
1535224928.66304 1.90946580473731 1.01574783572503 -0.635036051027644 -0.139947178793519 -0.866780769217026 -0.388486150225628 -0.279614728414197
1535224928.9932 1.91104135841335 1.05308576568976 -0.671261068423999 -0.134879401539691 -0.874129236691348 -0.392551650815876 -0.252207902420653
1535224929.15788 1.90393971938049 1.0079280997912 -0.760464778019898 -0.135906549401692 -0.866625034479057 -0.411827093218519 -0.246756772419891
1535224929.35509 1.91525780756078 1.1048425546558 -0.714223303653829 -0.121190239435101 -0.888067704996682 -0.387547055250492 -0.215536440478774
1535224929.487 1.90463954917651 1.05468165366355 -0.791360924990278 -0.118621758918376 -0.87981233841193 -0.405376363425273 -0.218011769098231
1535224929.6189 1.91169297286014 1.14635702088272 -0.738813410716174 -0.103608435561611 -0.896280056209683 -0.384498580578929 -0.195213202560765
1535224929.75081 1.90244560147794 1.09632304779788 -0.817826620645241 -0.10163046320054 -0.887887717860264 -0.404031680175724 -0.19515391576116
1535224929.88245 1.90541601453081 1.18701387917562 -0.769797408332683 -0.0894884099442705 -0.902322998544061 -0.385483546259184 -0.170901920257037
1535224930.01436 1.89498317689143 1.13276157506141 -0.851050533233974 -0.09229724502769 -0.891201556529323 -0.4107304920346 -0.168942200509595
1535224930.21156 1.89519146828979 1.23283063277999 -0.806203550245387 -0.0740322947372454 -0.905642714816846 -0.393454486259825 -0.139728521344524
1535224930.34347 1.88261103690282 1.18200618738729 -0.882953515684861 -0.0736289677472464 -0.89651924941051 -0.413375102219951 -0.14125521374283
1535224930.47537 1.88166860787639 1.27603650685105 -0.830100272754457 -0.055435177706837 -0.910648641303645 -0.391769804623306 -0.119005938296593
1535224930.80449 1.8620399190039 1.32829138475243 -0.855275087101185 -0.0266573737698911 -0.917845613322564 -0.384431289082027 -0.0951913783015463
1535224931.16742 1.83693563115174 1.38369738658343 -0.882372536017888 0.00707531394326855 -0.921569129029643 -0.382176466288689 -0.0678338334995062
1535224931.49653 1.81420339180564 1.43173488867303 -0.913491247639997 0.0320569188450556 -0.92353232492804 -0.380486825264901 -0.035919000083607
1535224931.62844 1.81301877553206 1.37585020211108 -0.990299077872527 0.0295840729788614 -0.915110691493029 -0.401061738301091 -0.0290978867280256
1535224931.82565 1.79745979757014 1.40801283276247 -1.01152089308036 0.0482708130558658 -0.918597053151242 -0.392190333715359 -0.00601038176935449
1535224931.95755 1.78679773688675 1.42716917635786 -1.02678642476381 0.0593537611789847 -0.919223323051603 -0.389106961152636 0.0100690701872002
1535224932.15476 1.76744240585776 1.45207802139153 -1.05370860730737 0.0729014440796986 -0.920872639714053 -0.38133997231751 0.0354793797866374
1535224932.28666 1.75193784842769 1.46774064969292 -1.06466496433235 0.084912341307742 -0.921502856823693 -0.376108087716283 0.0465304794066088
1535224932.48491 1.72042357364173 1.48800256369754 -1.09292105590827 0.0964636304895919 -0.921109821555625 -0.370750532967747 0.0692495987761639
1535224932.61682 1.70289889114612 1.50082651536568 -1.10126165967759 0.106091907760302 -0.920186334931914 -0.36871706653561 0.0777775093309282
1535224932.81402 1.68155975006046 1.5165104079519 -1.10837953741948 0.11895969230342 -0.918425307975105 -0.367584290937633 0.0850019666465669
1535224932.94593 1.66825305873777 1.52529311082668 -1.11600660402351 0.124789183726258 -0.916618775790788 -0.368561845181845 0.0916506724955297
1535224933.14314 1.64958176282274 1.53866889389398 -1.13073862934307 0.133443368894955 -0.914247359017174 -0.36799842307657 0.104507389409756
1535224933.50607 1.58483650934792 1.64283458830115 -1.09863045912502 0.173457740449113 -0.915017947472207 -0.338252644145225 0.135054495707474
1535224933.83518 1.56818242312284 1.59847499093652 -1.17067103467608 0.191993332227107 -0.90338901524026 -0.353864929253425 0.147670103162521
1535224933.96709 1.52248525831147 1.67431964301852 -1.11685128831112 0.212526956611075 -0.904813445977942 -0.333218820818876 0.158461787643688
1535224934.2962 1.48488720775072 1.68284006434 -1.13571542547452 0.224622245621574 -0.898027046221161 -0.332357715227385 0.180639475630465
1535224934.49341 1.46312285169255 1.68864591647208 -1.14884718027619 0.229983192356021 -0.892193746791486 -0.334147824302372 0.198603325586186
1535224934.62531 1.44745779119346 1.69070533389741 -1.15617464535417 0.234218616490485 -0.889784872558561 -0.332301658162997 0.207364722740751
1535224934.82356 1.4245757777609 1.69357213678972 -1.16429702532951 0.24068059594811 -0.883870409443641 -0.335030022930981 0.220455967891228
1535224935.18546 1.38294517638077 1.70098654844356 -1.17325886375372 0.259858573636412 -0.87536055319978 -0.33167851998645 0.237079697547094
1535224935.58091 1.34659214858805 1.70512686670762 -1.18400642064876 0.272527759023646 -0.863466331831389 -0.335525018043063 0.259956682203779
1535224935.97663 1.31270186723521 1.70596019973416 -1.20759712711191 0.274519109465739 -0.854268962137697 -0.329930488463244 0.293274055532915
1535224936.50295 1.29994680163239 1.6436297869011 -1.28467901344199 0.26982560248408 -0.840088350728854 -0.346697942237932 0.318192149591656
1535224936.63485 1.25356088550834 1.71026937595805 -1.22005633302085 0.295444577573861 -0.837292595574284 -0.323782541427933 0.326830960658793
1535224936.89866 1.26350668539224 1.65253400336228 -1.28348887740389 0.293935138949066 -0.828000021008573 -0.342999125788147 0.332219353754955
1535224937.16221 1.20294478684196 1.71533288561891 -1.21724118723923 0.324297820037148 -0.820267295357672 -0.321022430407996 0.344872566697765
1535224938.05147 1.07256434346045 1.73315688674124 -1.1828497430361 0.423278072955262 -0.760462512309568 -0.316652590793106 0.37717844194905
1535224938.77629 0.975847265459209 1.70010759045664 -1.20177661670628 0.529884766015185 -0.667284936695477 -0.333110441944321 0.403720672584404
1535224939.10541 0.937008223358629 1.6855253034606 -1.1889141649172 0.559842029108048 -0.636794343179702 -0.334053361022568 0.411677323796245
1535224939.46834 0.895633919325192 1.66000495140618 -1.18306929246235 0.590246356468588 -0.608249721978351 -0.324736861601103 0.41974692983544
1535224939.86276 0.800152974032736 1.62924303774149 -1.09147165710535 0.638206382498104 -0.569216040457893 -0.30210799300681 0.421208348902912
1535224940.06101 0.77835001030077 1.60812614944348 -1.08405680598534 0.656490742523433 -0.548919022024949 -0.298660091204657 0.422504393068082
1535224940.39012 0.795253804055655 1.58196294352864 -1.15614826336127 0.66443797053002 -0.516202921694808 -0.310960167887489 0.44199604176856
1535224940.58758 0.722570611013896 1.54626742780702 -1.07809657040099 0.694622268224635 -0.493429142215888 -0.280659791211941 0.441879698215957
1535224940.78583 0.748940071198132 1.53796220599303 -1.16366519243689 0.693062883777127 -0.478464186548534 -0.281165734824991 0.460088785867796
1535224940.98304 0.676719641120437 1.49762029011943 -1.08751761025385 0.724398663798479 -0.454574219925079 -0.245760397957049 0.456301086194714
1535224941.31215 0.645174627193833 1.45247579218664 -1.09246618212127 0.746183127627201 -0.420251997839199 -0.22153443929583 0.466391992386802
1535224941.80699 0.620011184618553 1.39914759367977 -1.08246771797527 0.769317376487242 -0.375929840279154 -0.210533770008636 0.471702301360111
1535224942.0042 0.657872640844613 1.41623469352599 -1.16789599302477 0.757221283061716 -0.376124789636001 -0.217799165216886 0.487554709474196
1535224942.26801 0.612781268551203 1.37379558463343 -1.10605593463409 0.76703014500587 -0.372613725884435 -0.185734481121485 0.488186921636912
1535224943.05814 0.629664896219711 1.34560476542777 -1.20474231177794 0.768226600568874 -0.345569517254796 -0.160438989013316 0.514459842676824
1535224943.38829 0.575813701364917 1.28363832378479 -1.12358781137961 0.794554857444883 -0.313743120834107 -0.131639813490103 0.502910322169177
1535224943.74993 0.574574394822024 1.26785552041405 -1.14602605111152 0.785272753435093 -0.315509356219673 -0.108538739271234 0.521555261624044
1535224945.66034 0.6115799065217 1.2011289711543 -1.28345594783707 0.746595137457823 -0.298473019337711 -0.0420579559876871 0.593077301698439
1535224945.92415 0.568732083192217 1.1663969652101 -1.21097507189687 0.75613378968086 -0.28529868844833 -0.0140828172008262 0.588785211033879
1535224946.22048 0.569407942903351 1.15349600633063 -1.22548119188334 0.747165617396856 -0.285169128992306 0.00438067840172091 0.600335670859631
1535224946.35239 0.613610953997612 1.16330995990994 -1.31187447113808 0.730524174227834 -0.293316244990029 -0.000675381290610511 0.616684323745788
1535224946.48429 0.611164203687497 1.15250974737029 -1.31257226109392 0.731557776707205 -0.285025707917175 0.00675742656925216 0.619304369717898
1535224946.7481 0.562298924980996 1.10727359039184 -1.23168553840916 0.746976169844093 -0.252626692600049 0.0378953115200529 0.613816178701576
1535224947.14252 0.561230461373137 1.07321449677083 -1.24487415817095 0.737938119990624 -0.23538038056816 0.0710582775533436 0.628485583525543
1535224947.27442 0.606067627223895 1.07812244190034 -1.33355962507976 0.719283176844852 -0.244157354916831 0.0720590998405798 0.646394913097371
1535224947.47267 0.562016264011536 1.04188701493368 -1.25568850632826 0.729132588971529 -0.219378342994269 0.10123498079777 0.64030484067172
1535224949.81132 0.6452837611063 0.872883527771824 -1.36648836233675 0.651460812671432 -0.133802108775818 0.258874883969107 0.700485260152275
1535224951.4254 0.63264112408024 0.773794516817546 -1.26892568209449 0.62523583535555 -0.046088916288626 0.339202798416833 0.701353993022622
1535224952.24936 0.654473313089411 0.73527183861032 -1.25760689978935 0.603873267991899 -0.0129687060153696 0.372333485912752 0.704653577396105
1535224952.84202 0.726399185363893 0.708361239982658 -1.32725032364814 0.571620860036475 -0.00233299347732065 0.399735733362072 0.716558087656597
1535224967.69814 1.38821897599763 1.22270192711396 -1.19009873407277 -0.0301170543111944 0.765741120811966 0.325110731944374 0.554108753686351
1535224967.96169 1.3620835974303 1.30980336592203 -1.15870875960329 -0.0279847499667232 0.781139725837805 0.311978960269009 0.540098797292501
1535224968.35637 1.39141257965754 1.23099167154174 -1.21867634143996 -0.0258574459444637 0.766431206859629 0.344538642641852 0.541486584660625
1535224968.61992 1.39372228943128 1.23591181180961 -1.23067759098086 -0.0246609141677379 0.767461613458095 0.353085448844139 0.53453267158822
1535224968.91651 1.37226523378076 1.32658024148119 -1.19693733330579 -0.026902094141684 0.788802197248571 0.339545322026014 0.511640836170128
1535224969.50918 1.40061200446157 1.36176597925888 -1.22505900694605 -0.0499014013357147 0.813696864848621 0.344217708785506 0.465748248776861
1535224969.83933 1.41004221954441 1.38303583405358 -1.23975167813526 -0.0649570991734436 0.825076517602228 0.342888152490925 0.444361373489764
1535224970.234 1.45905645633998 1.33246041856991 -1.30823001261563 -0.0829390292574845 0.825628525186123 0.366557958439473 0.420825283139567
1535224970.49781 1.42414949913014 1.42745545590342 -1.27621809518577 -0.0945369013271447 0.845613641817941 0.339585324429552 0.400851781199654
1535224970.69502 1.45949573166114 1.36597345713108 -1.33540579752603 -0.104070449340085 0.838124617771668 0.360550675807158 0.395878361159394
1535224970.89327 1.4262163499956 1.46820774242619 -1.31031848237026 -0.121950866288861 0.858263382264976 0.336374401305336 0.367918761441918
1535224971.15708 1.4718348143428 1.42055644772378 -1.3756288519569 -0.139542895606464 0.856499840808818 0.355146811078849 0.347572360179509
1535224971.32151 1.43287726976951 1.50865945474975 -1.34961266470618 -0.146488758687528 0.872700629549995 0.331276647566983 0.327399507540877
1535224990.85494 0.658024763824199 1.60361867724893 -1.67614739017884 -0.634297794147955 0.203081965567463 0.16957999160291 -0.726406669881444
1535225009.76267 1.84844795246776 1.09608522353494 -1.63898516578822 -0.129398437121243 -0.772634402435973 -0.594237554878364 -0.182136907339416
1535225010.05901 1.85859111473217 1.13584659587235 -1.63133955046397 -0.0878314841178438 -0.779868770117055 -0.598524165239635 -0.160807821383057
1535225010.38812 1.86783587489608 1.17425314518849 -1.63747200955292 -0.0570315503229621 -0.785117080914544 -0.603282045519778 -0.128020877506192
1535225010.48724 1.87020727618449 1.18538166691722 -1.6409892181989 -0.0490568238361623 -0.785018350073025 -0.60637712293153 -0.116817819141648
1535225010.68471 1.87234668550161 1.20585604512811 -1.64090423602945 -0.0291266484453617 -0.779412641880461 -0.61755328698228 -0.101466791437589
1535225010.91548 1.84685067360728 1.25045659202042 -1.63691892394318 -0.00516718987360248 -0.783494590471739 -0.615730104962163 -0.0835820835682649
1535225011.08017 1.82038033114399 1.27738258336722 -1.62693019564772 0.0144360463090554 -0.784027262434639 -0.615239584160597 -0.0810746964724618
1535225011.27841 1.78841345851283 1.30766660158719 -1.62435941987943 0.0311394536228296 -0.781542043438503 -0.618948034122101 -0.0715939929213671
1535225011.57501 1.7269185887161 1.37601921964274 -1.53420815139143 0.0620042429178778 -0.790370216583154 -0.607365550789383 -0.0507689108883208
1535225012.23323 1.62606211104849 1.45429241331793 -1.53761218836634 0.111675031180769 -0.783260975830462 -0.61145066771409 -0.0126100001538033
1535225012.52956 1.59063905539262 1.44799231928248 -1.62915992772841 0.117364168478456 -0.76621681960972 -0.631770556450139 -0.00184426332330848
1535225012.85868 1.51784327575437 1.51720360978447 -1.54228977619821 0.163505208549021 -0.772952005175126 -0.612310987768777 0.0297741285466973
1535225013.15501 1.46701559055672 1.54051975657601 -1.54661193683247 0.189584744508212 -0.763295381872629 -0.615401412489062 0.0521429397726984
1535225013.97896 1.37705308438933 1.5873438154492 -1.65192406759792 0.228456895785464 -0.702273917259656 -0.661840642491947 0.128785697384032
1535225014.3419 1.3301749611089 1.61046273883928 -1.63535345703189 0.270130843184105 -0.703041646261277 -0.645128874877617 0.128726477393019
1535225014.5391 1.27250534853136 1.63869627381545 -1.53526668905774 0.312167436886111 -0.708137480669476 -0.61947655032414 0.131687521874869
1535225014.77013 1.27104731049914 1.64221528326719 -1.61541957494484 0.327804445461018 -0.696476865089289 -0.624454336257658 0.13236692887725
1535225015.00012 1.1928402652108 1.66716482837853 -1.51205340643626 0.383455829589527 -0.701900573963806 -0.587582382418767 0.12265461627746
1535225015.42836 1.10549863859793 1.68787599343544 -1.48651390317239 0.460143927451776 -0.680734239029447 -0.559435462664485 0.109089068909888
1535225026.3981 0.836316465118037 1.01152037082724 -2.45295377814207 0.989640230076023 -0.138899614584281 0.00881300313377775 0.0352341178288521
1535225026.72721 0.873990888311145 1.00132369631877 -2.48272147552456 0.988097328086888 -0.149574693953954 0.0252534867544987 0.0255605665600944
1535225027.05633 0.953953536375462 1.07371167624785 -2.48989676412589 0.985283319675474 -0.166770764878468 0.0177517091331799 0.033002557082406
1535225027.38544 1.01141923061883 1.04313202568568 -2.4899170821543 0.984491915331942 -0.171882915963458 0.0212827706621562 0.0279101329069329
1535225027.51734 1.00626509924705 0.942672180327321 -2.5016678299515 0.984826953201716 -0.168468716926679 0.0414855190727925 0.00362151511971609
1535225054.16692 2.6846181724581 0.922140918100413 -1.82670153991226 -0.396861658641473 0.528329875734214 0.735147607995093 0.151414532876138
1535225054.69324 2.67105379869005 0.956798830494783 -1.83433956549421 -0.419678997159782 0.534226008604456 0.72406895678737 0.119148046103822
1535225054.95705 2.66795428006707 0.966090610344327 -1.83749424440616 -0.424472563727021 0.535960247810944 0.721528734324985 0.10938894346699
1535225055.6491 2.61565110800401 0.955688234631245 -1.79057858039676 -0.424463566822195 0.556686755501117 0.709238867211094 0.0831310166384513
1535225056.04351 2.66056138107371 1.00411762716209 -1.86337970766843 -0.432984610096557 0.544476999883019 0.715903941757442 0.0595875003173866
1535225057.92141 2.59008938555843 1.10693886695313 -1.91474658777013 -0.499597197630425 0.552212744722115 0.664391010909355 -0.0636263255982792
1535225059.30524 2.49226391131729 1.1819655390963 -1.97574515874156 -0.565993250053908 0.543375952575032 0.592709219545962 -0.181906558765223
1535225059.76626 2.44262304583593 1.20231174262164 -2.0020779561711 -0.595861145368475 0.532848943200695 0.556127751234741 -0.227471808092033
1535225060.85377 2.301643546946 1.1939166491176 -1.98202847169847 -0.657934496605321 0.511958888613002 0.46093584421378 -0.3042341895083
1535225078.74061 2.63749341363266 0.526490224961701 -2.1143186343442 -0.483245692938985 -0.626772173306046 -0.488015391079414 -0.36806415350417
1535225105.00983 1.94893417871771 1.02508534586744 -2.14761317389563 0.911941842006506 0.172831064859429 -0.352597559099685 0.119022943730517
1535225105.42168 1.94142408650621 1.0080752896639 -2.18727101381078 0.923812502255403 0.183905475523743 -0.319896615594169 0.102055828252927
1535225106.37754 1.9668219733035 0.91014225882326 -2.26245718598348 0.945395927382713 0.189399957879171 -0.254673345268911 0.074132878354268
1535225106.64005 1.96917722559818 0.905653782466442 -2.28134926950953 0.948287515642875 0.194667122014194 -0.239944089119024 0.0726796627634991
1535225106.88747 1.97046269419997 0.905004030081597 -2.30134464598015 0.952211527564742 0.195074713721206 -0.222576357401605 0.075490581963858
1535225107.29932 1.97954010062956 0.903124969470908 -2.34081432008866 0.958645089452085 0.195354200925934 -0.196178173073646 0.0659579643369777
1535225107.89224 1.98914953664366 0.904941809960252 -2.4161140555487 0.970178606137843 0.192790840395035 -0.136201440545585 0.0550847678175566
1535225108.7815 2.01243362541373 0.926186263353581 -2.53919190919323 0.985410963247529 0.162835314000112 -0.0351117406667597 0.0348863826357972
1535225110.16559 2.0806269586671 0.945575495202864 -2.68690751447448 0.984271239199016 0.146763028888882 0.0981625645961166 0.00590355392166148
1535225110.72574 2.0752216579904 1.05223090780682 -2.7046578611952 0.986161457233848 0.122681369835861 0.107833233432348 0.0284052025011512
1535225111.10389 2.11206042620547 0.974407742830985 -2.72878089666658 0.983807702310674 0.109510864741573 0.141157018123799 0.0142993570533924
1535225111.51587 2.13675403257612 0.992581270791598 -2.78054161577822 0.975478266996233 0.0859335120187696 0.201905342730905 0.0170825848998661
1535225113.1963 2.23315640498312 1.09873423829386 -2.89658058522111 0.9351693977659 0.0544765833569912 0.348165165626394 0.0356583341205968
1535225118.89477 2.71123435416293 1.11547852036925 -2.98738193202607 0.622103494507912 0.0429690512551836 0.781486599247633 0.0204840902077999
1535225119.52022 2.76164648533472 1.12248373652146 -2.96784015701228 0.573750603094946 0.0339750331719798 0.818131410967497 0.0178027233163607
