1494876479.72208 -8.58432594812567e-05  3.27407248514234e-07 -4.26466185557902e-05 9.9435310060907e-06 4.18546122577764e-05 -2.02079405669984e-05 0.999999998870478
1494876480.67727 -0.0179345452400099 -0.0167741074485705 -0.0430538888776018 0.0120464066678912 -0.0160216584650992 0.00676164685174524 0.999776210298221
1494876481.15378 -0.0353598455857476  -0.032347340012795 -0.0634713527901145 0.0122256925259053 -0.0245040549269746 0.00621265907139359 0.999605665551001
1494876482.50592 -0.0134366905771452  -0.032286123652832 -0.0919918022971681 0.00715178143339427 -0.05690418186115 -0.0299782195457294 0.997903839286086
1494876483.06393  0.0178405856219589 -0.0225975249759553  -0.106770116687343 -0.0206406537594969 -0.0504691025829278 -0.0175193775673898 0.99835860516475
1494876483.46102 0.0215393655426221 -0.034238165246992 -0.137129922269046 -0.00426132540341537 -0.0167570888083251 0.0178245773516386 0.999691615210767
1494876484.33698  0.0256823584448474 -0.0639198958861132  -0.154654310886918 0.0202892325259316 -0.00403650704170397 0.0294864228233969 0.999351091720768
1494876484.97311  0.0442660096752159 -0.0826911093401632  -0.148967350710133 0.00942766546505036 -0.0244033070539441 -0.0283383651080576 0.999255990620878
1494876485.84977 0.0391949443504132 -0.101402989044874 -0.167550035869797 -0.0396486633925814 -0.0204709345252867 -0.0432107396711388 0.998069013800106
1494876486.00882 0.0222576089682846 -0.127049238585135  -0.19161884458136 -0.0313130177947421 0.00152599044303268 -0.0869749582601945 0.995717089792774
1494876486.16784 0.0047465963137714 -0.154131022527544 -0.215833305159894 -0.00381922267463736 -0.0010659701699286 -0.11135262158093 0.993773047990744
1494876486.40643 -0.0196425257155643  -0.174776799659947   -0.22240502844241 -0.0125846391136 -0.0274664756088991 -0.115662749223252 0.992828962116902
1494876486.72645 -0.0368902825808033  -0.211603945141606  -0.233698277443118 0.00828679685227521 -0.032260111251346 -0.145542905978201 0.988791118861512
1494876487.04452 -0.00600778873154003   -0.228482402393107   -0.226260980840959 -0.0115354750306068 -0.0037521558592963 -0.139973551906933 0.990080935534456
1494876487.84063 -0.010827425756155 -0.248221948940562 -0.219139778148742 -0.0484179292541529 -0.000808860145535408 -0.151301751958331 0.987300779765895
1494876488.39634 -4.60459167379093e-05    -0.291032613527473    -0.189475480354799 -0.0310584855337192 0.00847373953444074 -0.155900081063468 0.987248059475965
1494876488.79331 0.0216209348578801 -0.312428335611694 -0.149087828101382 -0.022645219733041 0.0346810518458247 -0.158848408862989 0.986433779666839
1494876489.43047  0.0482773521596725  -0.296375182055411 -0.0793219559494625 -0.0218302048830471 0.0432014095694825 -0.152358378724401 0.987139303643841
1494876490.38554 0.0356693410761025  -0.29205604668079 -0.153794390072525 -0.0324852592786962 0.0517515874658412 -0.165101077686867 0.984382098207295
1494876490.94206 0.0232497328809385 -0.283688871411222 -0.182882582635097 -0.0580841130843388 0.0387186127941055 -0.171541678092569 0.982700644910591
1494876491.58015 0.0233461492333456  -0.25926839389597  -0.17882853806782 -0.0903763071374863 0.0218435532393031 -0.159937509191815 0.982738508171727
1494876492.05721 0.00357721237015467  -0.256389771836627  -0.157444275839927 -0.096393840371778 -0.0268688799205918 -0.149194904266638 0.983731249565176
1494876492.45473 0.000970947633493455   -0.267956294086146   -0.147571024546537 -0.0988800659845953 -0.0313672624809909 -0.150337056342953 0.983177296770764
1494876492.69323 0.0148974427904433 -0.281638977553195 -0.149478010451325 -0.0959169174861656 0.00535142970926398 -0.149077306410847 0.984147988797064
1494876492.85427 0.0321887524210376 -0.293748832736396 -0.156547382126546 -0.0895858534374863 0.0449755237599684 -0.145224328540284 0.984307610214621
1494876493.09272 0.0499585838689374 -0.306799387990883 -0.162428947184049 -0.0849107364177905 0.0870142317016753 -0.145549756696082 0.981852309997826
1494876493.64934 0.0471706230801748 -0.349637340370831 -0.147755197438668 -0.0942928765383976 0.0727735520212716 -0.146782927971668 0.981971300810969
1494876494.04699 0.0385217983860486 -0.406115514760204 -0.123292732341983 -0.0903578066784797 0.0659500051290352 -0.147598969979742 0.98270067042648
1494876494.36704  0.0331170507380845  -0.449342814629028 -0.0940003649084282 -0.0826269009414148 0.0634866314587759 -0.15283390954936 0.98274311951735
1494876494.84425  0.0289031650564429  -0.499893507141732 -0.0554632644007188 -0.0821746982217893 0.0580836649657996 -0.149453644196031 0.983634695948056
1494876495.64171  0.0174776650709047  -0.551009259142279 -0.0541046980515815 -0.0862027637106347 0.0603166452947532 -0.130718601249556 0.985821298773969
1494876496.35783  0.0127982296495317  -0.606205069097489 -0.0830681095066105 -0.0920213096440907 0.0668228849607828 -0.130599549505451 0.984891130169156
1494876496.99695 -0.00368987466329132   -0.596076820389733  -0.0828662780096623 -0.121278768874708 0.049820395337296 -0.15035469791527 0.979899409757695
1494876497.31533 -0.0235721342395654  -0.571817525337112 -0.0839154628219215 -0.13612428729028 0.0259966220608401 -0.15358758059917 0.978368646848841
1494876497.63362 -0.0514393699463904   -0.55072715966796 -0.0920199121243412 -0.141133204486503 -0.00165068102737268 -0.151096431736605 0.97839080236886
1494876497.95401 -0.0836814165993591  -0.525481622398675  -0.103811265885677 -0.150810318688046 -0.0198282056426475 -0.128724446176404 0.979945461234849
1494876498.27235 -0.126696171886419 -0.497544681934665  -0.11113148963524 -0.145602343234292 -0.0429234691821663 -0.126882291215835 0.980233858634699
1494876498.51107 -0.162986664111182 -0.483569098452104 -0.115082929192281 -0.135993530599159 -0.0685427692093752 -0.137785826854347 0.978684174972882
1494876498.7498 -0.194854438792582 -0.464238087079839 -0.116194374794853 -0.12523884059814 -0.0916027666442023 -0.133067874288011 0.978885645405648
1494876498.98853   -0.2208024440025 -0.447868344307777  -0.11604801349143 -0.109314476662729 -0.111637984083026 -0.123924914596846 0.979913221282373
1494876499.22937 -0.246396587552391 -0.426912204973065 -0.118594833242445 -0.106312188525323 -0.146518527359733 -0.122431047644199 0.975828201213736
1494876499.46808 -0.268114393408044 -0.407727224921571 -0.126957295971666 -0.114742544023417 -0.176003139127795 -0.132471492533015 0.968663175347485
1494876499.70677  -0.28950103353841 -0.382481236235437 -0.132459301491629 -0.13046549747948 -0.187730200117512 -0.135096457530562 0.964098061969821
1494876500.02502 -0.325374580845389  -0.35788582371773 -0.137453380817822 -0.123490057352478 -0.215116018778515 -0.129954139059124 0.959993346821406
1494876500.34334 -0.357648482681507 -0.340075031202383 -0.133880688966864 -0.12275833917007 -0.23996687282381 -0.119592668881077 0.95553329803899
1494876500.5841  -0.39156639189908  -0.32283634141527 -0.125250299574109 -0.123066974601681 -0.255392913875203 -0.116388397115177 0.951883774586836
1494876500.82277 -0.419433333769231  -0.31627539505644 -0.115951757478143 -0.119436497033626 -0.272547573830847 -0.11199360613742 0.948108736042229
1494876501.06143 -0.448623149795274 -0.313984921455648 -0.102550302848298 -0.1126511665636 -0.288439320174938 -0.104996224676269 0.945033473509066
1494876501.37959  -0.492263096316382  -0.314011276397508 -0.0813119867795937 -0.111783386671824 -0.305303627005053 -0.094943909128701 0.940893099093142
1494876501.6182  -0.522050918003602  -0.310154702796699 -0.0647785849702712 -0.111626754129456 -0.313360836315363 -0.0880686279656869 0.938929374763885
1494876501.93843  -0.562860429997463  -0.305844001669332 -0.0469185422777176 -0.109159717777674 -0.332228509399867 -0.0856344555815269 0.932938965620955
1494876502.33613  -0.606283684642464   -0.29840268364865 -0.0246079957772142 -0.105604787611926 -0.345304578838961 -0.0775102556238522 0.929303253485865
1494876502.81345 -0.648273425793376 -0.273477668390941 0.0011930804085242 -0.108170612857966 -0.355840202394794 -0.0711110015260324 0.925537732529327
1494876503.37238 -0.690903089598767 -0.238773726768017 0.0391630187259088 -0.113538801105352 -0.369577782616857 -0.0731533032001411 0.919331168551613
1494876503.8496  -0.73537709906276 -0.207325693944398  0.062943564051392 -0.116194761587836 -0.381297195220526 -0.0733802449619646 0.914180816876962
1494876504.40833 -0.785076944832958 -0.185954462387765 0.0907150938429426 -0.117717055481987 -0.397614304134188 -0.075842661889243 0.906803975859221
1494876504.72656 -0.820997762501591 -0.174236156907868  0.106061100217571 -0.120989970768324 -0.410670873444858 -0.0742563118525967 0.900664677239853
1494876505.12443 -0.871593725783214 -0.163082027525147  0.120993446197983 -0.118387408914385 -0.424352803219678 -0.0693597460568696 0.895040974166583
1494876505.60384 -0.922658281605071 -0.147365576319143  0.148297152762198 -0.120869970436606 -0.434842417949462 -0.0643130954432832 0.890037273125695
1494876506.00163 -0.966566666922054 -0.127199222761485   0.16491726044102 -0.131532555481205 -0.445932757938239 -0.0654830515803004 0.882924193915826
1494876506.39946   -1.0152650321076 -0.112551970080477   0.17576521448815 -0.136314040694679 -0.459853811201035 -0.0587780705123667 0.875498768166018
1494876506.87879   -1.06685952114781 -0.0932089540975482   0.193788991245621 -0.133472811210303 -0.477180679540609 -0.0529192915987683 0.866996629934319
1494876507.5152   -1.12284466137844 -0.0527087478124605   0.222645992384176 -0.145691158549543 -0.482283980391045 -0.0529539866444306 0.862190306067706
1494876508.15377   -1.18271225306013 -0.0332161756015744   0.258324670295805 -0.138397036219653 -0.492993381938358 -0.0615113230103449 0.856749755104787
1494876509.02906   -1.25142554548426 -0.0184910961270471   0.316455284956802 -0.129443358263177 -0.501946430845964 -0.0716370831398491 0.852151586210906
1494876509.66762   -1.31360629069348 0.00239335712875612   0.347628550187701 -0.135525425615978 -0.508651693049238 -0.068741042381178 0.847455593681522
1494876510.70425  -1.37325486113857 0.0291725446942483  0.399924775326985 -0.131374604422666 -0.499823819634332 -0.0751377560613633 0.852801958401244
1494876511.34085 -1.4330333378491 0.03729484508438 0.43876444679609 -0.121410515115476 -0.50870734040992 -0.0872270545721166 0.847860701756564
1494876512.21807  -1.50669252001822 0.0497805756461709  0.504509170235028 -0.13374224652851 -0.506475850442161 -0.0870344648242549 0.847360741564744
1494876512.85455  -1.57006984833361 0.0492365873626247  0.559951923186954 -0.133859389561507 -0.502629470772617 -0.0814572999631799 0.850182325868851
1494876513.57263   -1.6353901058546 0.0491247874599002  0.614482067685952 -0.139354316280926 -0.500507087418532 -0.079400536375926 0.850745899079689
1494876514.1296 -1.69153983061061 0.065753719794785 0.640721433879559 -0.14736127050676 -0.504993609004545 -0.0627104666490063 0.848135312430665
1494876514.609  -1.73946796190383 0.0869852116495161  0.651345309729027 -0.149088372445941 -0.513728595122854 -0.0542569831255678 0.843155838227211
1494876515.24545 -1.78760169938264  0.12585585683744 0.669960114293701 -0.141622953757545 -0.519650583466079 -0.0566903425703602 0.840649995617443
1494876516.04218 -1.84486242556332 0.167035282226289 0.701525505316316 -0.13013026915414 -0.522948871280818 -0.0676945389564281 0.839647569204762
1494876516.91593 -1.92511154803747 0.175138863294664 0.762255348371319 -0.132529169397407 -0.521728693863974 -0.0657823774139534 0.840183234824162
1494876517.39459 -1.98549151882429 0.167935758694732 0.787963090734154 -0.12736113871197 -0.52819211256894 -0.0610839894903224 0.83729384256299
1494876517.87122 -2.04321129888121  0.16062491608952 0.819126839175658 -0.131793377903007 -0.529878520297615 -0.0607757586342921 0.83556302361375
1494876518.3499 -2.10581393151489 0.161904079732923 0.853855681825302 -0.137119829980202 -0.535377114157723 -0.0535333938146459 0.831687245068141
1494876518.66757 -2.15904156761674 0.174515841452607 0.863586938985857 -0.148860697247044 -0.542268111383431 -0.0525168081490971 0.825244068778202
1494876518.98534 -2.21203739263459 0.189037329222134 0.875980980199292 -0.148317316687389 -0.551796880804203 -0.0534746624779645 0.818939946747179
1494876519.46274 -2.28231500005554 0.221935263521525 0.907933737692634 -0.159165835309043 -0.555949765323584 -0.0667073243478885 0.81310283985814
1494876519.86271  -2.3452088358748 0.243869005488287 0.924780315398856 -0.166865561604895 -0.562994862309215 -0.0638690041979904 0.806915992942554
1494876520.26064 -2.40911726015063 0.271646531705321 0.940931189742297 -0.176214687233028 -0.568119466450752 -0.0613189142605586 0.80151646682834
1494876520.73807 -2.47060318037178 0.302716411089076 0.979914821321759 -0.182454011886581 -0.562202618844377 -0.0729431228333879 0.803316904927519
1494876521.29695 -2.55063921652316 0.328496698216243  1.02885579368457 -0.184441766097416 -0.560935363018117 -0.0780566119808171 0.803268273219275
1494876521.61518 -2.61168548091222  0.34543038863468  1.04145000183878 -0.192489079286352 -0.563853297888046 -0.0773782732656863 0.799393529897939
1494876522.01304 -2.67900941375438 0.353050169127634  1.06444196854721 -0.181275964648101 -0.565241395907676 -0.0749621980963203 0.801262664704784
1494876522.49251 -2.75361366972697 0.369127815228655  1.09793201395153 -0.176235650453218 -0.562832432477179 -0.0747236771088271 0.804100130916846
1494876522.96999 -2.82592841845822 0.393617391101565  1.12168288373116 -0.183411582159573 -0.563595227422814 -0.0691147730186963 0.802461064043934
1494876523.44949 -2.89832222901416 0.408693238769694  1.14121147220636 -0.191252412201911 -0.56524143548204 -0.0618223819105137 0.800064139638856
1494876523.92691 -2.97052974901128 0.417738619750339  1.16722021789858 -0.19174771215782 -0.567842469762203 -0.0657380548144901 0.797788350733332
1494876524.56316 -3.05297479646378 0.429534952199042  1.21079934521108 -0.180223968110484 -0.566796588595082 -0.0798486683380888 0.799928208428808
1494876525.2012  -3.1316122457125 0.429034212015462  1.25517271328409 -0.17173528277877 -0.56369545542417 -0.0870938758974708 0.803224179768132
1494876525.83683 -3.20462847855024 0.445231640926863  1.28200856714839 -0.16635926682471 -0.558638347376591 -0.0764586687436795 0.808951088234536
1494876526.31605 -3.24923463033586 0.447993961947712  1.29202562321904 -0.143523873847095 -0.562824114725215 -0.0725116303331336 0.810784790796011
1494876526.63405 -3.2791565615665 0.46187240453694 1.30090993862899 -0.140556717501884 -0.559810241635261 -0.067357171789894 0.813830027667837
1494876527.27216 -3.33586917879748 0.476736667107454  1.32345261978551 -0.130573730687611 -0.553427430516489 -0.067254917297616 0.819844714629256
1494876527.82875 -3.38578150857832 0.486495123400085  1.37022341253001 -0.136775974112867 -0.535852226733921 -0.0738852426079242 0.829876915532986
1494876528.38532 -3.44529212748511 0.484317837135595  1.42179624070217 -0.14020005094265 -0.523953396716083 -0.0743560922257564 0.836832095067029
1494876528.8644 -3.49599153927484 0.481926885058641  1.44427819654015 -0.14608178827576 -0.520774715009713 -0.0705815921002378 0.838136054705502
1494876529.26196 -3.54399363667286 0.495949654496692  1.45146160982875 -0.1618521647149 -0.514535820034683 -0.0688477951827576 0.839235811781653
1494876529.58001 -3.58331836688994 0.508417438016753  1.45356259030105 -0.173512739555714 -0.518181007658395 -0.0647789160887818 0.834976325738858
1494876529.97961  -3.6215905641215 0.513448437657976  1.44892496271382 -0.182934770488593 -0.522329799964629 -0.0618371067291212 0.830591730061507
1494876530.3772 -3.66188301202593 0.512960089550121  1.44990817018325 -0.190118264626458 -0.521232366029561 -0.0618581397852629 0.829665858403826
1494876530.93376 -3.71033693731457  0.52206304032027  1.45959213654058 -0.195734573750488 -0.515577489360366 -0.057714514278927 0.832187997957868
1494876531.41287 -3.75832216587289 0.544966704164996  1.46762770653917 -0.192907046151902 -0.519887972833108 -0.0719069561054018 0.829055340078143
1494876531.8105  -3.8001239102593 0.567582285786417   1.4633911032191 -0.194884469438782 -0.522371548069008 -0.0753071156244664 0.826726585804446
1494876532.28763 -3.84681905296277 0.578224363442071  1.45798228072289 -0.19207318692898 -0.523717697832692 -0.0816929425325613 0.8259261026146
1494876532.76677 -3.89989470846656 0.590218732647767  1.46834803238792 -0.185461501791989 -0.526128085799452 -0.0956328580646408 0.824407438797378
1494876533.08483  -3.9464630094507 0.604076348337453  1.46555480711757 -0.181738410212826 -0.53767610634591 -0.10265282002425 0.816907555026323
1494876533.40292 -3.98869043848632  0.63237137563371  1.46812687628136 -0.195906621106666 -0.539814039761536 -0.112245576433375 0.810939164705984
1494876533.96188 -4.03954201197487 0.648922865719587  1.49420361803651 -0.205370683668322 -0.524134823947833 -0.111051209597929 0.819007446523911
1494876534.20052 -4.06803822682896 0.650468476824801  1.50041808213591 -0.206491730789708 -0.519111935166443 -0.106925624877126 0.822466336470896
1494876534.51875 -4.11445129483434 0.659230737672073  1.49774843172106 -0.212131339108807 -0.519100079889096 -0.108493073524111 0.820831684953944
1494876534.91853 -4.15861333970009 0.670185262127261  1.49563973892064 -0.216738939724741 -0.51721859137643 -0.108518310526221 0.820812364077267
1494876535.39585 -4.20306200647335 0.680417541927595  1.51692990820418 -0.218148570520745 -0.501474604799318 -0.108805041671556 0.830117994521246
1494876535.87324 -4.25696725159312 0.686901937082764  1.54068861525913 -0.209380143782747 -0.49265499310467 -0.121695045643631 0.8358476709451
1494876536.27303 -4.30323800486619 0.687446164277061  1.54694314769861 -0.211945884898488 -0.490032124827365 -0.115372068132171 0.83763759729771
1494876536.75045  -4.3479457345293 0.697120402061102  1.56246231261855 -0.219329372912274 -0.47597745469716 -0.0898330752929188 0.846918005111084
1494876537.3076 -4.40269287690263 0.705783121589614  1.59306266969583 -0.215520350198952 -0.469250490948384 -0.0931313443890571 0.851282272860835
1494876537.70752 -4.43988560656073 0.698790979158809  1.59463711092091 -0.220123135830849 -0.476192006509076 -0.0820658127802119 0.847379596392064
1494876538.02583 -4.46883538329832 0.707965660185629  1.58542806788984 -0.232155895245228 -0.478020995565493 -0.0408630685639749 0.846126336742332
1494876538.42368 -4.50440640424103 0.720157213584467    1.598244455286 -0.206554030611616 -0.486652703036934 -0.0566030323250012 0.846936051775195
1494876538.98278 -4.54395258129771 0.748838250547986  1.61010912653161 -0.211254321752584 -0.476740800946485 -0.0740961850688286 0.850058571871378
1494876539.5398 -4.59067737398341 0.770032270453257  1.60755962884037 -0.208057454096091 -0.470499709511796 -0.0785711721263155 0.853913748604076
1494876540.17838 -4.63849223864978 0.794608228099946  1.61611744056859 -0.208655257344745 -0.467869597078675 -0.0899729043119722 0.854087759074854
1494876540.73516 -4.68101807788742  0.81870009806212  1.62164648631716 -0.208487591493446 -0.460550695850033 -0.0789708957102011 0.859179596112501
1494876541.37346  -4.7261065734669 0.836019544535264  1.62661107105926 -0.211936606097896 -0.450754571434404 -0.0630890043667892 0.864825397901044
1494876541.93031 -4.76869899038395 0.848045864054137   1.6378504415128 -0.200621029566083 -0.44810556229057 -0.0623656103723053 0.868943691031235
1494876542.56882  -4.8151733192981 0.872683626067238  1.64766082956072 -0.194334721479056 -0.445564335079472 -0.0732164847157945 0.870830514910168
1494876543.28485 -4.86046644045354 0.898523071930711  1.66946633076541 -0.18547315655098 -0.44491717597541 -0.0780993959978813 0.872667691086274
1494876543.60312 -4.87987489415151 0.909653709093053  1.67592163784726 -0.182529828012109 -0.442764197594166 -0.0781028681176741 0.874381306528483
1494876544.32117 -4.91738582384417 0.946156359677125   1.6848570889524 -0.175516678458689 -0.441411090982625 -0.0751384854307881 0.876757864149233
1494876544.95755 -4.94346731902477 0.986575443493873   1.6924076551158 -0.17530486375122 -0.437091297321891 -0.0721119701961641 0.879215142217797
1494876545.51648 -4.97925010244604  1.02401684637585  1.69686206618583 -0.171946462635356 -0.441455983389121 -0.0717624921740955 0.877724998751941
1494876546.39382 -5.02652761490473  1.04528194194926  1.72317646531582 -0.164678502465894 -0.442447264309925 -0.077255673589339 0.878153158639489
1494876546.87124 -5.06347107063101  1.05180766818215  1.72557199861123 -0.13471259300275 -0.452416611218118 -0.0900497470635882 0.87696223991354
1494876547.98732 -5.13436753057592  1.05954246155004  1.77427827015164 -0.13191465209641 -0.440075188746236 -0.0864045190162683 0.884006002188795
1494876548.62387 -5.19831096316867  1.04734496968899   1.8084654004402 -0.122745741859321 -0.445179778696546 -0.0797586492294324 0.883395158107738
1494876549.66022 -5.28413982118656  1.07711435806142  1.85178576253573 -0.128217856213989 -0.446135218452183 -0.076461271748979 0.882426893361167
1494876550.45791 -5.3424636406044 1.12459747156848 1.86774644566535 -0.136742942991391 -0.448781731707477 -0.058383637867086 0.8811853809824
1494876551.17413 -5.38959279628858  1.18744898470198  1.88385483821593 -0.139077426707621 -0.456251550065533 -0.0686548695765501 0.876229708082653
1494876551.65363 -5.41281056945149  1.21939898269731  1.90822592798874 -0.147166784187388 -0.452740904956385 -0.0752011361644389 0.876191987940311
1494876552.84926 -5.48678123087112  1.27242556175665  1.97060659795767 -0.143090824818477 -0.451908176219803 -0.0737194655327326 0.87742205153508
1494876553.56534 -5.54684926111977  1.29836720773889  1.99536616214026 -0.147564084704166 -0.459487192865553 -0.0568047259837422 0.873996329285122
1494876554.36318 -5.60276481004629  1.31952952144897  2.02040713547917 -0.135513507290843 -0.469078713118766 -0.0544333041598073 0.870998430330861
1494876555.15917 -5.6523399792227 1.36691913314226 2.05009283225659 -0.1386467332139 -0.469985165390322 -0.0595323390937764 0.869682084605731
1494876556.19582 -5.70573887374598  1.40308565592869  2.09372542037667 -0.143258546256234 -0.466582035073118 -0.0551446532889508 0.871055256964344
1494876556.75493 -5.74644457138064  1.42594538609619  2.10787005167259 -0.140043423047614 -0.476228705714381 -0.0537984000165727 0.866429334493223
1494876557.47127 -5.79177286569522  1.44697773055451  2.13096015820011 -0.146053799477991 -0.477885345966522 -0.0515969359347574 0.864656949298764
1494876558.10995 -5.83337394792621  1.45921336225951  2.14752836489287 -0.150029895136396 -0.487415794146949 -0.0385546294725812 0.859319739519402
1494876558.66703 -5.87883666894347  1.46485121932664  2.16314362307032 -0.152436358175284 -0.498846065439171 -0.0413327251806114 0.852178012818483
1494876559.22599 -5.92311609709368  1.47279042694677  2.19311324162035 -0.163618449097157 -0.503421474085018 -0.0533545524041773 0.846728477307134
1494876559.6236  -5.961339362147 1.46380009719587 2.23909812352941 -0.185922592729259 -0.495904667316674 -0.0641364911601853 0.845811953656384
1494876559.94166 -5.99244734034162  1.43780297121838  2.25879644901391 -0.182348231266182 -0.494143286724738 -0.0640462620870283 0.847625867379971
1494876560.2597 -6.0254098239959 1.41896947429026 2.28941239508244 -0.174651503182264 -0.494402674304406 -0.0680449485905282 0.84878308951589
1494876560.57983 -6.06081831634537  1.40774465561315  2.31812949057602 -0.176806055379669 -0.493192202851537 -0.0827588316573146 0.847733475574868
1494876560.89794 -6.10548082773455   1.4027300515373  2.34196143849878 -0.189813665488547 -0.501485018449125 -0.084981624616137 0.839798590224159
1494876561.21599 -6.15039259505629  1.38953816515228  2.36977785140965 -0.196383323570931 -0.503466335846653 -0.082348691161088 0.837361291173909
1494876561.53408 -6.18233842211294   1.3587292709864   2.3846885215706 -0.193895074889176 -0.501003837075711 -0.0811976820673979 0.83952771937323
1494876561.85419 -6.22735734826818  1.33903844766632  2.39886568430727 -0.183359463332764 -0.505090602241687 -0.0868256182940715 0.838882651353157
1494876562.33137 -6.27620308588905  1.33948313087907  2.42910624840624 -0.189308338902086 -0.492918925147146 -0.0694721550913212 0.84638460862712
1494876562.64953 -6.31050467391665    1.340379855319  2.44374376724937 -0.203525291798864 -0.491357763932574 -0.066706024784163 0.84421283434858
1494876562.9697 -6.34870082688583  1.32818593232506  2.46192412326853 -0.192646263322044 -0.496488525552132 -0.0720072776619511 0.843327642845198
1494876563.36736 -6.38051284888138  1.30927430565081  2.49227595478204 -0.176243798211673 -0.492271141299706 -0.0785451806409648 0.848786134213729
1494876563.84455 -6.41716021311806  1.30284969317498  2.52584783434716 -0.17214882012684 -0.489871543391288 -0.0824635299483158 0.85064118224598
1494876564.32383 -6.45756478393945  1.30547816542057  2.55587854144947 -0.179228755613117 -0.48458992500538 -0.0805843745144472 0.852382435488185
1494876564.88068 -6.49788478839174  1.30658620257091  2.57491516491824 -0.178614124279552 -0.488591084695738 -0.0843446667623142 0.849859825943341
1494876565.51927 -6.54068964800003  1.31093352109173  2.60202093250607 -0.178416700571721 -0.486580050878279 -0.0801563650748242 0.851458919844277
1494876566.07602 -6.57430434392561  1.32890189171476  2.61526725749553 -0.176770669912564 -0.489068821522468 -0.067506995224682 0.851473207839814
1494876566.55316 -6.59856738630101  1.35079507625638  2.62328018933462 -0.175955639355439 -0.492549056285943 -0.0620369440719721 0.850050855949841
1494876566.87333 -6.61672680911211  1.37273597043807  2.63190121821523 -0.179385163009423 -0.491685087959523 -0.0621381197922371 0.849826800965352
1494876567.34986 -6.64470079674689  1.40037160970711  2.64183942959675 -0.179923866930015 -0.495302755780889 -0.0646415330705939 0.84742200492263
1494876567.74701 -6.6657640754519 1.42105176499444 2.64382480599694 -0.173570923062179 -0.5015284377346 -0.0658033164620542 0.844992475915277
1494876568.22562 -6.69044394630676  1.44883049194819  2.65716944154575 -0.176351518034718 -0.502627323785295 -0.0748169911095325 0.84301146689271
1494876568.62285 -6.70717913034385  1.45895051892747  2.67073765246797 -0.179845189574553 -0.499771903219468 -0.0696568786039177 0.844412027272494
1494876569.179 -6.74084838784949  1.47059177344136  2.69146621909009 -0.172083076346537 -0.501586164457753 -0.0769602602789543 0.844319757436404
1494876569.49883 -6.76490101369513   1.4827295228743  2.69635930790576 -0.17648563307563 -0.506748473933528 -0.0820902350101377 0.839833316081183
1494876570.13435 -6.80891262247332  1.48959280134321  2.72771766566836 -0.179122322909074 -0.507692274723141 -0.0781350078410489 0.839082038999632
1494876570.53153 -6.84357325757554  1.49148277055607  2.74574131143287 -0.175841398037226 -0.513374062926728 -0.0737933093091813 0.836708683922677
1494876570.93075 -6.88049133293406  1.50823472249136  2.76047085378473 -0.17931973808936 -0.51983966507902 -0.0697135725294672 0.832316749769746
1494876571.48684 -6.91619909078145  1.52274067294211   2.7939042718576 -0.177719203342117 -0.516597574781662 -0.0822086690446529 0.833537380821673
1494876572.20489 -6.9657522243279 1.52167021588859 2.83100297627487 -0.174562241142446 -0.516270206638075 -0.0738096144052682 0.835191737582785
1494876572.92075 -7.01209240400861  1.53192074797699  2.86058601017337 -0.177247453631206 -0.519096327523783 -0.0749646414020562 0.832768062231036
1494876573.71826 -7.05397661398932  1.55046166498832  2.88792095401877 -0.184369894793642 -0.519743031301951 -0.0677768482024899 0.831433233732317
1494876574.67492 -7.08874380517992  1.57837023353512  2.90689729535283 -0.187808463824349 -0.521483785748942 -0.069990497921908 0.829387709287721
1494876574.99327 -7.10727234484296  1.59702266026469  2.90687299853726 -0.190697941043062 -0.52537613347634 -0.0678770106414921 0.826442330160891
1494876575.47063 -7.13074984329323  1.61617193992059  2.91093757305587 -0.199397235113386 -0.528520246548845 -0.064800504482703 0.822622626868404
1494876576.1094 -7.15602215379786  1.62948956322685  2.91719102708487 -0.18689249872996 -0.53252172263596 -0.0539685881947711 0.823759188311466
1494876576.42787 -7.17159107707934  1.64974437213477    2.916154742755 -0.183598001407019 -0.536615725240743 -0.05453422481231 0.821803720865159
1494876576.74632 -7.18873716123623  1.67663803583103  2.91293605028739 -0.188899667200826 -0.540018751987668 -0.056623188141557 0.818223977770014
1494876577.86282 -7.21950213666051  1.69668467257577  2.92613783657369 -0.187061595865556 -0.542630925329373 -0.0610433183749745 0.816598647751876
1494876578.42195 -7.24957195239335  1.70853367077103  2.93750039366249 -0.20344979932454 -0.542955884129197 -0.0661628490260933 0.812052685761852
1494876578.81984 -7.26909527446671  1.69368250508694  2.94413441722473 -0.196628699542232 -0.546552012940736 -0.0605804166713586 0.811756160914523
1494876579.37708 -7.29439406512444  1.68324620175778  2.95845085527877 -0.20073843732029 -0.545178182937337 -0.0612364318243951 0.811624869042816
1494876579.85679 -7.31777185186175  1.67561336489096  2.96564253347117 -0.190078057553813 -0.549077646360589 -0.0649250226918492 0.811276039170484
1494876580.25489 -7.34219758779748  1.67150728967082  2.96701180545006 -0.199138008893946 -0.554133192369808 -0.0773289122709375 0.804549997113165
1494876580.5733 -7.35224068015349  1.65658937433833  2.97070960003438 -0.184876019063301 -0.554808694289763 -0.0631239792202348 0.808717214830498
1494876581.2916 -7.38431935731964  1.67861166359748   2.9803597591812 -0.175035059962355 -0.557378333547833 -0.0613115155258056 0.809279320840057
1494876581.68931 -7.40276252908565  1.70280451604184  2.98719470136692 -0.188279548382947 -0.556291064635448 -0.0637253352422359 0.806864390536439
1494876582.24812 -7.43190947112432  1.70255855751874  2.99072447652222 -0.181067109832889 -0.562222107075349 -0.0643623196681283 0.804349734791687
1494876582.64586 -7.45631270123451  1.70497763172382  2.99298487309698 -0.175417299616295 -0.567828790898733 -0.0618514199188945 0.801856369355402
1494876583.60283 -7.49402702645058   1.7073838612298  3.02051260523943 -0.168200277160663 -0.571987660898009 -0.0694638526945042 0.799820952283907
1494876583.92116 -7.51284730834299  1.72014966502664  3.01954863655999 -0.171327676214975 -0.585133789112737 -0.0618794661137126 0.790212761144003
1494876584.23951 -7.52816021508012  1.74111302191734  3.01952812271855 -0.189286960086579 -0.58313013953158 -0.0743633410259724 0.786511144627027
1494876584.47828 -7.53693630682662  1.75363798007895  3.02661642531372 -0.199606011837406 -0.581851270536009 -0.0846227902754662 0.783865755330587
1494876585.19662 -7.58171089103767  1.76337457631436  3.06543061138315 -0.196763348810568 -0.587482088394495 -0.0955472000148946 0.779114698199057
1494876585.51501 -7.61418008552187  1.76251089854077  3.07040076879316 -0.189695331063012 -0.596140995345902 -0.0958993089856563 0.774231824182503
1494876585.83341 -7.63984445764005  1.75359770178505  3.08617646965365 -0.18460121455988 -0.597178574447122 -0.102496306490799 0.773818227337703
1494876586.15381 -7.66801212736581   1.7402847020521  3.10167710968647 -0.177030305336411 -0.599323599071678 -0.104662602378981 0.773638956006953
1494876586.55171 -7.69762324241304  1.73944164023734  3.12189512323875 -0.173486612425026 -0.600654823141532 -0.0956801992965437 0.774571803132981
1494876586.94959 -7.7427757037608 1.74199733234565 3.13349117515126 -0.18203198599079 -0.602131545128762 -0.0883056663922961 0.772336757975503
1494876587.26991 -7.77751450546017  1.74283255714836    3.138881874886 -0.188178978964707 -0.609173364780283 -0.0846665179607675 0.765720617623992
1494876587.74739 -7.80860279728016  1.74132506907492  3.14563777041443 -0.197289977515164 -0.598126715029193 -0.0533466548405422 0.774903369432458
1494876588.0658 -7.83303345864014  1.72619314998898  3.14220936598197 -0.18757598489088 -0.595455777615489 -0.0721938723441129 0.77784041524757
1494876588.54551 -7.86725765046412  1.71882485393565  3.14220165474027 -0.180202638301582 -0.590180588296092 -0.0709089931357816 0.783700068291497
1494876589.02305 -7.90450831346174  1.73718995364089  3.14083707257063 -0.192398746947787 -0.579088643931642 -0.0648556713734816 0.78957761273546
1494876589.34124 -7.92820678355493  1.75918522505712  3.12902374924626 -0.199598548140138 -0.582413335938774 -0.0566459518302167 0.785968422929488
1494876589.57993 -7.96438841633114   1.7732808011452  3.11852081003902 -0.199198571588953 -0.587695622373053 -0.022593218711698 0.783851600105987
1494876589.90019 -8.00231010953447  1.78978033442541  3.11387291750796 -0.191927926484398 -0.600404285453853 -0.0313160189138214 0.775691737743439
1494876590.21838 -8.03988990647728   1.7954463352359  3.11227305328462 -0.182724494058332 -0.604448772009024 -0.0706335405363305 0.772181548755998
1494876590.37751 -8.05139954624916   1.8024080849414  3.11860607640159 -0.163590324237655 -0.602444384838705 -0.0671747782790827 0.778322888109613
1494876591.01593 -8.08433516185659  1.83402271827101  3.13302045480479 -0.176083399183019 -0.566000278841888 -0.0806658166115926 0.801330984620864
1494876591.6524 -8.13763771499368  1.86369041769707  3.15481052815697 -0.182412501262695 -0.532284198634772 -0.0674163125969504 0.823926120512426
1494876592.05023 -8.17521968500328   1.8694303954085  3.17007699384556 -0.171657206479342 -0.516916317573777 -0.0701465866079925 0.835709746548957
1494876592.60917 -8.23830140975786  1.89160799891382  3.19492477476952 -0.160567486620272 -0.50931315815839 -0.0781798068121242 0.841846842943534
1494876593.16601 -8.29878855179009  1.90776087367662  3.20851931844531 -0.168629909551191 -0.501991598566012 -0.0782642565026841 0.84465560717252
1494876593.5656 -8.34369012228143  1.91802183738762  3.21082684443496 -0.170080383249942 -0.495655668473728 -0.0839377954575676 0.847556822895751
1494876594.04261 -8.39552103236653  1.95325777305486  3.22807410117327 -0.171581540654583 -0.479973151903346 -0.0947967882525919 0.855101816917471
1494876594.44023 -8.42513547916194  1.96017966962953  3.24112081021751 -0.1710830565174 -0.457300884021097 -0.0969714568378732 0.867296388672828
1494876594.83982 -8.45806422335985  1.96573884119175  3.25349396433869 -0.168720662773277 -0.440083624930781 -0.096429035273314 0.876676212850211
1494876595.31709 -8.50387222245292  1.97990850128341  3.26266516223921 -0.16892199569478 -0.430721116401402 -0.0891478227275587 0.88204157779515
1494876595.71478 -8.55178795666696  2.00832657023255  3.26364499083795 -0.165705518518079 -0.446058675866253 -0.10575193398627 0.873149395736643
1494876596.19407 -8.59602268341877  2.01921533236148  3.26394738483777 -0.17800855290784 -0.444457400217418 -0.131276083428129 0.868065184420733
1494876596.83046 -8.6491226750119 2.03393076744743 3.27376699258704 -0.181508108623456 -0.418933286846978 -0.106964259848567 0.883237428322969
1494876597.2281 -8.70116497504766  2.05186705411881  3.28083617677942 -0.182201150873019 -0.408295494311292 -0.129134423774943 0.885111196710311
1494876597.6278 -8.7482569231182 2.06614176311789 3.29314348231241 -0.163659184934538 -0.398369356314519 -0.126711045230999 0.89356691867626
1494876597.94596 -8.76899238233807  2.09428847011851  3.27237820858951 -0.156823479663124 -0.36713072985557 -0.103674021957936 0.910973721132027
1494876598.0255 -8.78291578449759  2.07957642988706  3.30184015152192 -0.165705367334149 -0.367993265119558 -0.103605198003839 0.909059212048306
1494876598.34364 -8.80835522926221  2.07644847115168  3.29742046800006 -0.157262276984966 -0.343493336738615 -0.0955287393497706 0.920953399370414
1494876598.66377 -8.83160905781031  2.07494207621285  3.29647428769646 -0.135704505592479 -0.317480193491018 -0.0908506557366881 0.934096768142905
1494876598.90231 -8.84315992177509  2.07720518867366  3.29903573349492 -0.132360446348598 -0.294098354030986 -0.0955425543596381 0.94173164474021
