1494876479.72208 -0.00118579904675818  0.00162893724817761 0.000120041133458819 -0.000224997286912029 0.000146343938544735 0.000211163374221209 0.999999941684849
1494876480.67727 -0.0192783366755435 -0.0152244697895021 -0.0428293209411365 0.0118014649069254 -0.0158178814588137 0.00696929330299998 0.999780950510192
1494876481.15378 -0.0368984100656032 -0.0309126356704316 -0.0631723791540941 0.0119476068576553 -0.0242358493964689 0.00640621890728356 0.999614344961955
1494876482.50592 -0.0142706295926336 -0.0306531914246573 -0.0917680370335196 0.00691963802355464 -0.0568843216556966 -0.0297477792001274 0.997913504364008
1494876483.06393  0.0167798063911957 -0.0211162344989208  -0.106499721626362 -0.0209254431931373 -0.0503868227202619 -0.0173004641406165 0.998360650198037
1494876483.46102   0.020314838094782 -0.0325670665117899  -0.137037711878724 -0.0044401471259574 -0.0166024775627175 0.0180525025288134 0.999689326733424
1494876484.33698  0.0244097329120387 -0.0624543032625412  -0.154465843458628 0.0200178442561291 -0.00385807446047091 0.0296904631950143 0.999351228331691
1494876484.97311  0.0428161179833446 -0.0809444401601959  -0.148608675460518 0.00922041299570034 -0.0241839737919395 -0.0281275475097848 0.999269213208785
1494876485.84977   0.037917420001452 -0.0997447055231077  -0.167271360780417 -0.039867585033575 -0.0203218650293591 -0.0429834241505985 0.99807315499096
1494876486.00882 0.0210595963748734 -0.125422205066238 -0.191324065960388 -0.0315480317836952 0.00164493940684891 -0.0867567452048996 0.995728518737098
1494876486.16784 0.00365109216935549  -0.152489572004832  -0.215561147536688 -0.00404525088649978 -0.000973116461962507 -0.11112227021687 0.993798032827327
1494876486.40643 -0.0205552070031335  -0.173085492013937  -0.222185042193989 -0.012778343669129 -0.0274213829035643 -0.115398069838481 0.992858533311913
1494876486.72645 -0.0380893899316383  -0.210311726184517  -0.233210108320279 0.00793302414932462 -0.0321741811366303 -0.145368693683334 0.988822447203154
1494876487.04452 -0.00709964891267754    -0.22664776651916   -0.225862854111244 -0.0117315867061525 -0.00365486073805129 -0.139741348772759 0.990111795359247
1494876487.84063 -0.0118464694373522  -0.246456083581571  -0.218765244427474 -0.0486180747017133 -0.000740835046472845 -0.151060606027179 0.987327922871846
1494876488.39634 -0.000930086244613625    -0.289223820059362    -0.189093540641391 -0.0312441900778886 0.00851745293887993 -0.155660818245045 0.987279577042437
1494876488.79331 0.0206789428282312 -0.310764328400748 -0.148780125303162 -0.0229221724779114 0.0347153122946802 -0.158632717840332 0.986460887177878
1494876489.43047   0.047349944404757    -0.2947220754876 -0.0790683655841347 -0.022125360961579 0.0432157082865119 -0.152145781378862 0.987164896138548
1494876490.38554 0.0348967846574071 -0.290360786030975 -0.153583577949957 -0.0326695510370765 0.0517655952217959 -0.164897618835558 0.984409365502346
1494876490.94206 0.0217256385601318 -0.281980001887967 -0.182266400126161 -0.0584183319440732 0.0389022252190489 -0.171325967859886 0.982711212972942
1494876491.58015 0.0216564175583531 -0.257838150227281  -0.17829095504635 -0.0907851986701518 0.0220728834381051 -0.159745203275152 0.982726974062343
1494876492.05721 0.00303406620525582   -0.25445967945412  -0.157352201948316 -0.0965215807283 -0.0269426720265547 -0.148901356966747 0.98376118177698
1494876492.45473 0.000141474077327054   -0.266235536605986   -0.147462563893781 -0.0991087213450669 -0.0313633872480861 -0.150042374069945 0.983199412772977
1494876492.69323 0.0139962048013472 -0.280014754364863 -0.149350562396261 -0.0961998967137865 0.00536857147111001 -0.148813729941463 0.984160165874196
1494876492.85427 0.0312453830926036 -0.292139410158623 -0.156358287050416 -0.089892364158684 0.0449997046967303 -0.145000572136235 0.984311547998566
1494876493.09272 0.0490197334556673 -0.305145434374605   -0.1622099333711 -0.0852233816835242 0.0870361034713014 -0.145344871509346 0.98185363483204
1494876493.64934 0.0463511547266286 -0.347836471445119 -0.147477571223131 -0.0945614401681398 0.072782661922919 -0.146547376669278 0.981979981745094
1494876494.04699 0.0377615998244691 -0.404213083230252  -0.12297583904577 -0.0906264924153996 0.0659748435206588 -0.147331862375249 0.982714343654323
1494876494.36704  0.0323152270035121  -0.447376104728814 -0.0936305014810085 -0.0828174884328613 0.0635796841170162 -0.152568256212436 0.982762338805039
1494876494.84425  0.0282469752728208  -0.497700919357364 -0.0549534453495479 -0.0823719216314814 0.0581784473884917 -0.149176345576049 0.983654691803367
1494876495.64171  0.0166802452072409  -0.549158995912212 -0.0537679884740074 -0.0864589975881361 0.0603342866628771 -0.13048882883763 0.985828220907436
1494876496.35783   0.012061823308068  -0.604262371260589 -0.0825084537994056 -0.0922761547509524 0.0669258046568361 -0.130321655582449 0.984897108342624
1494876496.99695 -0.0044457795886184  -0.594166952496196 -0.0825791497750961 -0.121461065476094 0.0497133897765928 -0.150222279098947 0.97990257439842
1494876497.31533 -0.0243088685372073  -0.569906205146875 -0.0835350167364984 -0.13632413659665 0.0259494976355146 -0.153380886288002 0.978374497355256
1494876497.63362 -0.0521405377805732  -0.548890977260869 -0.0916023438630473 -0.141372251742683 -0.00170366087363863 -0.150850229920109 0.978394190554033
1494876497.95401 -0.084299435871661 -0.523622031130367 -0.103328503726645 -0.151043246684233 -0.0199250327276409 -0.12842530241739 0.979946872233842
1494876498.27235 -0.127935560876771 -0.495233707266344 -0.110593615654498 -0.14567578808794 -0.0426585946592437 -0.126841591163416 0.98023977669639
1494876498.51107 -0.164312059581087 -0.481169271204494 -0.114654648373504 -0.136022481548161 -0.0683621332940389 -0.137730881334317 0.978700519858777
1494876498.7498 -0.195284297555897 -0.462731076733985 -0.115275570121603 -0.125496680930895 -0.0917265021737386 -0.132797449927054 0.978877760073837
1494876498.98853 -0.221502810904458 -0.446640086392902 -0.115186004974084 -0.109640092178078 -0.11181072221748 -0.123658658804822 0.979890784060643
1494876499.22937 -0.246836638377219  -0.42559122138654 -0.117880140081764 -0.106585174985215 -0.146573937116725 -0.122162024599439 0.975823816668378
1494876499.46808 -0.269120709574976 -0.405163802305939 -0.126573045745642 -0.114620121723757 -0.17592257711624 -0.132136610512021 0.968738040297379
1494876499.70677 -0.289921228731464 -0.380488296717816 -0.131950489164146 -0.130496020819351 -0.18783040390678 -0.134787457069383 0.964117663636188
1494876500.02502 -0.324916399494238 -0.356580835262028 -0.136828164897252 -0.123674366042633 -0.21543117079505 -0.129577752811851 0.959949825673226
1494876500.34334 -0.359417838582916 -0.337835262752361 -0.133542869769029 -0.12275825285856 -0.239636856890964 -0.119398544337654 0.955640400875027
1494876500.5841 -0.392419667239824 -0.321139430099024 -0.124807833009607 -0.123178813558629 -0.255280648649729 -0.116076241976029 0.951937538058031
1494876500.82277 -0.420405771194109 -0.314489711408037 -0.115435912867561 -0.119506578651298 -0.272402791193346 -0.111738047247142 0.9481716647351
1494876501.06143 -0.449384209305119 -0.312300732546339 -0.102048318997653 -0.112740754676834 -0.288331054276692 -0.104703276713145 0.945088328792669
1494876501.37959  -0.492913466375851  -0.312413234457935 -0.0808096407431475 -0.111899500450662 -0.305215253197432 -0.0946368034128293 0.940938906866073
1494876501.6182 -0.522639810330825 -0.308682777544513  -0.06424128734804 -0.11181951516784 -0.313300682553128 -0.087771367971486 0.938954346762284
1494876501.93843  -0.562938581984101  -0.304646808907368 -0.0459281383823105 -0.109314859006599 -0.332317386914815 -0.0851904557921631 0.932929794891555
1494876502.33613  -0.606488778064326  -0.297342653751278 -0.0235886523225662 -0.1058372027664 -0.345337623437699 -0.0771267418894259 0.929296442495347
1494876502.81345  -0.648583759943401  -0.272587409047133 0.00234150642590426 -0.108511661486879 -0.355828429962019 -0.0707309358543879 0.925531459468172
1494876503.37238 -0.691178179971852 -0.237244668011826  0.039209314015882 -0.113558869630375 -0.369665533899743 -0.0729196724193113 0.919311969654018
1494876503.8496 -0.735805701761482 -0.206209286438521 0.0633274796317443 -0.116388157471637 -0.381304758909862 -0.0730628752146578 0.914178480329972
1494876504.40833 -0.785272407840752 -0.184640130008983 0.0910463866943868 -0.117836273946934 -0.397726933573318 -0.0755691154524177 0.906761935483845
1494876504.72656 -0.821369140285466 -0.173082230682695   0.10650207157455 -0.121155468244637 -0.410690567295985 -0.0739342071838839 0.900659948846741
1494876505.12443 -0.872231080629463  -0.16201449350024  0.121500270265433 -0.118559591545424 -0.424228372084644 -0.0689975649249836 0.895105160081997
1494876505.60384 -0.923015379077832 -0.145848268698792  0.148589528629579 -0.12088323742316 -0.434823162300435 -0.0639931929592927 0.890067936559912
1494876506.00163 -0.966995739196953 -0.125846816003905  0.165283021998846 -0.131640551065116 -0.445886263180132 -0.065147223724622 0.882956422969732
1494876506.39946 -1.01578122889389 -0.11128770649107 0.176147616493084 -0.136459498457033 -0.459772563524375 -0.0584041860928908 0.875543800250968
1494876506.87879   -1.06758952123162 -0.0920385011640287   0.194114403676283 -0.133660402133654 -0.477004418253224 -0.0524707196960135 0.867091982112022
1494876507.5152   -1.12265220960055 -0.0514211809123192   0.223261608648053 -0.14579237648693 -0.482344944772501 -0.0527613260418388 0.862150903081945
1494876508.15377   -1.18274803325645 -0.0319480149636197   0.258836251975536 -0.13859047573773 -0.493020854443163 -0.0613451860577761 0.856714587985088
1494876509.02906   -1.25142510854807 -0.0169418126842029   0.316791873615476 -0.129558894012704 -0.501998993031748 -0.0714362617484455 0.852119923769374
1494876509.66762   -1.31372446703166 0.00258333300398531   0.348839257192605 -0.135958639319749 -0.508620079453783 -0.0681956101475069 0.847449244455005
1494876510.70425  -1.37334051535792 0.0297532037783181  0.400858840162419 -0.131679613570722 -0.499807761459572 -0.0746570272611004 0.852806548541445
1494876511.34085  -1.43311978732529 0.0380635485501503   0.43956877025693 -0.121675451254548 -0.508711836381432 -0.0867907521600783 0.847864799025718
1494876512.21807 -1.50681832164724 0.050744211353334  0.50518087198904 -0.133964414792696 -0.506491671455703 -0.0866428936390878 0.847356318969243
1494876512.85455  -1.57023921412669 0.0499985758965853  0.560534502602797 -0.134068423525166 -0.502530520316141 -0.0810285541356155 0.850248850266178
1494876513.57263  -1.63560949839304 0.0500856143174388  0.615029248330074 -0.139499063202096 -0.500430514451088 -0.0789883054291322 0.850805594232543
1494876514.1296  -1.69162487727923 0.0665131642362779  0.640953742768946 -0.147496886261581 -0.50486134338767 -0.0623990464711792 0.848213446896135
1494876514.609  -1.73958144497206 0.0877992621833068  0.651723341856666 -0.149224929428956 -0.513601547819744 -0.0538745679678818 0.843233598382062
1494876515.24545 -1.78777790592766 0.126694803810344 0.670395859319542 -0.14177361360311 -0.519479816741548 -0.0562445191852906 0.840760082631008
1494876516.04218 -1.84497367094594 0.167890279014876 0.702146487414466 -0.130306735330966 -0.522838172142468 -0.0672622393834952 0.839723878207132
1494876516.91593 -1.92542048753854  0.17604298514739  0.76226777317012 -0.132624433873862 -0.521441853840728 -0.0652811355579832 0.840385343722178
1494876517.39459 -1.98564056651288 0.168796357231711 0.788275075170063 -0.12749054075922 -0.527986205901337 -0.0605590313212477 0.837442136580352
1494876517.87122 -2.04326477604554 0.161404717414056 0.819721570767579 -0.131999258388931 -0.5297584311069 -0.0601920992158119 0.835648916500178
1494876518.3499 -2.10590243779222 0.162883707879867 0.853997709399138 -0.137234598650424 -0.535144448756752 -0.0531350726578446 0.83184358382555
1494876518.66757 -2.15908386310306 0.175399656552271 0.863941557900607 -0.14900437599181 -0.542097378392479 -0.0520474808989423 0.825360035382963
1494876518.98534 -2.21207409234789 0.189828622105256 0.876456276217099 -0.148472214081589 -0.551627697765326 -0.052933082384689 0.81906103160454
1494876519.46274 -2.28237014425282   0.2226035983381 0.908521748395426 -0.159358367231715 -0.555778751092434 -0.0660241533553645 0.813237789211177
1494876519.86271 -2.34478303323736 0.244860280295711 0.925229384808986 -0.166977667216167 -0.562844063909147 -0.0636122094928651 0.807018280571586
1494876520.26064 -2.40868525031953 0.272454443182938 0.941556721884323 -0.176337390367422 -0.568060222306105 -0.0609554208193908 0.801559196357123
1494876520.73807 -2.47023753829823 0.303421591399872 0.980598250418218 -0.182569081877441 -0.562170051022476 -0.0724966152870335 0.803353972323371
1494876521.29695 -2.55054750649437 0.328995764671909  1.02902462424124 -0.184561624939694 -0.560868213221399 -0.0776476266201329 0.803327268351894
1494876521.61518 -2.61150078195961 0.345955974228425  1.04180474886416 -0.192594469965858 -0.563810898605173 -0.0769628084374028 0.799438157001544
1494876522.01304 -2.67876117796715 0.353581117872359   1.0648968871816 -0.181372072560188 -0.565188485507635 -0.0745624228930436 0.801315538497243
1494876522.49251 -2.75331435745545 0.369662318670797  1.09846496717346 -0.176308594637347 -0.562769804748804 -0.0743666621490341 0.804161069612804
1494876522.96999 -2.82567881787075 0.393824262257548  1.12234389890003 -0.183631569424029 -0.563484000976651 -0.0683395456254196 0.802555252838036
1494876523.44949 -2.89803346847221 0.409138728785036  1.14185636369481 -0.191420628351825 -0.565148212664778 -0.0612681183994448 0.800132400563176
1494876523.92691 -2.97020218754752 0.418508784793402  1.16785207375367 -0.191827616065947 -0.567772358656524 -0.0654302280930947 0.797844345541002
1494876524.56316 -3.05259295522886 0.429546532694613  1.21136647382518 -0.180497441607223 -0.566705319914592 -0.0791077547716896 0.800004823165916
1494876525.2012 -3.13119816089931 0.429414390303151  1.25567794555347 -0.171879482483294 -0.563613031156273 -0.0867295207682842 0.803290598002626
1494876525.83683 -3.20413865661819 0.445236133717399   1.2830222174845 -0.166633523343048 -0.558424907332162 -0.0754719028739223 0.809134651121764
1494876526.31605 -3.24876438823805 0.448149313492931  1.29302986097147 -0.143727730647581 -0.56262890878547 -0.0717781409646032 0.8109494120606
1494876526.63405 -3.27870093440016 0.462256823704101  1.30199284652952 -0.140680144193201 -0.559678648191859 -0.0667952739394801 0.813945513635442
1494876527.27216 -3.33551717861741 0.477130432583167   1.3244511972443 -0.130696888694995 -0.553292899046909 -0.0668307378222786 0.819950573895674
1494876527.82875 -3.38537490101705 0.486862536731917  1.37114476995513 -0.136890649801098 -0.535781612797118 -0.0735749259800168 0.829931168020931
1494876528.38532 -3.44471224272261 0.484636159059001  1.42240469307565 -0.140369436989327 -0.523818169787027 -0.0738138593025692 0.836936353813794
1494876528.8644 -3.49539867698881  0.48220558896425  1.44487607802255 -0.146240487156859 -0.520646559200293 -0.0700723336521253 0.838230725018813
1494876529.26196 -3.54322714915554 0.496123021947001  1.45208450517584 -0.162041897452222 -0.514451086635245 -0.0683453378298052 0.839292212359217
1494876529.58001 -3.58235363766012 0.508596378941518  1.45418789602899 -0.173671950289008 -0.518147280595915 -0.0642595493886728 0.835004287178357
1494876529.97961 -3.62058770137814 0.513710613294558  1.44958906212994 -0.183041453811138 -0.522325509874949 -0.06135197721044 0.83060690029216
1494876530.3772 -3.66088989110438 0.513254166365139  1.45056310787787 -0.190195811416339 -0.52121580615015 -0.0614047295482171 0.829692169378523
1494876530.93376 -3.70941289443547  0.52231369619942  1.46016284152371 -0.195847604610849 -0.515502806110991 -0.057313442232091 0.832235388576691
1494876531.41287 -3.75736050724279  0.54517361419349  1.46834654076262 -0.193061639948255 -0.519902690049568 -0.0714465810304186 0.829049927398089
1494876531.8105 -3.79915096322785 0.567766207749004  1.46400301115983 -0.195022618052061 -0.522354398451196 -0.0748815450039514 0.826743500176827
1494876532.28763 -3.84582021879613 0.578412631107561  1.45852408216967 -0.192187538232445 -0.523698644694759 -0.0813104414228552 0.825949327627698
1494876532.76677 -3.89888430347987 0.590461999891282  1.46876825484361 -0.185505908088353 -0.526088828105749 -0.0953309376267185 0.824457467270353
1494876533.08483  -3.9453804456177 0.604353902223245   1.4658263081652 -0.181717952315054 -0.537605462629611 -0.102395984761005 0.816990828995069
1494876533.40292 -3.98790292317665 0.631920588128489  1.46908167187928 -0.196101151229058 -0.539776036416724 -0.111736568104825 0.81098773624824
1494876533.96188  -4.0387103328799 0.648646475485024  1.49498861676036 -0.205481559257344 -0.52407445394066 -0.110593998328071 0.819080132261661
1494876534.20052 -4.06720473163638 0.650249161605639  1.50115022946082 -0.206597453197562 -0.519050665264996 -0.106475436757867 0.822536856674197
1494876534.51875 -4.11365444092871 0.658992917115979  1.49848101174798 -0.212274515643694 -0.519043142788866 -0.107982122865872 0.820898049134892
1494876534.91853 -4.15781977921015 0.669859982156746  1.49641559562116 -0.216938681819857 -0.517168179320773 -0.10795870039659 0.820865154356658
1494876535.39585 -4.20230520722232 0.680044507040526  1.51769667212008 -0.218415939366937 -0.501455557810281 -0.1082049932829 0.830137627384933
1494876535.87324 -4.25544714334602 0.686775715221048  1.54157101167237 -0.209529268128068 -0.4925048757915 -0.121417946170034 0.835939062053668
1494876536.27303 -4.30182819716205 0.687358027711993  1.54777630742389 -0.212089112229514 -0.489903009738004 -0.115087794422566 0.837715971614658
1494876536.75045 -4.34647911916191 0.697068637021932  1.56318228740733 -0.219439293864251 -0.475872927835082 -0.0895790994228192 0.84697516953487
1494876537.3076 -4.40201215613853 0.705805702212021  1.59384275659204 -0.215733016095254 -0.46913216309438 -0.0927008949761816 0.851340603629034
1494876537.70752 -4.43903516640655 0.698771906961533  1.59535939459811 -0.220310978333158 -0.476100183367067 -0.0816903937340894 0.847418649662197
1494876538.02583 -4.46789921549006 0.707933177077134  1.58609130152043 -0.232320503038348 -0.477934228214092 -0.0405122694547725 0.846147040054524
1494876538.42368 -4.50339514463657 0.720153474428007  1.59883822562289 -0.206688550908939 -0.486585564410579 -0.0562722178064575 0.846963853380735
1494876538.98278 -4.54287840828723 0.748972684020941  1.61055831014809 -0.211294364503797 -0.47670347489688 -0.0738801168716059 0.85008835827884
1494876539.5398 -4.58941638856563 0.769512011717104  1.60838182758123 -0.208317567325749 -0.470392184664192 -0.0779781165061749 0.853963931964624
1494876540.17838 -4.63725695804969 0.794253217957616  1.61682259167234 -0.208836119604948 -0.467778852679379 -0.0895304883238543 0.854139749569591
1494876540.73516 -4.67982269541874 0.818445435996862  1.62223753656413 -0.208647452276741 -0.460432178800734 -0.0786570704808568 0.859233096805869
1494876541.37346 -4.72476508883207 0.835480141728116   1.6273852776438 -0.212060948715156 -0.45072522149577 -0.0625537064223909 0.864849098138189
1494876541.93031 -4.76738659983619 0.847548029368986  1.63853818316314 -0.200741446677572 -0.448050315012328 -0.0619168810409596 0.868976459200886
1494876542.56882 -4.8138695538246 0.87221458720898 1.64831184515161 -0.194433591837786 -0.445540523730651 -0.072796383187684 0.8708558472409
1494876543.28485 -4.85969832896777 0.898277894886347  1.66983513143167 -0.185542868529198 -0.444761073676933 -0.0778478719419238 0.872754914116106
1494876543.60312 -4.87899568662792 0.909391259986834  1.67639788459509 -0.182611474215247 -0.442631149015087 -0.0778193070918548 0.874456900510403
1494876544.32117 -4.91632097737817 0.945828368930446  1.68534379845414 -0.175593459781097 -0.441285176575171 -0.0748414126362911 0.876831279535424
1494876544.95755 -4.94208403155923 0.986172526992774  1.69286448991514 -0.175366052646605 -0.436977245886782 -0.0718239188730803 0.879283207410482
1494876545.51648 -4.9772661261854 1.02352866141083 1.69729143964808 -0.171971163155653 -0.441382026085249 -0.0714772193059332 0.877780629321509
1494876546.39382 -5.02548711971436  1.04484372068474  1.72344592582333 -0.164670787912369 -0.442354452012203 -0.0769720037179187 0.878226269839927
1494876546.87124 -5.0620031509308 1.05124266323659 1.72584301832765 -0.134718168112421 -0.452349363868042 -0.0897645996589845 0.877025304558924
1494876547.98732 -5.1325465464403 1.05875627101693 1.77449778920291 -0.131986336015238 -0.44002634398099 -0.0861479754467966 0.884044653869031
1494876548.62387 -5.1965694243926 1.04738679158047 1.80948474709056 -0.122703401979354 -0.444938994415244 -0.0795566150310271 0.883540554471751
1494876549.66022 -5.28235463126554  1.07692363957815  1.85273275174863 -0.128279067130525 -0.445974918564673 -0.076248546979168 0.882517428740601
1494876550.45791 -5.34076358399186  1.12438880433574  1.86865338377066 -0.136793928209951 -0.448678496906379 -0.0581244124209284 0.88124717321501
1494876551.17413 -5.38731915022771  1.18650473717423  1.88438478791039 -0.139226019591907 -0.456112371897379 -0.0683627025875487 0.876301409656328
1494876551.65363 -5.41052819163229   1.2183903296818  1.90864193575965 -0.147284549348104 -0.452658077802005 -0.0748060202105644 0.876248814814706
1494876552.84926 -5.4853021281356 1.27136805306074 1.97095418130183 -0.143286112138576 -0.451847094922345 -0.073326380089618 0.877454577092969
1494876553.56534 -5.54352259743303   1.2974152343889  1.99592358238569 -0.14758013867676 -0.459313863864583 -0.0563644359529769 0.874113223495468
1494876554.36318 -5.60010124203064  1.31864250686262  2.02086503808081 -0.135575655473618 -0.468904779731667 -0.0540405536237235 0.871106863565968
1494876555.15917 -5.65046526238609  1.36614970599156  2.05051102786386 -0.138751199810484 -0.46980873128056 -0.0591860121799332 0.869784385078244
1494876556.19582 -5.70401131565852   1.4018881617229  2.09408565590596 -0.143317959498297 -0.466608297784618 -0.0546892885857908 0.871060124582549
1494876556.75493 -5.74552138272479  1.42495246068636  2.10830043020547 -0.140150182990952 -0.47624785581336 -0.0533978828326951 0.866426322401256
1494876557.47127  -5.789254194461 1.44554660287947 2.13115088547674 -0.146099027026841 -0.477779760728917 -0.0511490504114737 0.864734265067387
1494876558.10995 -5.83139056292276  1.45790326539227  2.14778183159174 -0.150101393613495 -0.487344236216272 -0.0381342611657917 0.859366595340664
1494876558.66703 -5.87719216892196  1.46361979966638  2.16340745975185 -0.152506874879855 -0.498805401118813 -0.0409179245464591 0.852209216319497
1494876559.22599 -5.92182343366008  1.47161785873813  2.19334441178061 -0.163695714928119 -0.50339581700443 -0.0529669886970885 0.846753129574953
1494876559.6236 -5.95751103395226  1.46227459602308  2.23916217479228 -0.186030387631784 -0.495775845833508 -0.0638232998940977 0.845887458209581
1494876559.94166 -5.9891923971829 1.43641839020233 2.25897848460972 -0.182441198476457 -0.494043539069898 -0.0637520100342924 0.847686187110745
1494876560.2597 -6.0224621402372 1.41772034742574 2.28958979014766 -0.174699560503706 -0.494332410957759 -0.0677529715790227 0.848837479072828
1494876560.57983 -6.05809718123611  1.40659539203562  2.31833036381346 -0.176848774370567 -0.493152233633121 -0.0824734123485711 0.847775631710345
1494876560.89794 -6.10299915948998   1.4017263942905  2.34223288846206 -0.189850724188609 -0.501455349749855 -0.0847061391465128 0.839835760564649
1494876561.21599 -6.14828740611119   1.3886930715066  2.37018346023841 -0.196438507574004 -0.503428432273455 -0.0820926577643102 0.837396275285471
1494876561.53408 -6.18095200493761  1.35819933723225  2.38543275077902 -0.193914358079418 -0.500964676695566 -0.0809705041104915 0.839568574863333
1494876561.85419 -6.22329887405601    1.337230467789  2.39802662077254 -0.183384182362416 -0.505096866865915 -0.0866800667194368 0.838888528217557
1494876562.33137 -6.27291166573214  1.33798448360888  2.42863118435427 -0.189339074267876 -0.492896132697257 -0.069224347462855 0.846411310797424
1494876562.64953 -6.30769611997646  1.33901643784716  2.44351529035375 -0.20358819752819 -0.49133505946888 -0.0664000715794724 0.844235000256549
1494876562.9697 -6.34630431485273  1.32687076619194   2.4619099260606 -0.192793418367868 -0.496465316912325 -0.0716270219435678 0.843340059919291
1494876563.36736 -6.37864426514888  1.30821389072499  2.49268225161817 -0.176368806005519 -0.492270205733327 -0.0780961726893725 0.848802142213795
1494876563.84455 -6.41474370951317  1.30154201949748    2.526032150704 -0.172373224653222 -0.489765244849781 -0.0821128800130023 0.850690867057978
1494876564.32383 -6.45557635638621   1.3043737467937  2.55644018313052 -0.179424234982576 -0.48450123672914 -0.080175472609365 0.852430284011963
1494876564.88068 -6.49643107601795  1.30569990895994  2.57597993950784 -0.178777002605371 -0.488505112382468 -0.0838672273931282 0.849922247435035
1494876565.51927 -6.53724470278664  1.30905923831294  2.60082423433481 -0.178601715251389 -0.486555957901931 -0.0797349656076534 0.851473465469678
1494876566.07602 -6.57119371938743  1.32733526391829  2.61434133896982 -0.176869801628424 -0.489049045051692 -0.0670992669473313 0.851496208553556
1494876566.55316 -6.59573107836005  1.34936788641139  2.62250963896922 -0.176030907887891 -0.492539982302656 -0.0616346994607073 0.850069790737121
1494876566.87333 -6.6141712489688 1.37143208155128 2.63126926882796 -0.179439925946441 -0.491672693570056 -0.0617456575878522 0.849851015850982
1494876567.34986 -6.64248073190678  1.39914153455745  2.64142867636057 -0.179978706744739 -0.49527087723341 -0.0642646035671071 0.84745765912599
1494876567.74701 -6.66410367630905   1.4199236238486  2.64399142547411 -0.173613195060244 -0.501507743544541 -0.0654115490324995 0.845026491252792
1494876568.22562 -6.68816298479357  1.44728804554903  2.65669141625627 -0.176462855336539 -0.502630122572972 -0.0744321255226882 0.843020568704542
1494876568.62285   -6.70530850703 1.45757342238644 2.67070032066298 -0.179940412416047 -0.499774669328542 -0.0692691898200141 0.844421995934952
1494876569.179 -6.73928925193439  1.46934471958834   2.6917157198887 -0.172195103198673 -0.50157528791298 -0.0765696568922712 0.844338892052717
1494876569.49883 -6.76380491716676  1.48169478855401  2.69695394534627 -0.176609616641086 -0.50672794743138 -0.0816707543920238 0.839860535135987
1494876570.13435 -6.8059998356154 1.48783646815308 2.72724170215728 -0.179133708572552 -0.507665916381007 -0.077696773154333 0.839136248316971
1494876570.53153 -6.84093114600295  1.49006633998477  2.74550754714711 -0.175844136003022 -0.513362007524285 -0.0734719371065853 0.836743786067033
1494876570.93075 -6.87805854413689  1.50704756721067  2.76038722737056 -0.179344992640874 -0.519820765564441 -0.0694533212419478 0.832344869312658
1494876571.48684 -6.9140942685105   1.521883279617 2.79405791077949 -0.17778887420096 -0.516576881764585 -0.0819808685294975 0.833557783619038
1494876572.20489 -6.9634124454857 1.52057453401963 2.83133985376865 -0.174545486338719 -0.516205936648199 -0.0737001968785827 0.835244625931825
1494876572.92075 -7.00983617589728  1.53079247753737  2.86076816660168 -0.177239976700481 -0.519050852308854 -0.0747792577109176 0.832814664852192
1494876573.71826  -7.051846724629 1.54931914813573 2.88803451094453 -0.184373766866126 -0.519694763834923 -0.0675576499709602 0.831480384894653
1494876574.67492 -7.08673766186105  1.57720858791318  2.90695397108504 -0.187821981593279 -0.521422967368883 -0.0697458335673838 0.829443494778634
1494876574.99327 -7.1054066583624 1.59587876739091 2.90694261955977 -0.190706065815613 -0.525323237501412 -0.0676388605686763 0.826493603812599
1494876575.47063 -7.12902148070714  1.61504999489634  2.91108191459381 -0.199411930226524 -0.52847918398735 -0.0645627995010531 0.822664135049039
1494876576.1094 -7.15439207117632  1.62840671926388  2.91743359073828 -0.186903005587527 -0.532485673986444 -0.0537475345665032 0.823794559359052
1494876576.42787 -7.16999281366857  1.64874050763533  2.91647000575225 -0.183574066242657 -0.536600180623544 -0.0543493939456442 0.821831461879902
1494876576.74632 -7.18726587641627  1.67573311366197  2.91340889682512 -0.188867369831069 -0.540025886380201 -0.0564508880019157 0.818238630166144
1494876577.86282 -7.2183164951197 1.69586912325016 2.92686384802775 -0.187058300678725 -0.54268198049745 -0.0608712041665379 0.816578322449151
1494876578.42195 -7.24739799303596  1.70740422326426  2.93772956443251 -0.203411188100981 -0.542929757535045 -0.0659096767929497 0.812100413399312
1494876578.81984 -7.26720056081873  1.69260172057237  2.94446085278192 -0.196574820347976 -0.546592442391035 -0.0603739751646541 0.811757368336735
1494876579.37708 -7.29267994154735  1.68218713123757  2.95875629903584 -0.200597254564281 -0.545344953269858 -0.0610925334391949 0.811558578145996
1494876579.85679 -7.31589305133523  1.67424273449874  2.96666268254601 -0.19034294968607 -0.548805081686911 -0.0643310099118078 0.811445663604875
1494876580.25489 -7.34041457604581  1.67005838809337   2.9679484288049 -0.199293821413317 -0.554016392868355 -0.0767854521105392 0.804643898581102
1494876580.5733 -7.35053831913671  1.65491811930296  2.97143658386828 -0.184998390844941 -0.554728042939331 -0.0626210898140023 0.808783650225441
1494876581.2916 -7.38274766101222  1.67686735837952  2.98094024970979 -0.175133652514815 -0.557315790865175 -0.0608289273165757 0.809337478812553
1494876581.68931 -7.40130535208651  1.70110695193508  2.98772919749685 -0.188369434789071 -0.556252043646349 -0.0632279030516596 0.806909444889695
1494876582.24812 -7.43055281646914  1.70091057807044  2.99125527542801 -0.181158859297501 -0.562182644087367 -0.0638471228271722 0.804397717109924
1494876582.64586 -7.45503361321889   1.7033993573094  2.99350697660352 -0.175505623730632 -0.567795869754727 -0.0613424594628693 0.801899450676605
1494876583.60283 -7.49275692451728  1.70573841413437  3.02106388929487 -0.168243263048461 -0.571986507763222 -0.0690153046531085 0.79985156566658
1494876583.92116 -7.51170348246069  1.71841926066818  3.02010112763262 -0.171397689085111 -0.585148172653963 -0.0614122425805712 0.790223376443165
1494876584.23951 -7.52708003852424  1.73938080613135  3.01994484463806 -0.18934262232687 -0.5831772237913 -0.0739021458680883 0.786506306305009
1494876584.47828 -7.53590253208705  1.75195676159917  3.02680340029503 -0.199624650684007 -0.581946065709527 -0.0841669069839015 0.783839720359497
1494876585.19662 -7.58071918500591   1.7616990883788  3.06517974093995 -0.196685818108175 -0.587647015735236 -0.0951018740908135 0.779064379494406
1494876585.51501 -7.61250606152054  1.76123789949275  3.07187113895611 -0.189912889929331 -0.595908488954791 -0.095343836081361 0.774426058414616
1494876585.83341 -7.63846323297801  1.75211906711133  3.08705565941711 -0.184683316464765 -0.59708972405291 -0.102003913435477 0.773932255235459
1494876586.15381 -7.66689526866033  1.73854488960543  3.10212084873389 -0.177008402629569 -0.599340334467933 -0.10417431873299 0.773696904604712
1494876586.55171 -7.69689554566047  1.73730157537347  3.12180104681385 -0.173325144615992 -0.600730745550454 -0.095167925605495 0.774612181372194
1494876586.94959 -7.73962252714931  1.74193723101931  3.13608084700412 -0.182359772100563 -0.601758599929567 -0.0881021771494391 0.772573302225599
1494876587.26991 -7.77551639305893  1.74244296041917  3.14129758567373 -0.188411894729511 -0.608853068434901 -0.084430519659405 0.765944114365979
1494876587.74739 -7.80742184217224  1.74074571210624  3.14813885590428 -0.197467458008376 -0.597868792744756 -0.0530697486430777 0.775076197201668
1494876588.0658 -7.83246594388835  1.72547561254148  3.14474016537844 -0.1877273063251 -0.59526920250217 -0.0719163395766143 0.777972412823394
1494876588.54551 -7.86706896495626  1.71804240100115  3.14449761830318 -0.180269337733496 -0.590096388517769 -0.0706409864838334 0.783772332479275
1494876589.02305 -7.90463447298145  1.73615415107076  3.14246373377582 -0.192414950013025 -0.579071155331254 -0.064543693447302 0.789612053929645
1494876589.34124 -7.92886454156922  1.75750941713508  3.12939879318447 -0.199701967076797 -0.582235775650257 -0.0562351630882846 0.78610319445416
1494876589.57993 -7.95891771320914  1.77228045731001  3.11907752131223 -0.199045662547725 -0.587906130373326 -0.0227052129977753 0.783729340648367
1494876589.90019 -7.99809835191718  1.78875616178334  3.11412246299822 -0.191970721079066 -0.600318752134773 -0.0313305307897081 0.775746760176391
1494876590.21838 -8.03667135616194  1.79453459250424  3.11260222568988 -0.182803723073836 -0.604346349144195 -0.0705482669661822 0.772250756642229
1494876590.37751 -8.04889876929005  1.80168561149074   3.1191182484216 -0.163682797719371 -0.602340124470217 -0.06709641433805 0.778390896251324
1494876591.01593 -8.08262005228574  1.83364352176742  3.13392131790306 -0.176188241357496 -0.565900042578158 -0.0807076605374817 0.801374518529232
1494876591.6524 -8.13597469587886  1.86287107870849  3.15433350037084 -0.182495523558577 -0.532342173075275 -0.0671647142301056 0.823890827603368
1494876592.05023 -8.17521509428146  1.86945405630156  3.17006834816037 -0.171665902047956 -0.516918829275351 -0.0701594858002324 0.83570532400297
1494876592.60917 -8.23597342773173  1.88740358534236  3.19433008356297 -0.160574037362234 -0.50948574874162 -0.0771974148091645 0.841831817824181
1494876593.16601 -8.29763371821285  1.90533036424069  3.20824481623399 -0.168580850810193 -0.502126616777827 -0.0776813695518501 0.84463895380684
1494876593.5656 -8.34358860319192  1.91737449566044  3.21101421916859 -0.169918483229945 -0.495785843144334 -0.0835933302013155 0.847547203370025
1494876594.04261 -8.39332849347602  1.94774674998519   3.2275369090458 -0.171678396827238 -0.479926845106586 -0.0939632788927496 0.855200358763133
1494876594.44023 -8.42326309803888  1.95606848921341  3.24094509467315 -0.171185862374407 -0.457193853911624 -0.0962563829982745 0.867412179532116
1494876594.83982 -8.45673819521911  1.96286678361608  3.25382025638849 -0.168773958024311 -0.440004595208764 -0.0959401518320504 0.876759256896911
1494876595.31709 -8.50384421238673  1.97829681228169  3.26360624612111 -0.169036904150877 -0.430575607675726 -0.0886238429302766 0.882143404200267
1494876595.71478 -8.55102384724873  2.00562964124928  3.26368696872637 -0.165799259121081 -0.445957941534586 -0.105523752185608 0.873210660597891
1494876596.19407 -8.59603093119498  2.01701459394896  3.26428782993392 -0.178161677151641 -0.444320031555723 -0.130960649580359 0.868151734787373
1494876596.83046 -8.64942689288699  2.03197943038116  3.27422785535962 -0.181695740817032 -0.418769774830397 -0.106645696771407 0.883314909201463
1494876597.2281 -8.70156425619057  2.05014321775619   3.2813156027851 -0.182411840029872 -0.408139434039854 -0.128856426682563 0.885180289150829
1494876597.6278 -8.74861486150583  2.06479285187918  3.29354651826429 -0.163852694573803 -0.398235626139665 -0.12651393832561 0.893618992615643
1494876597.94596 -8.76913080409657  2.09373570643418  3.27255672803383 -0.156861495842384 -0.367075812466057 -0.103554869196201 0.911002858442405
1494876598.0255 -8.78296588677363  2.07935137542334  3.30191748026603 -0.165707956759824 -0.367972598655566 -0.103544289848381 0.909074045248762
1494876598.34364 -8.80837273729718  2.07636334749194  3.29745088728336 -0.157259952965907 -0.343485700591921 -0.0955036869517036 0.920959242562161
1494876598.66377 -8.83161365446733  2.07491842006958  3.29648292778003 -0.135703412631568 -0.317477984867853 -0.09084346564975 0.934098376871053
1494876598.90231 -8.84315992177509  2.07720518867366  3.29903573349492 -0.132360446348598 -0.294098354030986 -0.0955425543596381 0.94173164474021
