1494876480.3596 -0.113565031861233 -0.0264888722381861 -0.0496026453871927 0.00726730699110534 0.00739322531693104 -0.00774189133513017 0.99991629685846
1494876480.59784 -0.143846077567109 -0.049391564351517 -0.055711825469927 0.00709099270132335 0.00987100657291223 -0.0126011186891257 0.999846740253525
1494876480.91554 -0.1947985360135 -0.0814267521836628 -0.0712848418976507 0.00163373206742451 0.0113621378363447 -0.0162021502239025 0.999802847669236
1494876481.15378 -0.231487959810159 -0.104808315326468 -0.086270383647762 0.00631400874099092 0.0123111313871203 -0.0230067992555629 0.999639568875539
1494876481.39403 -0.273337043933608 -0.12620777363652 -0.101414081471955 0.0118944004880552 0.0164609760920621 -0.0287460662523188 0.999380425220654
1494876481.79111 -0.312532394558041 -0.138540734755428 -0.113550444716331 0.0086404549816087 0.0109149269854821 -0.0346869235482347 0.999301273579416
1494876482.26766 -0.320731660418647 -0.105366758313963 -0.101976686162617 -0.0140734824764278 0.00836557422291065 -0.0411168298714565 0.999020205849861
1494876482.50592 -0.32232429681465 -0.0614294964354468 -0.0921930303181207 -0.030910404276011 0.00558667000427251 -0.0497468701978331 0.998267797771393
1494876482.74628 -0.340421236367652 -0.00878681959963568 -0.0931306047482931 -0.0340982393012618 -0.0100835138545224 -0.0548249276745977 0.997862651503926
1494876482.98453 -0.343931220359893 3.92764272167112e-05 -0.0997251898039682 -0.0253699619848406 -0.0238220921359093 -0.0447903631070807 0.998390057774997
1494876483.22276 -0.376268872107085 -0.00723692508699963 -0.112340796226911 -0.00773305047709094 -0.0193958921714119 -0.0285276313297852 0.999374896965086
1494876483.46102 -0.413701981869505 -0.012221564311902 -0.127674037279755 0.0144598511651729 -0.00636288962024889 -0.00857984500204287 0.999838398810414
1494876483.69932 -0.440013842457991 -0.0229857011048202 -0.138287192376304 0.0246083882654993 0.00685941370602747 0.00785419674621332 0.999642785398928
1494876484.09843 -0.448794459306081 -0.0270210571521525 -0.164502349697931 0.0320922264908265 0.0136397432369817 0.00913372540262267 0.999350105118137
1494876484.33698 -0.445561775041003 -0.0122500972845534 -0.169114107115412 0.026141842298457 0.0210252142163317 0.00338523657926318 0.99943138621807
1494876484.57554 -0.439343793976877 0.0131241605946585 -0.173498752216329 0.0101487227487538 0.0240096166189235 -0.00369667638042614 0.999653383656651
1494876484.81407 -0.438188496630199 0.0336789496213956 -0.183383142174982 -0.0161000499393937 0.0184282573370234 -0.0101701748223559 0.999648821538656
1494876485.05263 -0.442253981744341 0.0506056575182163 -0.195689856669794 -0.0374979250889178 0.00834293051535012 -0.0161924430453842 0.999130680666315
1494876485.29323 -0.445108239026394 0.0615567875230554 -0.216484725728076 -0.0417489142481056 -0.0122161901406927 -0.022631764096224 0.998797080115633
1494876485.77026 -0.497115019744778 0.0444624841981495 -0.234912403219645 -0.0317831944236472 -0.0214723277590599 -0.0165045685996155 0.99912780866326
1494876486.00882 -0.543727051442015 -0.00782474731511101 -0.29535044709305 -0.0908610439047302 -0.0249226973883464 0.0113861665832146 0.995486562542178
1494876486.24739 -0.629273092161736 -0.0500026999906139 -0.341712741430917 -0.118834996279163 0.00276704296135624 -0.00227168639185091 0.992907567555807
1494876486.48799 -0.676974243938467 -0.0929467087450981 -0.396793461710325 -0.115036334730166 0.00210944783030018 -0.0292152600080631 0.992929338694568
1494876486.72645 -0.67625315647519 -0.127208015681699 -0.440018779564613 -0.145302594248575 0.017550774913611 -0.0224018273965617 0.98897790454081
1494876486.96504 -0.635878412835205 -0.0781710096838845 -0.476267608050617 -0.139254656885024 0.00515903226843911 0.00179993111142582 0.990241534326829
1494876487.20352 -0.637567518921562 -0.0594566781632846 -0.51107069786978 -0.147544967918552 -0.0113057632582462 0.00991959450409938 0.988940986581104
1494876487.44165 -0.647523857619148 -0.0742260625152347 -0.532961338660128 -0.15162987775626 -0.0285864649478081 0.00826392381612762 0.98798932832933
1494876488.15818 -0.583759465685773 -0.0650039935954922 -0.627284941628765 -0.153037118844506 -0.0291566551049583 0.014684776651401 0.987681071090073
1494876488.39634 -0.537207124764807 -0.0500932118284326 -0.672446658262415 -0.157284814439088 -0.0193860860811055 0.0183348744878338 0.987192742237758
1494876488.63455 -0.463032885487246 -0.0199724815794421 -0.709259665185408 -0.158554263019962 -0.0142240392965964 0.0316436060520124 0.986740551369194
1494876488.8727 -0.378034727310244 0.00751770324101686 -0.724407371982219 -0.158950505590354 -0.01070848657003 0.0486534965204307 0.986028860379024
1494876489.43047 -0.21004565721916 0.0601310177444695 -0.683859405660308 -0.153291800265594 -0.00950980100963264 0.0518850579549982 0.986772080854119
1494876489.66864 -0.214744896311565 0.0734962263280628 -0.663085590055634 -0.15431601549921 -0.0143171611938178 0.059442995438893 0.986127845507427
1494876490.14504 -0.339587722508995 0.028628807264922 -0.649989059392631 -0.165557043931175 -0.015455034729784 0.062069951280765 0.984123640296455
1494876490.62402 -0.451424242529365 -0.0222895461004014 -0.648035471326776 -0.171716004755927 -0.024920514506057 0.0593640018188169 0.98304044072029
1494876490.94206 -0.49350593830263 -0.0257121178461304 -0.642871665340306 -0.173797489900501 -0.0443971042484806 0.0510953148079165 0.982452344686187
1494876491.18057 -0.50772688305607 -0.0347532662050913 -0.620863302503825 -0.168682057952661 -0.0543238193110835 0.0527333377012729 0.982758613399682
1494876491.41914 -0.510572581361312 -0.0207735574627537 -0.618157628447279 -0.162420608504406 -0.0707215810136074 0.0505459825307876 0.982885099438415
1494876491.65969 -0.505243383898036 -0.0181579239043008 -0.607566281993387 -0.164913908508128 -0.0791009142916978 0.0256290462985251 0.982796831120598
1494876491.89819 -0.499765602056532 -0.0301304192101619 -0.608795276021833 -0.157415141526811 -0.0814026725713366 0.00211544338102268 0.984169504786503
1494876492.21622 -0.4747013269411 -0.0467983564594959 -0.623155050747161 -0.152083376670021 -0.0866238403622652 -0.0252017590485464 0.984241758562635
1494876492.45473 -0.458578633729399 -0.0607687232381303 -0.646782088910044 -0.154090152053554 -0.0863584264068963 -0.0157743079757338 0.984149190708703
1494876492.69323 -0.440327896675478 -0.0441266226490448 -0.674912027963368 -0.152689211781264 -0.082309418860172 0.0198031051890829 0.984641565410204
1494876492.93375 -0.436369171332995 -0.0212561726176937 -0.70464764150526 -0.147861545132438 -0.0727973648422029 0.0779443995385056 0.983240656634851
1494876493.17224 -0.416236787436755 -0.00964760609153464 -0.715164540963634 -0.148637247948701 -0.0703475085944577 0.101664682474647 0.981133273327426
1494876493.41078 -0.394445396617092 0.000594934609519787 -0.74402903620023 -0.149588544909672 -0.0813944420120825 0.0908734371974409 0.981193274329448
1494876493.64934 -0.393103305037983 -0.00701905782233984 -0.827291819066536 -0.150078296646638 -0.0773688486789631 0.0862258097465874 0.981863374914938
1494876493.88793 -0.364158168904805 -0.0429417479808828 -0.922987981969035 -0.150005457504471 -0.0749914046151233 0.0848748021854425 0.982176629248924
1494876494.12855 -0.31280702241567 -0.0437654126012626 -1.02362411319867 -0.15114111657523 -0.0736468317875112 0.0804568012590166 0.982476066535614
1494876494.36704 -0.253145717378972 -0.0612273500872038 -1.11968068710484 -0.156265242323221 -0.068821860044947 0.0783435477252292 0.982195003697084
1494876494.60562 -0.200807358976978 -0.0734767933336141 -1.20677907798776 -0.156437782057308 -0.0685632495834111 0.0757302311357556 0.982390576288143
1494876494.92378 -0.141495880651774 -0.0779446333628941 -1.28971177731286 -0.150162373192621 -0.0683693371670191 0.0726146670379894 0.983617820436136
1494876495.16245 -0.106423179036183 -0.0596840646104581 -1.34171502780753 -0.132119768286397 -0.0803881932752508 0.073698939210604 0.985216008145012
1494876495.40309 -0.117002177545925 -0.0893722733059071 -1.38860163613491 -0.135028569200387 -0.0709930345456476 0.0766589183057302 0.985317560954824
1494876496.27823 -0.222558970488224 -0.154641429833926 -1.57537032167085 -0.133727107342958 -0.0822956728572129 0.0823358099950167 0.984157156413141
1494876496.75806 -0.243081716278255 -0.168939401214478 -1.59829394120573 -0.142981448308762 -0.0918950102901783 0.0763369146044402 0.982488829009288
1494876496.99695 -0.248117443863894 -0.192200200822828 -1.5681140942607 -0.153223756555389 -0.10857163832194 0.0677624207473242 0.979868840840282
1494876497.23572 -0.260024479430546 -0.226047444219108 -1.51260278265084 -0.157240621054763 -0.119463805415184 0.05125902327023 0.978966960604641
1494876497.47448 -0.290729939899411 -0.266487710817823 -1.47762703428319 -0.156192656900827 -0.125446141789807 0.0330575949332632 0.979170223195952
1494876497.71322 -0.328744158731736 -0.315185166142012 -1.45163432915292 -0.151320456336631 -0.130074362189764 0.0130995483007854 0.979801608880791
1494876497.95401 -0.367780413155946 -0.396757571616606 -1.39776954129897 -0.131633684176031 -0.136978533196225 0.00247595936442621 0.981785788955489
1494876498.19275 -0.397498415327208 -0.48576506959277 -1.33509446130857 -0.12779926824203 -0.136032835344524 -0.012059022794725 0.982352790931159
1494876498.43151 -0.439872556013178 -0.603785973050771 -1.27174936896527 -0.13690791978244 -0.1230503092918 -0.0325168247253687 0.982373406668711
1494876498.67021 -0.465179338678398 -0.729565973662882 -1.18862274980973 -0.138890639859234 -0.113977129182775 -0.0524052828602788 0.982330037027857
1494876498.90893 -0.464855244445957 -0.846813662669066 -1.13209313949235 -0.129422683979175 -0.0987137370697353 -0.067506965923769 0.984351658541393
1494876499.14774 -0.482347019040618 -0.96297528969213 -1.0700836019008 -0.124849418392812 -0.0908626552994999 -0.0894981946951426 0.98394445213197
1494876499.3885 -0.538385339402776 -1.0787502942889 -0.982702723156728 -0.135730351991267 -0.0943276113661677 -0.114980062746568 0.979519866868021
1494876499.62721 -0.582897590175141 -1.16413197089372 -0.865990072504533 -0.138912602725239 -0.105817404553104 -0.126778533642816 0.976439030478192
1494876499.86591 -0.600143941106694 -1.25345283963722 -0.778666012197981 -0.143624985391651 -0.102804965231805 -0.136442554048398 0.974775073171117
1494876500.10459 -0.617928529661245 -1.35207789300243 -0.754149265903518 -0.13264455307433 -0.101625201259694 -0.1551959659537 0.973648788987285
1494876500.34334 -0.620812514881957 -1.45171332792893 -0.693875295867663 -0.128483094815986 -0.0998020830912935 -0.168613269011349 0.972163162852061
1494876500.5841 -0.600766720201158 -1.53490003109549 -0.644784708219165 -0.126168866150885 -0.100110336822492 -0.183210154645907 0.969790383560376
1494876500.82277 -0.571683777378555 -1.60089381575579 -0.64652258620536 -0.122456639621789 -0.0990089836007652 -0.200228108845133 0.967011017591452
1494876501.06143 -0.534525806509185 -1.66309066468336 -0.659905067662203 -0.116455474474505 -0.0945019330398013 -0.216652279240638 0.964660203466778
1494876501.30004 -0.488158242734005 -1.73810209807641 -0.668805511069329 -0.110619106964326 -0.0954318362712006 -0.230874864921599 0.961952694098741
1494876501.53869 -0.438679212000265 -1.82300270246894 -0.666996386961329 -0.101925005639913 -0.0942823037786485 -0.237339360836097 0.961453160249358
1494876501.77934 -0.391791671483917 -1.88441209362511 -0.670092193827392 -0.100852141373897 -0.0948437279099816 -0.251174950908153 0.95798991019154
1494876502.01796 -0.353170103337444 -1.94609119478319 -0.666563444751126 -0.0999275602175934 -0.0934397991073651 -0.263028547036401 0.955038994613165
1494876502.25657 -0.318099016913342 -2.01346592003352 -0.653144240863682 -0.0938989038558129 -0.0914722185207213 -0.270485246649373 0.953757606299773
1494876502.49525 -0.277255042145714 -2.06094470928588 -0.637134376880853 -0.0941059693884361 -0.0898813437683748 -0.276459435217951 0.952174144987615
1494876502.73388 -0.234125211349337 -2.1007131406942 -0.610993055451021 -0.0887130588893659 -0.0926373097497076 -0.28260161067494 0.950623302262694
1494876502.97254 -0.1898117273986 -2.13094583858149 -0.57202624769973 -0.0860076921620594 -0.0956567534279344 -0.285023771093587 0.9498494214665
1494876503.2133 -0.133181936390874 -2.15152283792245 -0.542838853566858 -0.0877314955801527 -0.0988001539934207 -0.293334265839665 0.946835114407214
1494876503.45196 -0.100353947655399 -2.19419801286265 -0.499110648298125 -0.0881010895595154 -0.0998620099747276 -0.300875016364043 0.944319867759988
1494876503.69054 -0.0657168697297547 -2.24764787468941 -0.45634739779002 -0.086626706439732 -0.102279134639762 -0.304136164581323 0.94315215998193
1494876503.9291 -0.0260715263039429 -2.28029914667925 -0.437077008756453 -0.0895438412653337 -0.102332547218931 -0.314067384016414 0.939612494438155
1494876504.16771 0.00263086150143307 -2.32046973473634 -0.412973364334158 -0.0875397698877213 -0.101226831236005 -0.318473012902623 0.938437461163353
1494876504.40833 0.0427193377177702 -2.35757485961656 -0.400311724040193 -0.0905427195695928 -0.105984600222449 -0.327196015143434 0.934618670506297
1494876504.64701 0.0877076772672303 -2.39251798020165 -0.388219913387623 -0.0900875145605091 -0.110233841764281 -0.339514698772352 0.929764766112261
1494876504.88567 0.119117082347733 -2.44913925987555 -0.384096900965997 -0.0880316740340112 -0.110165318936779 -0.349330881939516 0.926327141419141
1494876505.12443 0.1457939949611 -2.52194557380144 -0.367775989709685 -0.0845404196947341 -0.109500312612944 -0.355677146765 0.924314003670119
1494876505.36312 0.18903949289247 -2.57805819160074 -0.352952620994126 -0.0835610990037408 -0.109911376573592 -0.363152495875725 0.921443057333597
1494876505.6834 0.25940596349942 -2.62402013345319 -0.341410963128356 -0.0783747864043779 -0.116407501215153 -0.370921605954138 0.917999923687027
1494876505.92208 0.302629977146337 -2.67671137172116 -0.338403950995207 -0.0785043168211052 -0.125206413930574 -0.378375445443015 0.913779218177437
1494876506.16076 0.339323385915233 -2.72506435852282 -0.332447172028068 -0.0730554487294564 -0.131851621949411 -0.387669819214835 0.909390000828168
1494876506.39946 0.384755799419524 -2.76856547318897 -0.339493936019565 -0.0685565734648585 -0.136393029283569 -0.398270749856137 0.904476289762595
1494876506.6381 0.413900600672984 -2.8131251019481 -0.315980149994957 -0.0662418954336523 -0.134502356639216 -0.408109763522623 0.900537372573418
1494876506.87879 0.445515667687061 -2.85271761461237 -0.315728116444467 -0.0614966577508946 -0.136028144715932 -0.417444293606498 0.896356389948805
1494876507.11747 0.458530429665809 -2.89287831644888 -0.27382576985609 -0.0553565436323336 -0.13878428107308 -0.418703537344397 0.895746579873722
1494876507.35609 0.470575573986262 -2.93375052164639 -0.224783691837075 -0.0560072115458525 -0.144696278412425 -0.420048174320598 0.894139654446919
1494876507.59478 0.507758353019033 -2.97962494036855 -0.202073518166566 -0.0626093372954648 -0.146000113650434 -0.422080458881688 0.892531307609866
1494876507.83348 0.549254268570755 -3.02257411000459 -0.187683531821506 -0.0664335167666707 -0.14364987569008 -0.426951641995305 0.890316577177928
1494876508.07215 0.590768762802111 -3.06335899874929 -0.167540281439062 -0.0653329794503177 -0.141231387074177 -0.430265021413401 0.889189136002822
1494876508.31291 0.633339221858603 -3.11323284430465 -0.15515570751626 -0.0715640455990958 -0.139083586249198 -0.437695159753625 0.88541363309917
1494876508.55162 0.680091867953927 -3.15358912784093 -0.137223789090677 -0.0732699824613764 -0.136308329157831 -0.440846678720956 0.884141259114788
1494876508.79029 0.730537245567096 -3.18594575914034 -0.124894739274584 -0.0755248092132524 -0.135084724674451 -0.441288877539193 0.883918694252588
1494876509.02906 0.779192697798309 -3.22324802149094 -0.1063365670166 -0.0786576985041399 -0.130815075158224 -0.441847045027325 0.884008813595244
1494876509.26778 0.828111211422484 -3.26376123382944 -0.0993873484886693 -0.0748166402297965 -0.129669414116649 -0.442725323439356 0.884071610509555
1494876509.50851 0.880345294363625 -3.31922740241522 -0.104600091661254 -0.0775219979327282 -0.140841810356469 -0.443817891920045 0.881577911610623
1494876509.74719 0.902212200058343 -3.36609132939974 -0.0777210861683475 -0.0651240940757963 -0.138786014902178 -0.452984680700038 0.878238113853831
1494876509.98593 0.940752973913738 -3.40648607282342 -0.0514578703384807 -0.0554272546916509 -0.142600579607617 -0.45272197020797 0.87842798393494
1494876510.22473 0.964891902316302 -3.43077426424233 -0.0292708465377981 -0.067746972236142 -0.135836982796903 -0.448168774850451 0.880967321892581
1494876510.46346 0.998774516497241 -3.45614423486044 0.00108908283919038 -0.077992610258094 -0.122574666555011 -0.446014826615736 0.883155359740891
1494876510.70425 1.04004622096847 -3.49780943682008 0.00338524294114098 -0.0794413822511078 -0.134145430038234 -0.440738619324856 0.883992958658371
1494876510.94296 1.09793126624051 -3.54591055010405 0.0169687525555108 -0.0874163752000033 -0.131397051079298 -0.437944040143266 0.88504136691661
1494876511.18171 1.14237633300325 -3.59030478937421 0.0296327257639497 -0.0918783985851729 -0.126787487374666 -0.447053509265462 0.880696578798935
1494876511.42042 1.180740238603 -3.64318089150654 0.0371281089336064 -0.0916859325237641 -0.12368228129827 -0.452076767923717 0.878591480786048
1494876511.65913 1.23360649577649 -3.70014920009133 0.0521244140832674 -0.0897104899812156 -0.130156814986812 -0.452552912207239 0.877614439425786
1494876511.8978 1.29660503660143 -3.74580429539058 0.0568819375174482 -0.0904694725122927 -0.134214227564587 -0.452918321456416 0.876736460339002
1494876512.45672 1.43948092579239 -3.85080462716334 0.058404388987006 -0.0908867861196593 -0.137465192487706 -0.447194608703471 0.879124511116473
1494876512.85455 1.53861636761362 -3.95632815503317 0.0611787135336497 -0.0856068657238302 -0.137021167928484 -0.444956252922062 0.880857881954907
1494876513.17277 1.61021471994806 -4.03128726334714 0.0702598322345748 -0.0794698866026103 -0.138915958929282 -0.444639516115766 0.88129598054373
1494876513.81135 1.74876672074062 -4.16155877278499 0.0838683837964491 -0.0750663953116751 -0.142593112650119 -0.444185681849107 0.881323624837083
1494876514.05003 1.78347259936734 -4.21762480369271 0.101191078553997 -0.0687609034864506 -0.145349000512246 -0.447669531250777 0.879623560466407
1494876514.28874 1.8080449847603 -4.27003839676856 0.121602879856565 -0.062890086379105 -0.150739035693974 -0.451655449381015 0.877114557132524
1494876514.52944 1.82175527458089 -4.32051198818597 0.151556375770766 -0.0593973415552222 -0.149427066145973 -0.457115255522961 0.874750914274131
1494876514.76809 1.84244690718293 -4.37393640128833 0.178800523850554 -0.0540823321872413 -0.15003823834669 -0.459556823719755 0.873711145223461
1494876515.00674 1.86724123356573 -4.41777291474972 0.210989138383944 -0.0532317153150543 -0.150618438592687 -0.461244325023652 0.872773827638102
1494876515.32501 1.89850737653061 -4.46430646119392 0.267379002169862 -0.0617147389696894 -0.140863308738771 -0.465086269175384 0.871804790423672
1494876515.56357 1.92636139900615 -4.49208916880872 0.304913453576135 -0.0691597050204218 -0.129809791623879 -0.467106883150669 0.871881599788292
1494876515.88332 1.97022334872089 -4.55264916485987 0.352899317567077 -0.0694651681586635 -0.132130288218539 -0.468020180553356 0.871018541179721
1494876516.35989 2.05704832624178 -4.64761483334136 0.393479715164579 -0.0672142363361289 -0.130150938782303 -0.467479598883707 0.871783124023077
1494876516.83648 2.16536418502368 -4.76505212053714 0.394990766585572 -0.0668414856370976 -0.13557319464928 -0.464856771128127 0.872387710919186
1494876517.07685 2.21589384622102 -4.83452590220541 0.389466689891846 -0.0675037866640207 -0.133790081842939 -0.468052506408791 0.870902012379692
1494876517.31517 2.25960824252231 -4.90502560444994 0.381636670640429 -0.0633391999831295 -0.131003960206307 -0.471784911691404 0.869623548664689
1494876517.55345 2.31198642834674 -4.98263558285769 0.374874591442703 -0.064370853222123 -0.132895038284356 -0.476296083506533 0.866797181598593
1494876517.95067 2.40579707602645 -5.09877931766037 0.354007467379318 -0.0644855752750822 -0.135394770263971 -0.476473100916024 0.86630437030304
1494876518.18899 2.46585103708355 -5.17321913744883 0.351584569316916 -0.0617907267034912 -0.136710970511256 -0.478799553395435 0.865010413486293
1494876518.42932 2.50766863930207 -5.2550021376824 0.35775521333336 -0.053804227667378 -0.143286477224265 -0.48221154496074 0.862581084636351
1494876518.66757 2.5310549526409 -5.35744336121916 0.374842863415268 -0.0538136526068994 -0.153206500549317 -0.486816683175395 0.85827815252441
1494876518.90585 2.57127059620984 -5.45416232838938 0.394504726303234 -0.0547193746799038 -0.153824919263427 -0.49539625180054 0.85318594051138
1494876519.14445 2.62113531998254 -5.5360451155692 0.42381696488726 -0.0570882585114846 -0.157789441941454 -0.497166026690994 0.851275146936812
1494876519.38319 2.6722386774708 -5.6259070051793 0.457329547623996 -0.0637186189272534 -0.164675728124557 -0.49933824414877 0.84822353848213
1494876519.62395 2.71756142774712 -5.71217953605179 0.500478071075968 -0.0630663805275504 -0.169527421379475 -0.501556397920417 0.846004891173064
1494876519.86271 2.74639186087619 -5.80361997651514 0.531465521345911 -0.061561055014169 -0.173896212134759 -0.506405350741272 0.842332461553872
1494876520.10147 2.77663322201851 -5.90558189668347 0.570527998254212 -0.0572426422092957 -0.180257219617897 -0.509721173392792 0.839294317399844
1494876520.34022 2.82589336167591 -5.99789042365198 0.605944740367517 -0.0574281916538797 -0.185431450667028 -0.510552625033399 0.837647424704728
1494876520.57892 2.88317413616572 -6.08000964681688 0.646632451959274 -0.059638825124994 -0.18831935814153 -0.50562610091522 0.839834083076065
1494876520.81765 2.95607549284011 -6.17435201900473 0.664183451335878 -0.0693938977814754 -0.194369091754477 -0.501142839379558 0.840393365511592
1494876521.05831 3.01653955720781 -6.25540071385902 0.720751817465046 -0.0764180087410138 -0.190831654258966 -0.497566748733478 0.842716387264251
1494876521.29695 3.08081069460595 -6.34628882077485 0.748583821625487 -0.0726384917763647 -0.192920195992418 -0.500967805438662 0.840557384442457
1494876521.53562 3.1293504384609 -6.4591879681976 0.779606523624634 -0.0705922031994004 -0.200879640416049 -0.502827304563976 0.837752244899869
1494876521.77432 3.1834703488707 -6.58388873265044 0.810622465795599 -0.0681267867562692 -0.197630208400583 -0.504839418955251 0.837519082683376
1494876522.01304 3.2426605329343 -6.67310589235151 0.839681496623789 -0.0690549395353171 -0.188550766699356 -0.506405511494558 0.838590181654224
1494876522.25378 3.30797774821493 -6.77145669843632 0.865992349370295 -0.0705331775671413 -0.185644960725926 -0.507440325242305 0.838489920555642
1494876522.49251 3.36641403921087 -6.86766917273251 0.900479286392284 -0.0696024637268098 -0.182611246561698 -0.504455370904664 0.841031164448648
1494876522.73125 3.410775812498 -6.96290829923262 0.927227695531877 -0.0661578838975659 -0.186395856711033 -0.503217071132343 0.841220725764774
1494876522.96999 3.45176967516853 -7.05468776267194 0.961746723329616 -0.0622946660739601 -0.189581487732212 -0.504550692956736 0.840004073478768
1494876523.2087 3.48568369948212 -7.14322124209559 0.991273094454391 -0.0588334211628508 -0.193473317456341 -0.505853200642512 0.838581692217586
1494876523.44949 3.51953620345039 -7.24430351584841 1.00005995277314 -0.0550941149399389 -0.196774748767144 -0.504849779191697 0.838672193608908
1494876523.68821 3.56020421828789 -7.33496288453512 1.01257769199867 -0.0547619777115685 -0.200533639927955 -0.503802980303042 0.838433034432808
1494876523.92691 3.60801514105034 -7.42627838002856 1.02747769259643 -0.0606358701344905 -0.19705049009716 -0.506901050933027 0.836986099827569
1494876524.16537 3.65524496491459 -7.51733779040862 1.04453349408618 -0.0675440853011299 -0.192786213265631 -0.507227354948767 0.837252467325884
1494876524.404 3.70995706443935 -7.59271903616017 1.05804921015473 -0.0711050344921429 -0.188231902764565 -0.506126793060328 0.83865875380517
1494876524.64275 3.76649375809115 -7.66700623319242 1.06625323452068 -0.0786509658190165 -0.185446959334375 -0.503696848347934 0.84006722763705
1494876524.88338 3.83703139853289 -7.73676282604782 1.06969126672134 -0.0863110577471474 -0.182773692966299 -0.504115537282306 0.839649757146796
1494876525.12175 3.88234051928927 -7.81869872815684 1.07986654414441 -0.0867182666739597 -0.179860463023911 -0.501811750426938 0.841614599644881
1494876525.3601 3.91271210286471 -7.90628652993636 1.10351556194395 -0.0835598679363445 -0.173350538691656 -0.500575657757938 0.844032796283445
1494876525.59845 3.96770029531766 -7.96124159288688 1.11435255400794 -0.0792515407608989 -0.174736398458127 -0.501024731506333 0.843896091883345
1494876525.83683 3.99718747013892 -8.03699721985984 1.13529386534885 -0.0757791009320736 -0.172201388561242 -0.496440629972298 0.847437857124807
1494876526.07744 4.02225515462307 -8.09110618371532 1.15119875404702 -0.0726315633131988 -0.155032635162613 -0.497272536457502 0.850534875044175
1494876526.31605 4.038647078241 -8.14922023123118 1.16822389546996 -0.0750978600421398 -0.148684260320391 -0.500613618811272 0.849493565571172
1494876526.55453 4.06142267669729 -8.20894966788564 1.20048907055799 -0.0720927726939298 -0.143989784389631 -0.498851158821701 0.851596798135741
1494876526.79307 4.09021005688251 -8.27699821615611 1.2349316181852 -0.0701023430633476 -0.143873606362084 -0.49462264679491 0.854244985529951
1494876527.03163 4.11264775049174 -8.33302171549613 1.25705316584814 -0.0700303717765693 -0.134811158537565 -0.493998986511238 0.856088027614296
1494876527.27216 4.14597071732409 -8.3829682030774 1.27251442344971 -0.0724831858683225 -0.133751421321731 -0.490353380530642 0.858143530185387
1494876527.51066 4.19361624089087 -8.43868007443656 1.27648194823658 -0.0747891027989914 -0.136231079920321 -0.481621350782605 0.862489749836295
1494876527.82875 4.28853875267013 -8.5196020977632 1.29388182911116 -0.0781157230793488 -0.140225631788388 -0.472724302541062 0.866467801433195
1494876528.06731 4.35690328454088 -8.58444026248852 1.30074460720466 -0.0751989998751807 -0.140798119177759 -0.463106581505226 0.871810360890712
1494876528.46483 4.4631709129787 -8.69600743615036 1.28800222714225 -0.0787848454113654 -0.141557020988969 -0.460846274097401 0.872568209785831
1494876528.86441 4.52177871724759 -8.80735380360102 1.28445147046264 -0.0748234441313529 -0.148658059899367 -0.457178118589045 0.873664931455264
1494876529.10295 4.54371224098697 -8.88067224541907 1.30030906287688 -0.0706405887661889 -0.155873119462885 -0.45564462130052 0.873556791550299
1494876529.34148 4.55871432195433 -8.96803426589601 1.32117150341736 -0.0706878384792174 -0.168654258438369 -0.448033137746194 0.875114443498169
1494876529.58001 4.56808929530585 -9.03855437331367 1.33415142343684 -0.0658958654918701 -0.176045246594263 -0.452778214512582 0.871583447331069
1494876529.82059 4.56799944987762 -9.09458269011334 1.33598077210692 -0.0636031473909419 -0.18083499027838 -0.456140575805789 0.869016186369747
1494876530.05913 4.5676375502969 -9.15789408406165 1.3367322487614 -0.0633707811331006 -0.188612402962358 -0.456199418047693 0.86734745497774
1494876530.29767 4.57575656632097 -9.22511397408556 1.32814646260223 -0.0619267196982355 -0.19328980781875 -0.454530343214549 0.867298281915825
1494876530.61569 4.59286337341098 -9.30624908560116 1.32508967470528 -0.056754310769999 -0.196712713070497 -0.452264065018315 0.868066980914864
1494876531.09483 4.63286134653405 -9.42146611096327 1.35812283821837 -0.0622012377867304 -0.200326500026681 -0.447297030475225 0.869439863975063
1494876531.33336 4.64947234418111 -9.4821322212886 1.38873489765556 -0.0676157481443903 -0.198534915023136 -0.449475425332239 0.868322435088547
1494876531.57193 4.65482395658674 -9.55437199166255 1.43037677060334 -0.071528815554435 -0.20043341995055 -0.450874870893559 0.866845969388503
1494876531.8105 4.65136108108459 -9.62388673062296 1.45445787097189 -0.0719100949168742 -0.202626344958338 -0.449564033405448 0.866985405633893
1494876532.04907 4.64561665608427 -9.68906539687174 1.47173900214279 -0.0727927237580622 -0.203880220289122 -0.44743263420176 0.867720072448532
1494876532.28763 4.65034705970673 -9.75595726578248 1.47949671378461 -0.077917640140504 -0.201349574679981 -0.449108597834453 0.866999808891772
1494876532.52823 4.66827931728422 -9.82049990395407 1.4957017426927 -0.085197869314762 -0.197404306293869 -0.450346623402258 0.866579940251975
1494876532.76677 4.69171782983212 -9.89648261916975 1.52195699028943 -0.0919023784423106 -0.195516398791837 -0.449300045137632 0.866866063019836
1494876533.0053 4.69318618671482 -9.98846975993574 1.5390858551456 -0.0946452856681626 -0.194315382796679 -0.455470650755138 0.863614670640867
1494876533.24382 4.69748436206468 -10.082768878056 1.57108548420301 -0.105279228718448 -0.200260863208965 -0.459221305701508 0.859027167319592
1494876533.48249 4.71472004928263 -10.1598804229589 1.61602413921525 -0.100458708538752 -0.212416616537495 -0.454577593845352 0.859154497868299
1494876533.7232 4.75399597466944 -10.2186217422379 1.63807038857554 -0.0966086980384341 -0.218155648134676 -0.446437954650767 0.86241987247139
1494876533.96188 4.79603411059049 -10.2848558832267 1.63761625551927 -0.101255953824052 -0.220582220874739 -0.438917432245293 0.865125548378048
1494876534.28007 4.83284835751265 -10.4131313968498 1.63291157902792 -0.0960160579512528 -0.225320675922553 -0.430352402893482 0.868797059201504
1494876534.51876 4.83726179716159 -10.5202975158317 1.64071492648773 -0.0966716718177597 -0.231402009167868 -0.427473207717735 0.868547273233078
1494876534.7574 4.84326370585477 -10.6073137334783 1.65297689978356 -0.0967016191776477 -0.237626220761647 -0.425547114138471 0.867808873450513
1494876534.99808 4.85326378066938 -10.6943875725011 1.65299708682973 -0.0964954816938665 -0.242406999071963 -0.416602768564805 0.870844195693927
1494876535.39585 4.92177223228324 -10.801700153586 1.68368866840266 -0.0950048814983921 -0.240773204932879 -0.402292628333795 0.878158862963977
1494876535.63453 4.97333045792961 -10.8647656845981 1.7025072096431 -0.0955952516062065 -0.237742452733122 -0.391101654193354 0.88395677567519
1494876535.87324 5.01804250231324 -10.9496902833447 1.70403054504029 -0.108506595206971 -0.235676382066441 -0.390491983935367 0.883288731588349
1494876536.11188 5.03789335248889 -11.0341627383314 1.69863308427066 -0.111847741124834 -0.234003944735378 -0.391390223958556 0.882918988571033
1494876536.35259 5.07210039138074 -11.1158394337648 1.69558914839155 -0.0968182521310119 -0.244660042012545 -0.38106925859586 0.886314798018169
1494876536.90961 5.16131087360199 -11.2646732763488 1.72447796506571 -0.0782644213611337 -0.251995042030699 -0.359385131120918 0.895106428200706
1494876537.14838 5.20919472661004 -11.3172100913926 1.73996459077624 -0.0731503967246311 -0.245569801215751 -0.358818853423529 0.89754862472948
1494876537.38717 5.25207792978119 -11.3765213745225 1.73444283496867 -0.0789017331317287 -0.246935763013433 -0.358983034451793 0.896620564991478
1494876537.62795 5.2734898538423 -11.4310192781445 1.71225194486671 -0.0718336198354333 -0.249702877832895 -0.361642300848854 0.895378836714453
1494876537.86669 5.26780349785878 -11.4913320041159 1.70184491645509 -0.0448174216700093 -0.256011248325671 -0.364158144760269 0.894336903066408
1494876538.10542 5.26082798023385 -11.5651021043782 1.71453058908412 -0.0125910632377116 -0.25884874898143 -0.361077737216531 0.89580224888083
1494876538.34408 5.29123541119893 -11.6033321128042 1.74437421489184 -0.031421703786017 -0.241901467855705 -0.365666747191755 0.898211666320757
1494876538.58287 5.32979558317582 -11.6470697493942 1.77899445516752 -0.0480234055167322 -0.239395434047582 -0.368909551023859 0.896821795553158
1494876538.98278 5.35115618829582 -11.7245817462655 1.81932854099936 -0.0525527879983229 -0.245214615868165 -0.35632353516163 0.900078633267239
1494876539.30105 5.3655976931875 -11.8016482375945 1.84196262544397 -0.0550892315909101 -0.239070353469953 -0.352308114686411 0.903155327790659
1494876539.5398 5.38007269128742 -11.8555445478612 1.85971421680469 -0.0535415918190468 -0.245793722254915 -0.34638488708064 0.903734620994327
1494876539.85811 5.40830274198405 -11.9137969902598 1.8876857125659 -0.0604010884238448 -0.250687429142379 -0.343739001739675 0.902967901537082
1494876540.25792 5.4261078715071 -11.9880262867354 1.92457537545296 -0.0629358862819269 -0.249286303684127 -0.341117575207993 0.904175991737064
1494876540.65565 5.46022047197312 -12.0695285576312 1.95842385819849 -0.0517220796024976 -0.2479853457229 -0.334654304984011 0.907653349071123
1494876541.05329 5.48267947002498 -12.1372024853388 1.97824870510695 -0.045253806146956 -0.25293590040295 -0.328959784102494 0.908713923573241
1494876541.45301 5.51851541210431 -12.2218070505118 1.99683181467528 -0.0329169626541973 -0.251883404511268 -0.319560255301464 0.912881415337813
1494876541.69165 5.53859483258668 -12.2652907740791 2.01341729892853 -0.0340297042051987 -0.246331620979366 -0.320525095808983 0.9140166222942
1494876542.32816 5.59242344087323 -12.3542498149728 2.06784433261378 -0.0325747503514334 -0.243626107852873 -0.309872920385929 0.918457396703608
1494876542.56882 5.61082361044979 -12.3988378300808 2.09451932765049 -0.0389276798293897 -0.23831073128864 -0.311143996195074 0.919174660150945
1494876542.80752 5.62664186478674 -12.4377695684583 2.117114558247 -0.0387467284119379 -0.231606063715531 -0.309019132790692 0.921609737900446
1494876543.28485 5.67422290167836 -12.4928372163167 2.16912258313279 -0.0438959063508113 -0.229386128692311 -0.308757412421407 0.922021705156719
1494876543.68267 5.70670604658909 -12.546814314116 2.20350428851748 -0.0429989681424776 -0.224702174126104 -0.306639266847316 0.923922287232587
1494876544.16206 5.72955667523698 -12.6076286204736 2.26263687209545 -0.0370383016982472 -0.221443648918608 -0.301063624185911 0.926796406924971
1494876544.48027 5.7378013217623 -12.6447338259713 2.30079338426359 -0.0343973776523447 -0.220824114656223 -0.298592725465407 0.927844774858461
1494876544.87798 5.74867600512454 -12.6863911243872 2.35710658312735 -0.0318081149445393 -0.219664908635114 -0.294804869754204 0.92942222463382
1494876545.11869 5.76007871425139 -12.7142028670342 2.40339863186079 -0.0328228393512064 -0.218850103492291 -0.29448579158976 0.929680280045867
1494876545.35735 5.77341027829745 -12.7467231224084 2.43342349742137 -0.0304360664854122 -0.217101640578523 -0.2983724927546 0.928931854453537
1494876545.59606 5.78540652320201 -12.7776454660069 2.45906819695748 -0.0291640638445597 -0.21825878390789 -0.297481171099782 0.928987365147822
1494876545.83477 5.80413338000006 -12.8009485733004 2.47966935445154 -0.0319071781013183 -0.221311001105754 -0.297358815351477 0.928213940233617
1494876546.07345 5.82765525902995 -12.8265423864545 2.49764875813917 -0.0353215193591486 -0.223798812950844 -0.29424493522789 0.928486085421187
1494876546.31221 5.85220142443808 -12.8522778867796 2.51320180380463 -0.035390316572585 -0.21420195729361 -0.29676592907702 0.92994356896513
1494876546.55296 5.8739112591579 -12.8786410214224 2.53229448618383 -0.0360606908041776 -0.19554965407897 -0.301161967401427 0.932610014901885
1494876546.79167 5.89860789917564 -12.9102614058003 2.55203938248701 -0.0488270792955847 -0.188649347944023 -0.308665810729881 0.930995579082035
1494876547.03037 5.9145160282431 -12.9375015367023 2.56379249688561 -0.0524165556889351 -0.175509070631605 -0.310143840953779 0.93287720514023
1494876547.26909 5.93519428043359 -12.9540821663913 2.57444487187226 -0.0537660282428377 -0.176646360175498 -0.304657598459508 0.934392335414142
1494876547.50782 5.96361379425429 -12.9895157466529 2.58524059832589 -0.0533801552358268 -0.187945234462124 -0.29675384935998 0.934753610261058
1494876547.74859 6.00506494161956 -13.0299955325572 2.58649542217836 -0.050693314012541 -0.186531562696202 -0.296569311560999 0.935244790741357
1494876547.98732 6.05480438262152 -13.0662008790821 2.58402910055828 -0.0466061353280675 -0.180813399312236 -0.294606783817081 0.93719861120467
1494876548.22605 6.08939744980738 -13.0922729357542 2.59765556435159 -0.0450502004087272 -0.172432779955511 -0.295231861108279 0.938656260386389
1494876548.46473 6.12421890523108 -13.113052156635 2.61407086144555 -0.0423164016874286 -0.164246069131861 -0.297361895274121 0.939578876570783
1494876548.70344 6.16537672442784 -13.1485233388432 2.63734998951322 -0.041417124168639 -0.162576193850764 -0.304952252702956 0.937474126430198
1494876548.94413 6.19444783374655 -13.1971565805128 2.65207781674065 -0.0388679396584882 -0.164015540635848 -0.308393042479403 0.936206135518777
1494876549.18282 6.22532358127511 -13.2290149301084 2.66706163277475 -0.0425006848523293 -0.16444344122063 -0.311146369379258 0.935061492301323
1494876549.42152 6.24653339557987 -13.2584171829368 2.6865480238594 -0.0383124777729457 -0.164985482722929 -0.305255654273632 0.937086410747497
1494876549.66022 6.27056036996251 -13.2978387842608 2.69439619432887 -0.0356014062042248 -0.167204583134456 -0.301113627804029 0.938139521362298
1494876549.89891 6.28827405510705 -13.3292827924461 2.71345200171396 -0.0267874068664625 -0.169927312935815 -0.298999251984417 0.938619519081408
1494876550.13759 6.305393362437 -13.3714385362504 2.73251559884568 -0.0185847546596047 -0.173838897140284 -0.29639043360838 0.938928840081504
1494876550.37833 6.32353722294196 -13.4024363312537 2.76004611943476 -0.0155410937786751 -0.174239796969196 -0.301106741529454 0.937407973562142
1494876550.61707 6.33739242457496 -13.4393064018271 2.78835260444815 -0.0162082200450842 -0.175123749827528 -0.304593305575727 0.936104639014164
1494876550.85582 6.34922740909098 -13.4665725983044 2.82757841191069 -0.0196915439317168 -0.176329897459364 -0.308552774179938 0.934513353056815
1494876551.09455 6.3726622024531 -13.4888586571979 2.86652890563151 -0.0211050628327538 -0.179352732823233 -0.309059117405362 0.933739603227984
1494876551.33332 6.37790691736318 -13.514110240848 2.92890113837345 -0.0252321656959538 -0.18306089872099 -0.307812159052433 0.933329379720421
1494876551.57412 6.41474115215699 -13.5138465713343 2.97067720267925 -0.0252329880295151 -0.186926202309428 -0.306431345721891 0.933017541475196
1494876551.81255 6.44076006454065 -13.5237137625372 3.00506242178369 -0.027336435031123 -0.181572340644374 -0.308695042796489 0.933269299892404
1494876552.05127 6.47051477759523 -13.5427409034101 3.02726808859039 -0.0227484862668113 -0.178157165626695 -0.310168320649703 0.933562078658857
1494876552.29006 6.49772065165848 -13.5756619334718 3.05321998586827 -0.0247733921828055 -0.173970022497552 -0.314487442975518 0.932854956388585
1494876552.52883 6.53862631538415 -13.5895590252194 3.09394922750815 -0.0209362227866075 -0.173274216321011 -0.314065357269762 0.933220597197071
1494876552.76967 6.57957960914513 -13.5984859218757 3.12784911072598 -0.0215243255759461 -0.17562048673462 -0.311026723643271 0.933786129883818
1494876553.00842 6.61247745235519 -13.6151846071494 3.15280047112914 -0.0193528035797164 -0.176418539350324 -0.311281811120577 0.933598207565046
1494876553.32666 6.64627646298184 -13.6595274328599 3.16715614350029 -0.011481593243393 -0.178244727003089 -0.31457756929114 0.93227568580712
1494876553.56534 6.66546343285305 -13.7012116247427 3.18426153645847 -0.00375540685203574 -0.177720430605219 -0.317870576177824 0.931321455460638
1494876553.80406 6.68856223133945 -13.7305597269152 3.19866537215816 -0.00257936294588573 -0.176404287693674 -0.324198247381128 0.929392479903489
1494876554.20401 6.72353880710031 -13.7824174621945 3.2257570277769 -0.000794056494135886 -0.171986456683884 -0.325900076110086 0.929628517053515
1494876554.84079 6.79599020435785 -13.8329160373673 3.29218288371511 0.00452411566298527 -0.16396962498994 -0.327430737514692 0.93052813913647
1494876555.07958 6.81697042953862 -13.8586992735274 3.33744272083906 -0.00262266674769945 -0.165581300464049 -0.330289116654992 0.929238970938639
1494876555.32037 6.85086567890684 -13.875491796855 3.37180276801363 -0.007663324235123 -0.168642175516293 -0.33016044927225 0.928706185492062
1494876555.55919 6.88515128843139 -13.8853916695574 3.39539286908424 -0.00095633176936355 -0.172472630741166 -0.32547829284375 0.929686059429933
1494876556.19582 6.94917808125523 -13.9331806561899 3.42590202578066 0.0024793056709706 -0.170291486701517 -0.330430248138478 0.928337505895131
1494876556.43456 6.96595057873673 -13.9688504235736 3.44738472770091 0.00311448448138296 -0.170129661037257 -0.335192871424092 0.926656327072937
1494876556.67533 6.99090870612405 -13.9971784092266 3.4696079840938 0.00295441989474116 -0.166800230282157 -0.339192488543874 0.925806362816971
1494876557.15288 7.03923770999112 -14.0391788650847 3.51173874683323 0.0037302024380339 -0.166933897860869 -0.341597209925369 0.924894867886087
1494876557.39167 7.06365213838154 -14.0626459873126 3.52253254053637 0.00529874628577709 -0.171601749590017 -0.342748511967907 0.923606101920781
1494876557.63043 7.08302906843231 -14.0906793625524 3.5230717338997 0.00922633043655391 -0.166449131460239 -0.345453672747224 0.923510331606708
1494876557.87125 7.1060539581423 -14.1141936472827 3.5297927226048 0.0158585197745069 -0.163738152029671 -0.349607070922595 0.922341168991965
1494876558.10995 7.12504008975962 -14.1384371459596 3.54445280499889 0.0217459771512829 -0.172461573606906 -0.353437595335412 0.919165923784361
1494876558.3487 7.14239347632011 -14.1687165362272 3.55209575723556 0.024580669878669 -0.178975580902466 -0.355957243502565 0.916874028448329
1494876558.58746 7.17018765955943 -14.2032197711618 3.55202139495331 0.020340537942961 -0.17769122551294 -0.36237741993846 0.914710176802858
1494876558.82619 7.19996475027453 -14.2320688713734 3.55707430852857 0.0151225613945409 -0.175836446089645 -0.371140542644459 0.911651008393606
1494876559.06489 7.23825663053868 -14.25942123429 3.5672660482046 0.0139522253056257 -0.183282603420248 -0.37342388851788 0.909267525711093
1494876559.38506 7.30600866906685 -14.2893573946689 3.56427539911117 0.00698150755479932 -0.193398350949089 -0.372498857931632 0.907630402960443
1494876559.6236 7.37457787239843 -14.3162268890279 3.53709313321383 -0.000742687838524603 -0.209084209423772 -0.36737828391182 0.90626510990465
1494876559.86214 7.42281867201085 -14.3509157754575 3.49810863659383 -0.000649617446883133 -0.207740599429327 -0.365720034219942 0.907244338120747
1494876560.10068 7.47255184345555 -14.3960205141249 3.45192553757579 -0.00510941188084729 -0.204664338367654 -0.366448165000919 0.907635475295172
1494876560.33921 7.54112455725417 -14.4289093852563 3.42440002583271 -0.0149804214835275 -0.202598202360417 -0.365588923609727 0.908336009108114
1494876560.57983 7.59818437103047 -14.4705326612468 3.41118529126684 -0.0266521763469597 -0.205852451579868 -0.36598048428315 0.907178442168061
1494876560.81839 7.65217538242076 -14.5196626433803 3.39174763753173 -0.0317861314931238 -0.214612635756257 -0.372030849748354 0.902509898222752
1494876561.05695 7.70774418778842 -14.585798414305 3.36952908161868 -0.0258463670505721 -0.224442498776928 -0.375948040536081 0.898677145590232
1494876561.29551 7.76136454438625 -14.6400566842823 3.32326119576934 -0.0288462435188577 -0.22714800187459 -0.375507519518912 0.898090080893925
1494876561.53408 7.79688798345123 -14.7057090894705 3.26325813083357 -0.0317446406708654 -0.227709611110689 -0.370265378201115 0.900024539464426
1494876561.77467 7.83837383459255 -14.7664818670265 3.21845197308175 -0.0416951241399003 -0.223569586393384 -0.374341076664938 0.89896992503657
1494876562.01326 7.87731883769331 -14.8300726901039 3.2008036180649 -0.0418090765757616 -0.220183540746868 -0.372816786041701 0.90043259863338
1494876562.25184 7.91816654472039 -14.8778847413658 3.2063017648302 -0.0318350172526978 -0.224108881460062 -0.362100739084503 0.904237140808631
1494876562.49045 7.9549013224088 -14.9192085236342 3.19875336086402 -0.021757127370815 -0.232698299027395 -0.359475553923105 0.903413231199364
1494876562.88812 8.01617583152984 -15.0107877336241 3.18558267081925 -0.0307457950995986 -0.235609287297588 -0.359310669393512 0.90246263846149
1494876563.12875 8.06038588361562 -15.0566535685955 3.16321291484767 -0.0369698567473759 -0.219127772734411 -0.361339963866773 0.905565950418502
1494876563.36736 8.10572703890126 -15.0903568885807 3.14756642800142 -0.0463069464801704 -0.21645462701791 -0.356041585831442 0.90787524552932
1494876563.60595 8.14867399543901 -15.1188632932182 3.13440190942073 -0.0479859291305897 -0.214001485439976 -0.353812574182214 0.909240005895904
1494876563.92406 8.19861815034445 -15.1580393699468 3.1305080010436 -0.0545309444440181 -0.218815831556182 -0.35164233032704 0.908566833324142
1494876564.1627 8.23732845629021 -15.1968450157409 3.13219505324578 -0.0532523131588223 -0.22644668741815 -0.345208351293988 0.909239954155963
1494876564.40336 8.27505250480134 -15.236683609448 3.13377952542369 -0.0543432914283473 -0.221460121015608 -0.347892291496412 0.909380660741107
1494876564.64202 8.30776650238901 -15.2642713965321 3.13469377090702 -0.0559805214295665 -0.218807982534253 -0.351080340094917 0.908697889253999
1494876565.03986 8.34805809225502 -15.3196804223343 3.14093174943711 -0.0603195906117862 -0.225116276366179 -0.351183829357199 0.906837437602538
1494876565.35816 8.38218591932938 -15.3555359044753 3.14114369684896 -0.0581082315688668 -0.228451335880148 -0.348688678837361 0.907110597967657
1494876565.5988 8.40398320637014 -15.3818784692127 3.1433375030919 -0.0567423665989861 -0.222909074289219 -0.34793589321167 0.908863286629699
1494876565.91694 8.42931420707995 -15.4163368744305 3.16823339935815 -0.0485312569208275 -0.221817253192147 -0.348728157527663 0.909302208603612
1494876566.15556 8.44519465525102 -15.4444455543289 3.19481179635949 -0.0453196185604676 -0.221206700897633 -0.351821659872004 0.90842460250287
1494876566.63265 8.47253301595212 -15.4867616497638 3.25052864740573 -0.0381719760289408 -0.222202520763348 -0.352801787660323 0.908129863935886
1494876566.87333 8.49016988004479 -15.515760578084 3.28911904314708 -0.0387657816374897 -0.223600357714591 -0.352171860076682 0.908006104775811
1494876567.11161 8.50795864571203 -15.5434080292967 3.32615701766895 -0.0344428789806418 -0.221739923743164 -0.350172513488392 0.909408772906438
1494876567.34986 8.52230941297705 -15.5643443456829 3.35668750892024 -0.040068218355897 -0.224403277123019 -0.35573928471213 0.90635935452932
1494876567.58813 8.53395300194607 -15.5898583432187 3.38902739226019 -0.0433881924223305 -0.221596715078322 -0.360967143016605 0.904828764697122
1494876567.82644 8.54673484419632 -15.6140222022692 3.42538081226903 -0.0406377974971888 -0.218268521349284 -0.361687968777863 0.905477358292293
1494876568.06676 8.56077447879647 -15.6377840055409 3.46196680934327 -0.0429053126088993 -0.221808454377379 -0.362068342181863 0.904359812487485
1494876568.30507 8.57888107375449 -15.6574432573754 3.48610216261686 -0.0474295338966939 -0.223302670867448 -0.361123413267309 0.904143931033133
1494876568.54341 8.5996165267902 -15.677184023422 3.50093885473122 -0.0430917893146948 -0.224069382598984 -0.358224543453871 0.905323807860317
1494876568.78174 8.63209912385305 -15.6987021539415 3.51582993101071 -0.0422417342702196 -0.223412842052923 -0.355577338370367 0.906568864160465
1494876569.02007 8.66540599832661 -15.7222617332116 3.53448958414897 -0.0470768368629517 -0.216368521148788 -0.357277052900759 0.907370681195665
1494876569.25846 8.69269388787259 -15.7526577861672 3.55686847464309 -0.0522128679127923 -0.219862325753838 -0.361180398536095 0.904700560952525
1494876569.49883 8.71703945372341 -15.7921465399297 3.57908530138225 -0.0544878519281773 -0.22288939139405 -0.365913000725503 0.901919663957036
1494876569.73712 8.74712267176574 -15.8201583711002 3.59390225585415 -0.0511320041220107 -0.224150617100449 -0.366070816529081 0.901739534139298
1494876570.21381 8.82635527014827 -15.874493316749 3.5991669295249 -0.0491045555462953 -0.224423484278022 -0.368080395645261 0.9009659681735
1494876570.45212 8.86758057351885 -15.9127716484131 3.60560934417594 -0.0470085926534874 -0.223037254243037 -0.370284553111252 0.900518704025484
1494876570.69243 8.90321840595171 -15.955048827316 3.62306625487637 -0.0457063414279271 -0.22212778359971 -0.37753002851264 0.897798010029912
1494876570.93075 8.94011881817027 -15.9928094416515 3.65146556290544 -0.0423315627085331 -0.224861409489333 -0.380139179311701 0.89618056261527
1494876571.48684 9.03706997645949 -16.0518027068319 3.69981017938231 -0.0548173878519368 -0.224469772170318 -0.377178201242506 0.896852825726961
1494876571.88667 9.11370999680462 -16.0995490737271 3.70077877368118 -0.0484730194166706 -0.2222887299692 -0.375355724416591 0.898524444965788
1494876572.20489 9.16314691370172 -16.1401920251539 3.71011376806466 -0.0485422822505604 -0.22061827191684 -0.377217770900007 0.898152542379988
1494876572.76167 9.24579097838281 -16.2001572456974 3.73331100606033 -0.0509818895710311 -0.222967123280972 -0.379462517052613 0.896490222010113
1494876573.0798 9.28097338553294 -16.2401923294308 3.7516524046107 -0.0502303514550703 -0.225796660540118 -0.382360553161685 0.894591078875478
1494876573.71826 9.35126329158288 -16.2957969698046 3.78832830729334 -0.0417350150675614 -0.229772525888636 -0.381219714698952 0.894502272286095
1494876574.59535 9.41486083758579 -16.3492404621315 3.84985058299047 -0.0411436626143561 -0.231770617255189 -0.381122035177171 0.894055694821249
1494876574.83411 9.41742311412476 -16.3753843569381 3.88103844687894 -0.0421045924594668 -0.235092871582829 -0.385285168933109 0.89135508904197
1494876575.07283 9.42691072284963 -16.4026624157951 3.91291987584289 -0.0393635716692062 -0.236058974183014 -0.388280809975956 0.8899239819634
1494876575.31153 9.43596255690814 -16.4248821901003 3.9348824306294 -0.0389336819430432 -0.24000934731089 -0.390336706619233 0.887984768008709
1494876575.62978 9.44944995757188 -16.4522932517484 3.94917886889909 -0.029091773065024 -0.240608804082252 -0.390057087905029 0.888322324074522
1494876575.87052 9.46092017361729 -16.4703102849542 3.96183159324007 -0.0279071282086334 -0.23363072727085 -0.393786947596861 0.888577361015043
1494876576.26867 9.4767853161454 -16.5019859640464 4.01275107103122 -0.0281364218205594 -0.227921237910734 -0.396975271448524 0.888634287021841
1494876576.50749 9.47927055591328 -16.5278984142668 4.05588951891211 -0.0262704856559593 -0.226604812886516 -0.399427233105886 0.887929060764155
1494876576.74632 9.47950391794901 -16.5541488106006 4.10235728307255 -0.0266900962627086 -0.23219624972203 -0.401706624567907 0.885440195208486
1494876576.98724 9.49034755762118 -16.5749852912979 4.13493802984172 -0.031538107359004 -0.236520354375455 -0.402065571374383 0.883972147299779
1494876577.4648 9.50807084510709 -16.6024980561617 4.14716522465127 -0.0307174426099541 -0.234682907509173 -0.405124262294949 0.883093831299138
1494876578.18113 9.55022434520842 -16.6428644845526 4.17507014458755 -0.0315197107317823 -0.241213162651804 -0.40340748940169 0.882091336897486
1494876578.50153 9.58162284786202 -16.6792955369243 4.1741996466351 -0.0325252617825206 -0.248535917194455 -0.404660631597232 0.879444022995034
1494876578.74025 9.59921410263387 -16.703833980156 4.15394359509321 -0.0313157422635354 -0.244106384908364 -0.407414467023913 0.879457139563461
1494876578.97904 9.6143707713694 -16.7213511783639 4.1375604516898 -0.0277126307473993 -0.239084034687263 -0.408935504108042 0.880251440822843
1494876579.21784 9.64091456808392 -16.7467746746955 4.13106467855955 -0.0298071362362287 -0.250709230633349 -0.405541324978887 0.878517308409498
1494876579.45667 9.6623677633677 -16.7653268073067 4.12360633426046 -0.0307419186081854 -0.24269703957772 -0.407900337189227 0.879642204238453
1494876579.6976 9.68085534063254 -16.7892305794622 4.11816802620331 -0.0371549198062106 -0.237328997367911 -0.409561661432237 0.880087334054679
1494876579.93648 9.69298677554963 -16.8129924746733 4.11656585680358 -0.0370884871809979 -0.236463091025604 -0.412097729020414 0.879138853409136
1494876580.17529 9.70803276814581 -16.8437795635341 4.10771879481634 -0.0446430504490557 -0.247112504128877 -0.414761893724657 0.874594186465795
1494876580.41408 9.72095227687242 -16.8646007635704 4.08729758744 -0.0446020934814805 -0.240015385035819 -0.41724233031679 0.875392550305897
1494876580.65292 9.73172488900201 -16.8821644029382 4.0769556455952 -0.0383716354102186 -0.225965150393517 -0.418198787171101 0.878963681814141
1494876580.89376 9.7487490914349 -16.9026213822123 4.08866583757396 -0.0397675126150137 -0.220153757661537 -0.418925162323556 0.880029878717861
