1494876479.722076 0.0000000 0.0000000 0.0000000 -0.0000000 -0.0000000 -0.0000000 1.0000000
1494876480.518444 -0.0087700 -0.0090996 -0.0279999 0.0114268 -0.0123693 0.0083207 0.9998236
1494876480.597844 -0.0119402 -0.0114900 -0.0311621 0.0119165 -0.0142917 0.0075615 0.9997982
1494876481.074366 -0.0246223 -0.0242817 -0.0486788 0.0121632 -0.0223651 0.0036558 0.9996692
1494876481.711692 -0.0358499 -0.0306628 -0.0697298 0.0146679 -0.0357876 0.0098629 0.9992031
1494876481.791108 -0.0356291 -0.0307160 -0.0704211 0.0118730 -0.0379833 0.0083747 0.9991727
1494876482.188224 -0.0260172 -0.0303318 -0.0742211 0.0085307 -0.0464079 -0.0077673 0.9988559
1494876486.567471 -0.0287312 -0.1541192 -0.1847280 0.0003346 -0.0441822 -0.1202027 0.9917657
1494876486.646968 -0.0320548 -0.1631773 -0.1883928 0.0049473 -0.0416683 -0.1327786 0.9902571
1494876486.805969 -0.0264439 -0.1795012 -0.1887842 0.0059005 -0.0211084 -0.1470045 0.9888930
1494876487.044522 -0.0060963 -0.1878080 -0.1836409 -0.0126758 -0.0031487 -0.1396233 0.9901186
1494876487.600428 -0.0100928 -0.1978917 -0.1847517 -0.0406529 0.0019808 -0.1451647 0.9885700
1494876490.703547 0.0190495 -0.2371507 -0.1405304 -0.0446063 0.0452009 -0.1685553 0.9836444
1494876491.339613 0.0185228 -0.2181582 -0.1509446 -0.0807223 0.0420535 -0.1598835 0.9829307
1494876493.013227 0.0362820 -0.2480890 -0.1321258 -0.0874265 0.0795623 -0.1441571 0.9824690
1494876493.490276 0.0435103 -0.2672814 -0.1226384 -0.0992003 0.0739655 -0.1450764 0.9816523
1494876494.128546 0.0306619 -0.3396654 -0.0940944 -0.0892368 0.0662609 -0.1486453 0.9826245
1494876495.641712 0.0148065 -0.4553715 -0.0426192 -0.0890569 0.0601968 -0.1304438 0.9856113
1494876495.800775 0.0118775 -0.4631777 -0.0511538 -0.0934413 0.0606089 -0.1304258 0.9851824
1494876496.437439 0.0089146 -0.5015311 -0.0670897 -0.0932369 0.0679464 -0.1316101 0.9845654
1494876496.596718 0.0081797 -0.5018881 -0.0681590 -0.0974928 0.0640530 -0.1349669 0.9839595
1494876496.678401 0.0079994 -0.5025637 -0.0679718 -0.1016111 0.0615524 -0.1367194 0.9834604
1494876497.235723 -0.0128611 -0.4745678 -0.0677138 -0.1345503 0.0307582 -0.1531011 0.9785245
1494876497.394913 -0.0210369 -0.4653445 -0.0708875 -0.1390031 0.0184817 -0.1528279 0.9782537
1494876497.554032 -0.0318190 -0.4582353 -0.0738912 -0.1415673 0.0033716 -0.1519021 0.9781989
1494876497.713216 -0.0488507 -0.4477387 -0.0777351 -0.1443623 -0.0075163 -0.1485878 0.9782764
1494876498.033579 -0.0765499 -0.4236275 -0.0868719 -0.1540021 -0.0236632 -0.1248954 0.9798595
1494876498.192750 -0.0907250 -0.4115374 -0.0886642 -0.1509095 -0.0370295 -0.1243589 0.9799949
1494876498.351930 -0.1124595 -0.4020811 -0.0920858 -0.1413321 -0.0520375 -0.1313240 0.9798323
1494876498.670213 -0.1501349 -0.3841907 -0.0924235 -0.1314985 -0.0863687 -0.1382092 0.9778276
1494876498.829369 -0.1653142 -0.3755171 -0.0915131 -0.1213114 -0.1007330 -0.1300419 0.9788899
1494876498.988530 -0.1791952 -0.3659958 -0.0926274 -0.1102488 -0.1128764 -0.1250481 0.9795240
1494876499.229370 -0.1993165 -0.3483420 -0.0941424 -0.1071567 -0.1482318 -0.1241612 0.9752584
1494876499.627208 -0.2301822 -0.3167425 -0.1071410 -0.1280286 -0.1855757 -0.1346280 0.9649071
1494876499.945467 -0.2572703 -0.2973264 -0.1090154 -0.1267299 -0.2093291 -0.1365116 0.9599404
1494876500.104591 -0.2689155 -0.2887583 -0.1096662 -0.1239354 -0.2232318 -0.1267473 0.9585106
1494876500.981881 -0.3578896 -0.2575549 -0.0876766 -0.1178680 -0.2845133 -0.1103981 0.9449717
1494876501.140969 -0.3720475 -0.2602300 -0.0771073 -0.1155151 -0.2961730 -0.1032112 0.9424889
1494876501.220490 -0.3817702 -0.2603439 -0.0732301 -0.1166327 -0.3011871 -0.1019281 0.9409005
1494876501.618204 -0.4231665 -0.2521785 -0.0481278 -0.1135647 -0.3162624 -0.0908406 0.9374589
1494876501.697779 -0.4332370 -0.2511032 -0.0460095 -0.1131204 -0.3201623 -0.0907566 0.9361961
1494876502.097467 -0.4735814 -0.2507495 -0.0261918 -0.1111987 -0.3406353 -0.0859717 0.9296297
1494876502.256574 -0.4878685 -0.2444453 -0.0188353 -0.1089379 -0.3462039 -0.0805908 0.9283214
1494876502.336128 -0.4947480 -0.2423793 -0.0171722 -0.1076334 -0.3472086 -0.0804308 0.9281121
1494876502.495247 -0.5082526 -0.2363316 -0.0109240 -0.1059397 -0.3513476 -0.0816641 0.9266405
1494876502.733876 -0.5251324 -0.2247942 -0.0023322 -0.1078907 -0.3565035 -0.0765413 0.9248818
1494876502.813449 -0.5305971 -0.2202384 0.0006651 -0.1096648 -0.3571449 -0.0751911 0.9245363
1494876503.133743 -0.5509483 -0.2038035 0.0135139 -0.1128273 -0.3618710 -0.0760178 0.9222476
1494876503.292838 -0.5632182 -0.1955231 0.0205088 -0.1142007 -0.3661513 -0.0777230 0.9202449
1494876503.531510 -0.5831743 -0.1833350 0.0281830 -0.1160465 -0.3723913 -0.0770111 0.9175659
1494876503.770087 -0.6033897 -0.1736784 0.0373633 -0.1203680 -0.3759347 -0.0765082 0.9156042
1494876503.849601 -0.6101545 -0.1712928 0.0406215 -0.1198043 -0.3788369 -0.0776700 0.9143834
1494876503.929102 -0.6188393 -0.1704206 0.0437016 -0.1191972 -0.3819478 -0.0789037 0.9130620
1494876504.008617 -0.6243294 -0.1686959 0.0454619 -0.1187656 -0.3852113 -0.0782538 0.9118023
1494876504.088156 -0.6248798 -0.1604056 0.0523525 -0.1165810 -0.3883458 -0.0775399 0.9108151
1494876504.487869 -0.6540581 -0.1496763 0.0734318 -0.1225436 -0.4019906 -0.0813528 0.9037524
1494876504.567413 -0.6622744 -0.1483917 0.0752722 -0.1242557 -0.4047486 -0.0811957 0.9023007
1494876504.647011 -0.6689560 -0.1462789 0.0793851 -0.1251482 -0.4079545 -0.0801405 0.9008266
1494876504.806101 -0.6820818 -0.1403885 0.0867398 -0.1235850 -0.4148713 -0.0784530 0.8980277
1494876505.044844 -0.7094439 -0.1354965 0.0912770 -0.1226862 -0.4221508 -0.0754330 0.8950121
1494876505.124428 -0.7173236 -0.1338689 0.0949608 -0.1224787 -0.4246784 -0.0744258 0.8939284
1494876505.204009 -0.7250867 -0.1318218 0.0965666 -0.1218473 -0.4273323 -0.0741946 0.8927684
1494876505.442683 -0.7470439 -0.1255064 0.1064257 -0.1225107 -0.4333420 -0.0718583 0.8899676
1494876505.522254 -0.7531906 -0.1237184 0.1102333 -0.1231034 -0.4343822 -0.0709099 0.8894545
1494876505.603843 -0.7597036 -0.1206264 0.1126341 -0.1248017 -0.4345797 -0.0695577 0.8892282
1494876505.683405 -0.7678638 -0.1172358 0.1158930 -0.1275027 -0.4360871 -0.0695779 0.8881048
1494876506.399456 -0.8364345 -0.0943182 0.1352665 -0.1415897 -0.4595494 -0.0643839 0.8744264
1494876506.558550 -0.8502784 -0.0891212 0.1384258 -0.1409539 -0.4652385 -0.0621779 0.8716760
1494876506.958335 -0.8882776 -0.0679890 0.1509970 -0.1382474 -0.4771758 -0.0572801 0.8659734
1494876507.037909 -0.8911893 -0.0658007 0.1521555 -0.1398304 -0.4778904 -0.0544713 0.8655063
1494876507.992623 -0.9616409 -0.0278824 0.2031862 -0.1471290 -0.4908281 -0.0645336 0.8563156
1494876508.631187 -1.0118347 -0.0130620 0.2299325 -0.1381233 -0.5010883 -0.0739001 0.8511000
1494876508.790293 -1.0214247 -0.0104789 0.2397406 -0.1375374 -0.5013869 -0.0754707 0.8508812
1494876508.949507 -1.0337796 -0.0092106 0.2482976 -0.1354892 -0.5007483 -0.0779794 0.8513595
1494876509.508515 -1.0755732 0.0033026 0.2717199 -0.1412416 -0.5010689 -0.0786096 0.8501772
1494876509.826768 -1.0967984 0.0130951 0.2965847 -0.1424713 -0.5145623 -0.0582668 0.8435239
1494876510.224726 -1.1174376 0.0228519 0.3073834 -0.1390119 -0.5072478 -0.0685431 0.8477483
1494876510.704254 -1.1400865 0.0333117 0.3245493 -0.1365147 -0.4992163 -0.0807757 0.8518346
1494876510.863418 -1.1515703 0.0367588 0.3322737 -0.1373678 -0.4954931 -0.0851295 0.8534458
1494876511.022553 -1.1653571 0.0383833 0.3394858 -0.1287728 -0.4981459 -0.0920115 0.8525269
1494876511.181713 -1.1800205 0.0402172 0.3460619 -0.1282485 -0.5034350 -0.0933067 0.8493524
1494876511.499980 -1.2051027 0.0459549 0.3641769 -0.1253221 -0.5106487 -0.0931304 0.8454934
1494876511.979391 -1.2392532 0.0556762 0.3944772 -0.1328752 -0.5087475 -0.0915583 0.8456579
1494876512.138485 -1.2475477 0.0544186 0.4067226 -0.1355545 -0.5061774 -0.0927283 0.8466468
1494876512.615892 -1.2835834 0.0534353 0.4436973 -0.1376772 -0.5029978 -0.0914953 0.8483318
1494876512.934119 -1.3145372 0.0556482 0.4641856 -0.1375718 -0.5019136 -0.0865992 0.8495042
1494876513.093212 -1.3273371 0.0567149 0.4722468 -0.1399744 -0.5023450 -0.0825940 0.8492555
1494876513.254360 -1.3394166 0.0573712 0.4830088 -0.1406934 -0.5003765 -0.0836027 0.8501996
1494876513.890922 -1.3881904 0.0608077 0.5192590 -0.1466906 -0.5005433 -0.0746858 0.8499178
1494876514.050034 -1.4021327 0.0664492 0.5255439 -0.1494810 -0.5033348 -0.0714618 0.8480582
1494876514.288738 -1.4218702 0.0770054 0.5312864 -0.1542884 -0.5070717 -0.0657879 0.8454261
1494876514.447831 -1.4350621 0.0841144 0.5319992 -0.1533782 -0.5102347 -0.0642066 0.8438088
1494876514.608997 -1.4493454 0.0879231 0.5360820 -0.1541213 -0.5133258 -0.0614289 0.8420035
1494876514.768088 -1.4606539 0.0978105 0.5396045 -0.1533316 -0.5150207 -0.0574042 0.8413964
1494876515.245449 -1.4889677 0.1220948 0.5511432 -0.1464290 -0.5193544 -0.0636335 0.8395120
1494876515.563569 -1.5041524 0.1344568 0.5615394 -0.1320046 -0.5231608 -0.0723763 0.8388320
1494876515.883320 -1.5263903 0.1504530 0.5722757 -0.1343406 -0.5237268 -0.0737068 0.8379918
1494876516.677642 -1.5827175 0.1656279 0.6150689 -0.1348986 -0.5212305 -0.0714086 0.8396559
1494876516.836483 -1.5972707 0.1664199 0.6252699 -0.1373541 -0.5209786 -0.0713583 0.8394184
1494876516.995370 -1.6138130 0.1644917 0.6341784 -0.1368351 -0.5226501 -0.0724603 0.8383690
1494876517.315174 -1.6475296 0.1612720 0.6492791 -0.1330374 -0.5274888 -0.0671958 0.8363859
1494876517.474019 -1.6654446 0.1607560 0.6571009 -0.1330020 -0.5305018 -0.0682751 0.8343961
1494876517.632900 -1.6827772 0.1595025 0.6656616 -0.1356820 -0.5322216 -0.0670748 0.8329654
1494876517.791767 -1.6975360 0.1558829 0.6757607 -0.1372377 -0.5308438 -0.0658940 0.8336838
1494876517.950668 -1.7147737 0.1550554 0.6850941 -0.1367050 -0.5316731 -0.0683869 0.8330418
1494876518.109534 -1.7323623 0.1549731 0.6947490 -0.1360661 -0.5332231 -0.0679297 0.8321928
1494876518.429316 -1.7690433 0.1614496 0.7087382 -0.1436246 -0.5370950 -0.0589212 0.8291135
1494876518.588171 -1.7916790 0.1675860 0.7137635 -0.1514450 -0.5406651 -0.0581298 0.8254493
1494876518.746980 -1.8163984 0.1717682 0.7216318 -0.1543483 -0.5468679 -0.0610301 0.8206019
1494876518.905850 -1.8404458 0.1786212 0.7249211 -0.1535939 -0.5514694 -0.0607621 0.8176786
1494876519.064871 -1.8584278 0.1883193 0.7326344 -0.1541305 -0.5533155 -0.0623417 0.8162103
1494876519.144445 -1.8682421 0.1931185 0.7363137 -0.1556357 -0.5535304 -0.0647085 0.8155946
1494876519.303620 -1.8888803 0.2037591 0.7469528 -0.1594342 -0.5558571 -0.0703958 0.8128026
1494876519.623947 -1.9303868 0.2220994 0.7622087 -0.1669482 -0.5586910 -0.0723820 0.8091684
1494876519.703528 -1.9411075 0.2258199 0.7641292 -0.1664440 -0.5596011 -0.0711371 0.8087537
1494876519.862706 -1.9636973 0.2342487 0.7684650 -0.1711198 -0.5636007 -0.0717310 0.8049391
1494876520.181038 -2.0084071 0.2535087 0.7766124 -0.1794358 -0.5675244 -0.0679514 0.8006881
1494876520.340216 -2.0280459 0.2618471 0.7838026 -0.1823031 -0.5681506 -0.0693933 0.7994717
1494876520.578916 -2.0543585 0.2732021 0.7965001 -0.1855642 -0.5627714 -0.0719210 0.8022977
1494876520.738070 -2.0741329 0.2798131 0.8068907 -0.1887160 -0.5598955 -0.0807329 0.8027363
1494876521.137835 -2.1185722 0.3013850 0.8463506 -0.1879068 -0.5584831 -0.0883817 0.8031043
1494876521.296950 -2.1403227 0.3080671 0.8546306 -0.1893312 -0.5605708 -0.0851395 0.8016641
1494876521.456047 -2.1634805 0.3141783 0.8602024 -0.1952166 -0.5616675 -0.0846610 0.7995328
1494876521.615181 -2.1915846 0.3232818 0.8659757 -0.1975172 -0.5637448 -0.0844062 0.7975302
1494876521.774318 -2.2167439 0.3280627 0.8726505 -0.1939327 -0.5649707 -0.0819850 0.7977949
1494876522.092624 -2.2603891 0.3331087 0.8905951 -0.1846603 -0.5661229 -0.0829106 0.7990815
1494876522.174234 -2.2711229 0.3356563 0.8970408 -0.1836461 -0.5670207 -0.0829770 0.7986717
1494876522.253775 -2.2819118 0.3381568 0.9013188 -0.1834404 -0.5664797 -0.0826074 0.7991410
1494876522.412912 -2.3024528 0.3438729 0.9102613 -0.1825728 -0.5648084 -0.0817820 0.8006062
1494876522.572078 -2.3216567 0.3517267 0.9201524 -0.1800902 -0.5630084 -0.0808785 0.8025258
1494876522.890353 -2.3633733 0.3639859 0.9352790 -0.1870061 -0.5640140 -0.0761242 0.8007010
1494876523.049575 -2.3829570 0.3709319 0.9400526 -0.1908616 -0.5652173 -0.0739021 0.7991494
1494876523.208702 -2.4034636 0.3767690 0.9439747 -0.1933938 -0.5659326 -0.0718350 0.7982223
1494876523.367873 -2.4231865 0.3821006 0.9499799 -0.1941668 -0.5672765 -0.0693210 0.7973024
1494876523.688205 -2.4630294 0.3883261 0.9665612 -0.1999637 -0.5667617 -0.0675705 0.7963856
1494876523.847326 -2.4845626 0.3915391 0.9746376 -0.1975463 -0.5697767 -0.0714617 0.7944956
1494876524.324402 -2.5408804 0.4009428 1.0000197 -0.1868391 -0.5717309 -0.0813748 0.7947283
1494876524.642749 -2.5732417 0.4051767 1.0214225 -0.1824479 -0.5689615 -0.0883547 0.7969875
1494876524.803897 -2.5897350 0.4053892 1.0317869 -0.1796682 -0.5687105 -0.0932162 0.7972443
1494876525.121747 -2.6227074 0.4069338 1.0500176 -0.1765617 -0.5675095 -0.0950432 0.7985774
1494876525.280643 -2.6402783 0.4078819 1.0563896 -0.1728518 -0.5676348 -0.0919564 0.7996607
1494876525.598454 -2.6720786 0.4148082 1.0675533 -0.1724168 -0.5654788 -0.0860189 0.8019395
1494876526.634047 -2.7592230 0.4366405 1.0917692 -0.1441804 -0.5633744 -0.0741079 0.8101416
1494876526.872547 -2.7792008 0.4447471 1.0990617 -0.1404371 -0.5607349 -0.0709841 0.8129054
1494876527.669721 -2.8364382 0.4581227 1.1377269 -0.1371509 -0.5457347 -0.0798709 0.8227904
1494876527.828749 -2.8507004 0.4604850 1.1508381 -0.1393152 -0.5402725 -0.0805313 0.8259611
1494876528.385322 -2.9016190 0.4608719 1.1946213 -0.1418046 -0.5285767 -0.0800146 0.8331241
1494876528.546374 -2.9153461 0.4576825 1.2033927 -0.1396314 -0.5286231 -0.0786359 0.8335929
1494876528.784876 -2.9373519 0.4585875 1.2114679 -0.1452311 -0.5260527 -0.0765268 0.8344579
1494876528.943907 -2.9529552 0.4617384 1.2163931 -0.1493863 -0.5258967 -0.0748635 0.8339736
1494876529.102948 -2.9684935 0.4666009 1.2188337 -0.1551309 -0.5251975 -0.0726506 0.8335611
1494876529.421002 -3.0041325 0.4792415 1.2216729 -0.1720958 -0.5192874 -0.0738891 0.8338249
1494876529.580013 -3.0199916 0.4836371 1.2219481 -0.1749225 -0.5241523 -0.0709129 0.8304443
1494876529.739038 -3.0335832 0.4862632 1.2207770 -0.1768182 -0.5270588 -0.0711502 0.8281800
1494876529.820595 -3.0396979 0.4870970 1.2200897 -0.1790645 -0.5278752 -0.0692530 0.8273377
1494876530.059129 -3.0602114 0.4900706 1.2191958 -0.1866440 -0.5290497 -0.0697127 0.8248700
1494876530.536197 -3.1012454 0.4922484 1.2214375 -0.1929635 -0.5269684 -0.0665108 0.8250126
1494876530.933761 -3.1306627 0.4982042 1.2271965 -0.1969715 -0.5219169 -0.0641313 0.8274613
1494876531.094826 -3.1448834 0.5029568 1.2305930 -0.1966024 -0.5226926 -0.0703593 0.8265528
1494876531.253864 -3.1583133 0.5095683 1.2334790 -0.1945591 -0.5254810 -0.0743666 0.8249158
1494876531.412870 -3.1725419 0.5179263 1.2341559 -0.1944307 -0.5266486 -0.0781834 0.8238479
1494876531.890002 -3.2152300 0.5396814 1.2281868 -0.1978594 -0.5287935 -0.0822473 0.8212578
1494876532.049070 -3.2277198 0.5444725 1.2269053 -0.1975033 -0.5284770 -0.0833305 0.8214381
1494876532.208131 -3.2412007 0.5464637 1.2249489 -0.1944955 -0.5303297 -0.0850897 0.8207811
1494876532.369196 -3.2555308 0.5482889 1.2265301 -0.1920069 -0.5316332 -0.0909872 0.8198908
1494876532.846281 -3.3060379 0.5608038 1.2335773 -0.1860809 -0.5353370 -0.1036435 0.8173410
1494876533.005296 -3.3251772 0.5687071 1.2312138 -0.1833961 -0.5421144 -0.1049390 0.8133053
1494876533.164337 -3.3447967 0.5780515 1.2295141 -0.1828401 -0.5476940 -0.1144811 0.8083903
1494876533.323377 -3.3645730 0.5906507 1.2312255 -0.1928102 -0.5488302 -0.1194470 0.8045758
1494876533.482492 -3.3799064 0.6018052 1.2349300 -0.2000390 -0.5457076 -0.1153849 0.8055272
1494876533.643661 -3.3919387 0.6089333 1.2391348 -0.2039509 -0.5406953 -0.1108108 0.8085627
1494876534.200523 -3.4441860 0.6128547 1.2597253 -0.2082530 -0.5263724 -0.1129371 0.8165832
1494876534.677842 -3.5023310 0.6276708 1.2537355 -0.2173034 -0.5255897 -0.1171593 0.8141304
1494876534.998079 -3.5299773 0.6345725 1.2546344 -0.2204925 -0.5214292 -0.1168349 0.8159929
1494876535.157207 -3.5446455 0.6384444 1.2594280 -0.2216831 -0.5183507 -0.1187078 0.8173600
1494876535.554979 -3.5766292 0.6461082 1.2803099 -0.2181655 -0.5012805 -0.1140279 0.8295295
1494876536.352587 -3.6607139 0.6517435 1.2992818 -0.2167154 -0.4949839 -0.1182512 0.8330919
1494876536.670889 -3.6856995 0.6560299 1.3071530 -0.2165282 -0.4872917 -0.0972786 0.8403566
1494876536.830033 -3.6984630 0.6626608 1.3145833 -0.2232450 -0.4801953 -0.0989829 0.8424823
1494876536.989215 -3.7129846 0.6667636 1.3233876 -0.2221679 -0.4764184 -0.1003800 0.8447431
1494876537.148380 -3.7268362 0.6684086 1.3310397 -0.2176148 -0.4769573 -0.0952846 0.8462130
1494876537.307595 -3.7413206 0.6676210 1.3367922 -0.2160413 -0.4775193 -0.0992740 0.8458405
1494876537.468804 -3.7543871 0.6650411 1.3411341 -0.2184365 -0.4772696 -0.1017263 0.8450746
1494876537.627949 -3.7680907 0.6617358 1.3391731 -0.2189990 -0.4811926 -0.0952209 0.8434608
1494876537.787086 -3.7804039 0.6617576 1.3352330 -0.2234995 -0.4853078 -0.0788484 0.8416100
1494876538.105416 -3.8048339 0.6725667 1.3292863 -0.2325426 -0.4872132 -0.0379803 0.8408952
1494876538.264525 -3.8183894 0.6760346 1.3319960 -0.2214153 -0.4875002 -0.0466142 0.8432947
1494876538.744047 -3.8530400 0.6957510 1.3488855 -0.2073788 -0.4909978 -0.0787725 0.8424429
1494876539.539797 -3.9092567 0.7242102 1.3457758 -0.2096459 -0.4781087 -0.0840726 0.8487594
1494876539.698938 -3.9207413 0.7308144 1.3481612 -0.2077129 -0.4790871 -0.0895724 0.8481201
1494876540.417049 -3.9691248 0.7576337 1.3536108 -0.2107130 -0.4729727 -0.0935792 0.8503762
1494876540.576144 -3.9797158 0.7630532 1.3551211 -0.2077631 -0.4724394 -0.0891190 0.8518763
1494876540.973789 -4.0032945 0.7746429 1.3585284 -0.2089021 -0.4686067 -0.0849261 0.8541400
1494876541.132823 -4.0121274 0.7801496 1.3598523 -0.2169807 -0.4646010 -0.0777329 0.8549988
1494876541.293927 -4.0221920 0.7846453 1.3616915 -0.2160929 -0.4595926 -0.0689939 0.8586725
1494876541.453007 -4.0360365 0.7859379 1.3617136 -0.2112814 -0.4602200 -0.0712604 0.8593485
1494876541.930312 -4.0672679 0.7957572 1.3694358 -0.2019422 -0.4559466 -0.0681801 0.8641086
1494876542.248596 -4.0831361 0.8072868 1.3751347 -0.2044378 -0.4501366 -0.0699085 0.8664266
1494876542.407684 -4.0947042 0.8130636 1.3767185 -0.1999351 -0.4540327 -0.0752178 0.8649986
1494876542.568817 -4.1073055 0.8189461 1.3792446 -0.1953795 -0.4542107 -0.0787534 0.8656312
1494876543.364386 -4.1526647 0.8443276 1.3978024 -0.1859998 -0.4517732 -0.0836765 0.8685064
1494876543.682673 -4.1699109 0.8544624 1.4024475 -0.1809189 -0.4519933 -0.0832675 0.8695039
1494876543.923399 -4.1812334 0.8645627 1.4052005 -0.1794304 -0.4497172 -0.0791288 0.8713770
1494876544.241631 -4.1948099 0.8810416 1.4087577 -0.1773434 -0.4487830 -0.0805865 0.8721520
1494876544.877980 -4.2172771 0.9141796 1.4137146 -0.1765258 -0.4458526 -0.0765375 0.8741831
1494876545.037106 -4.2250900 0.9255124 1.4168506 -0.1761431 -0.4456490 -0.0787545 0.8741672
1494876545.198239 -4.2340212 0.9363343 1.4187045 -0.1762404 -0.4469632 -0.0781534 0.8735304
1494876545.436923 -4.2475767 0.9484697 1.4187548 -0.1727342 -0.4507219 -0.0772408 0.8723798
1494876546.073454 -4.2767591 0.9699755 1.4344871 -0.1794090 -0.4478471 -0.0857488 0.8717182
1494876546.312205 -4.2904196 0.9713692 1.4398911 -0.1703221 -0.4501457 -0.0842951 0.8724985
1494876546.950827 -4.3319125 0.9770036 1.4437149 -0.1308157 -0.4619387 -0.0951376 0.8720371
1494876547.669030 -4.3679543 0.9897447 1.4713249 -0.1404144 -0.4497104 -0.0977548 0.8766347
1494876547.907753 -4.3858032 0.9898398 1.4823897 -0.1334458 -0.4501972 -0.0937573 0.8779090
1494876548.066895 -4.3995199 0.9857430 1.4885440 -0.1328060 -0.4475862 -0.0887175 0.8798627
1494876549.341938 -4.5106254 0.9945876 1.5403693 -0.1282897 -0.4582308 -0.0847021 0.8754381
1494876550.537475 -4.5835829 1.0479585 1.5662563 -0.1392075 -0.4588742 -0.0638344 0.8752034
1494876550.776228 -4.5961003 1.0640181 1.5710387 -0.1395036 -0.4637899 -0.0674823 0.8722866
1494876551.653626 -4.6406116 1.1289449 1.5997198 -0.1495389 -0.4610074 -0.0803971 0.8710032
1494876551.971685 -4.6575947 1.1377929 1.6129813 -0.1473357 -0.4616823 -0.0788869 0.8711594
1494876552.769667 -4.7057414 1.1739694 1.6501009 -0.1452766 -0.4606582 -0.0781269 0.8721152
1494876553.087967 -4.7239981 1.1843987 1.6647389 -0.1488217 -0.4600976 -0.0746112 0.8721213
1494876553.406189 -4.7485714 1.1948714 1.6723704 -0.1504194 -0.4647286 -0.0672775 0.8699858
1494876553.565343 -4.7602143 1.2006160 1.6757689 -0.1502046 -0.4679577 -0.0616866 0.8687053
1494876554.761222 -4.8306603 1.2361964 1.7072814 -0.1365481 -0.4762959 -0.0532583 0.8669835
1494876554.920389 -4.8409801 1.2443422 1.7120399 -0.1405567 -0.4764676 -0.0553775 0.8661153
1494876555.079577 -4.8511720 1.2563525 1.7174828 -0.1409962 -0.4783686 -0.0622277 0.8645295
1494876555.559186 -4.8723478 1.2806582 1.7418191 -0.1485866 -0.4716479 -0.0633707 0.8668647
1494876556.675335 -4.9365110 1.3116661 1.7681973 -0.1436234 -0.4835454 -0.0600133 0.8613679
1494876556.993718 -4.9523969 1.3233476 1.7780566 -0.1443505 -0.4817080 -0.0575589 0.8624427
1494876557.152880 -4.9614940 1.3280885 1.7825885 -0.1447331 -0.4849377 -0.0603101 0.8603781
1494876557.471274 -4.9795337 1.3336533 1.7899253 -0.1495007 -0.4859038 -0.0564775 0.8592772
1494876557.630429 -4.9888334 1.3347297 1.7933810 -0.1446783 -0.4886063 -0.0547369 0.8586827
1494876557.950804 -5.0068941 1.3400865 1.8010514 -0.1450024 -0.4934408 -0.0466470 0.8563378
1494876558.109945 -5.0162911 1.3457596 1.8042655 -0.1534798 -0.4957057 -0.0439094 0.8536931
1494876558.269130 -5.0266466 1.3500371 1.8063879 -0.1586811 -0.4967124 -0.0425885 0.8522226
1494876558.428308 -5.0385232 1.3518976 1.8092449 -0.1629874 -0.4991114 -0.0428945 0.8499900
1494876558.587464 -5.0514121 1.3511271 1.8163869 -0.1592156 -0.5045654 -0.0459787 0.8473195
1494876558.905741 -5.0785699 1.3542026 1.8241370 -0.1601869 -0.5130913 -0.0523805 0.8416256
1494876559.225991 -5.1020203 1.3584256 1.8435957 -0.1677920 -0.5113643 -0.0592714 0.8407373
1494876559.385057 -5.1140623 1.3572978 1.8578408 -0.1752430 -0.5098732 -0.0616895 0.8399486
1494876559.782651 -5.1483321 1.3393528 1.8912580 -0.1923188 -0.5002350 -0.0688732 0.8414481
1494876560.021159 -5.1707401 1.3219147 1.9042013 -0.1849066 -0.5020993 -0.0713419 0.8417934
1494876560.259699 -5.1930127 1.3108039 1.9263318 -0.1786345 -0.5018826 -0.0743867 0.8430126
1494876560.500293 -5.2163558 1.3040985 1.9478948 -0.1799724 -0.5006351 -0.0860417 0.8423606
1494876560.738856 -5.2437181 1.2994949 1.9618127 -0.1830325 -0.5037884 -0.0941842 0.8389432
1494876561.136493 -5.2982178 1.2911466 1.9893003 -0.1999182 -0.5094644 -0.0890367 0.8321966
1494876561.375046 -5.3243299 1.2737502 2.0001740 -0.1985007 -0.5073084 -0.0874706 0.8340172
1494876561.534083 -5.3414593 1.2613394 2.0087245 -0.1970807 -0.5074633 -0.0874019 0.8342667
1494876561.695135 -5.3597503 1.2487242 2.0158131 -0.1931943 -0.5115783 -0.0923073 0.8321316
1494876561.854193 -5.3781648 1.2424021 2.0180061 -0.1866818 -0.5116436 -0.0931274 0.8334855
1494876562.331372 -5.4221148 1.2430482 2.0456576 -0.1928609 -0.5000722 -0.0760759 0.8408002
1494876562.490446 -5.4351559 1.2452803 2.0515032 -0.1994243 -0.4997555 -0.0709244 0.8399073
1494876562.649526 -5.4526296 1.2454207 2.0568728 -0.2065284 -0.4981100 -0.0733694 0.8389573
1494876562.808593 -5.4698300 1.2426485 2.0645621 -0.2051346 -0.4988819 -0.0762511 0.8385836
1494876562.969703 -5.4872665 1.2357886 2.0731273 -0.1952917 -0.5035452 -0.0778702 0.8379974
1494876563.208285 -5.5063548 1.2249185 2.0895605 -0.1807913 -0.5027709 -0.0799889 0.8415092
1494876563.367364 -5.5175195 1.2200187 2.1010957 -0.1786811 -0.4999397 -0.0843071 0.8432234
1494876563.526413 -5.5278893 1.2169740 2.1114147 -0.1753282 -0.4983269 -0.0834286 0.8449675
1494876563.685475 -5.5384126 1.2152917 2.1213195 -0.1733807 -0.4977594 -0.0850157 0.8455454
1494876563.844551 -5.5488591 1.2154386 2.1301775 -0.1740282 -0.4979232 -0.0883455 0.8449745
1494876564.162696 -5.5728216 1.2181132 2.1482134 -0.1859954 -0.4898696 -0.0878418 0.8471820
1494876564.801146 -5.6196380 1.2201258 2.1730039 -0.1785478 -0.4962965 -0.0883659 0.8449864
1494876565.199072 -5.6453252 1.2240446 2.1862988 -0.1850429 -0.4955725 -0.0875739 0.8440959
1494876565.358160 -5.6539116 1.2237713 2.1914921 -0.1851999 -0.4939686 -0.0874975 0.8450090
1494876565.519271 -5.6617913 1.2229527 2.1949863 -0.1809214 -0.4938078 -0.0857416 0.8462090
1494876566.155556 -5.6961541 1.2428381 2.2081378 -0.1788866 -0.4976995 -0.0729826 0.8455580
1494876566.473633 -5.7111921 1.2554766 2.2124426 -0.1761747 -0.5010117 -0.0696640 0.8444506
1494876566.632650 -5.7168260 1.2653755 2.2150471 -0.1804634 -0.4990240 -0.0664319 0.8449822
1494876566.793753 -5.7252016 1.2748297 2.2187805 -0.1809613 -0.4991027 -0.0687035 0.8446475
1494876567.111607 -5.7423759 1.2932858 2.2283530 -0.1805493 -0.4986742 -0.0640701 0.8453526
1494876567.588135 -5.7688379 1.3163007 2.2313139 -0.1790543 -0.5081018 -0.0738405 0.8392377
1494876567.747006 -5.7760253 1.3250211 2.2324820 -0.1755449 -0.5092688 -0.0716935 0.8394578
1494876567.905861 -5.7824459 1.3348641 2.2350039 -0.1771229 -0.5088329 -0.0717012 0.8393900
1494876568.225616 -5.7970319 1.3502145 2.2422488 -0.1780661 -0.5101432 -0.0803720 0.8376078
1494876569.099540 -5.8383665 1.3674862 2.2727129 -0.1731459 -0.5087587 -0.0801012 0.8395051
1494876569.258457 -5.8492498 1.3732250 2.2760262 -0.1765091 -0.5099917 -0.0846328 0.8376099
1494876569.737118 -5.8832378 1.3875937 2.2881331 -0.1806069 -0.5144497 -0.0844946 0.8340164
1494876569.896014 -5.8910241 1.3890971 2.2957122 -0.1810999 -0.5139053 -0.0831608 0.8343791
1494876570.054879 -5.9005809 1.3888676 2.3035431 -0.1814837 -0.5143114 -0.0842455 0.8339365
1494876570.452118 -5.9308057 1.3883646 2.3209817 -0.1801645 -0.5188722 -0.0794125 0.8318690
1494876570.612995 -5.9452991 1.3922896 2.3250003 -0.1771694 -0.5241917 -0.0793009 0.8291836
1494876571.248512 -5.9908667 1.4151869 2.3495259 -0.1790566 -0.5276620 -0.0814279 0.8263662
1494876571.886671 -6.0294476 1.4178858 2.3868613 -0.1783904 -0.5233629 -0.0804770 0.8293321
1494876572.045780 -6.0390162 1.4185455 2.3921418 -0.1768825 -0.5245562 -0.0763625 0.8292902
1494876572.363986 -6.0604105 1.4204841 2.4041018 -0.1769381 -0.5255973 -0.0811193 0.8281667
1494876572.523077 -6.0697684 1.4224551 2.4111199 -0.1774579 -0.5271965 -0.0856536 0.8265810
1494876572.841204 -6.0875211 1.4275222 2.4219842 -0.1788576 -0.5266269 -0.0811279 0.8270988
1494876573.000302 -6.0979714 1.4303274 2.4260473 -0.1804437 -0.5282152 -0.0815679 0.8256969
1494876573.320483 -6.1138430 1.4387561 2.4349189 -0.1854194 -0.5275793 -0.0786659 0.8252827
1494876574.195525 -6.1476398 1.4562429 2.4601750 -0.1915595 -0.5260218 -0.0710329 0.8255667
1494876574.436220 -6.1524234 1.4612473 2.4639149 -0.1877421 -0.5248390 -0.0713466 0.8271678
1494876574.595348 -6.1580405 1.4672713 2.4633660 -0.1887015 -0.5273497 -0.0741072 0.8251073
1494876574.754520 -6.1661673 1.4754286 2.4623637 -0.1908239 -0.5308654 -0.0770702 0.8220878
1494876575.391070 -6.1967425 1.5040538 2.4652247 -0.1998526 -0.5369806 -0.0735917 0.8162690
1494876575.550206 -6.2026310 1.5068568 2.4669442 -0.2009330 -0.5360364 -0.0682348 0.8170892
1494876575.711394 -6.2079644 1.5077409 2.4673419 -0.1976880 -0.5385051 -0.0625054 0.8167159
1494876576.029775 -6.2196188 1.5152242 2.4708757 -0.1902502 -0.5406232 -0.0604790 0.8172354
1494876576.189018 -6.2256575 1.5221928 2.4711561 -0.1874834 -0.5418355 -0.0609009 0.8170407
1494876576.507491 -6.2399712 1.5426900 2.4687791 -0.1854392 -0.5456519 -0.0601459 0.8150207
1494876576.825937 -6.2550678 1.5670211 2.4664941 -0.1928587 -0.5477392 -0.0650189 0.8115170
1494876577.146442 -6.2653494 1.5778220 2.4695973 -0.1923601 -0.5500584 -0.0706634 0.8095925
1494876577.544417 -6.2760305 1.5775126 2.4731345 -0.1893927 -0.5521577 -0.0669440 0.8091791
1494876578.740251 -6.3231444 1.5808268 2.4923897 -0.2016405 -0.5533795 -0.0691982 0.8051856
1494876579.058611 -6.3340454 1.5728445 2.4969754 -0.2012767 -0.5538728 -0.0648141 0.8053023
1494876579.456666 -6.3525925 1.5667740 2.5073071 -0.2005256 -0.5534897 -0.0668984 0.8055825
1494876579.617973 -6.3602543 1.5639319 2.5095453 -0.1973022 -0.5540153 -0.0696425 0.8057846
1494876579.936480 -6.3746381 1.5613867 2.5122595 -0.1933066 -0.5574576 -0.0711414 0.8042465
1494876580.095681 -6.3840866 1.5614758 2.5124569 -0.2004647 -0.5578409 -0.0772077 0.8016648
1494876580.254885 -6.3933773 1.5580745 2.5133896 -0.2013714 -0.5613964 -0.0838904 0.7982769
1494876580.573302 -6.4023900 1.5449152 2.5166855 -0.1870165 -0.5625215 -0.0696983 0.8023319
1494876580.893761 -6.4150338 1.5449733 2.5211430 -0.1764792 -0.5639613 -0.0685043 0.8038096
1494876581.132529 -6.4233842 1.5554124 2.5237174 -0.1732062 -0.5633436 -0.0660257 0.8051611
1494876581.450682 -6.4380527 1.5753492 2.5260043 -0.1806292 -0.5655656 -0.0695384 0.8016689
1494876581.609763 -6.4445057 1.5842881 2.5290632 -0.1869416 -0.5643132 -0.0697283 0.8010876
1494876581.768823 -6.4520078 1.5890596 2.5320163 -0.1919747 -0.5650033 -0.0716038 0.7992433
1494876581.927915 -6.4593110 1.5891012 2.5338554 -0.1895568 -0.5659577 -0.0746730 0.7988642
1494876582.327696 -6.4796925 1.5881803 2.5325804 -0.1836217 -0.5706709 -0.0696321 0.7973514
1494876583.282446 -6.5157590 1.5908673 2.5519662 -0.1774385 -0.5722799 -0.0771056 0.7969103
1494876583.443657 -6.5227518 1.5904195 2.5562367 -0.1734636 -0.5747483 -0.0782261 0.7958991
1494876583.602830 -6.5315466 1.5926268 2.5586801 -0.1702516 -0.5799434 -0.0760898 0.7930262
1494876584.000748 -6.5510693 1.6094716 2.5560699 -0.1781347 -0.5926535 -0.0698373 0.7824018
1494876584.159909 -6.5586753 1.6194472 2.5562243 -0.1880922 -0.5906333 -0.0763662 0.7809877
1494876584.319096 -6.5647311 1.6279359 2.5575624 -0.1942330 -0.5910177 -0.0851549 0.7782803
1494876584.719076 -6.5786815 1.6409588 2.5755663 -0.2064047 -0.5889562 -0.0997359 0.7749714
1494876585.037405 -6.5985913 1.6437734 2.5904713 -0.2038370 -0.5885437 -0.0999098 0.7759413
1494876585.196621 -6.6129699 1.6434412 2.5947728 -0.1986088 -0.5950918 -0.1026762 0.7719313
1494876585.515012 -6.6415272 1.6429347 2.6013055 -0.1924568 -0.6031114 -0.1028789 0.7672241
1494876585.753808 -6.6592398 1.6380643 2.6110096 -0.1896305 -0.6035793 -0.1071602 0.7669739
1494876586.074216 -6.6841869 1.6259171 2.6264224 -0.1812810 -0.6056309 -0.1115351 0.7667518
1494876586.312985 -6.7051158 1.6198442 2.6347418 -0.1751529 -0.6092247 -0.1124142 0.7651991
1494876586.472117 -6.7168541 1.6196638 2.6413779 -0.1765842 -0.6091158 -0.1058834 0.7658882
1494876586.710898 -6.7365875 1.6217788 2.6507874 -0.1780848 -0.6057407 -0.0976178 0.7693080
1494876586.870019 -6.7527494 1.6250402 2.6552711 -0.1846241 -0.6076445 -0.0973826 0.7662889
1494876587.029166 -6.7676883 1.6261913 2.6575603 -0.1854717 -0.6108312 -0.0935002 0.7640310
1494876587.349478 -6.7964549 1.6288486 2.6599283 -0.1940386 -0.6168706 -0.0892239 0.7575347
1494876587.508668 -6.8068318 1.6298997 2.6615758 -0.1982416 -0.6152225 -0.0800202 0.7588138
1494876587.826970 -6.8226223 1.6230655 2.6642537 -0.1977871 -0.6037779 -0.0592843 0.7699467
1494876587.986192 -6.8357906 1.6154580 2.6614799 -0.1902399 -0.6032257 -0.0728681 0.7711147
1494876588.145396 -6.8471618 1.6107303 2.6574922 -0.1881208 -0.6020977 -0.0865586 0.7711008
1494876588.384232 -6.8642774 1.6050150 2.6578236 -0.1803326 -0.6017115 -0.0867910 0.7732340
1494876588.784309 -6.8890872 1.6129434 2.6603446 -0.1912237 -0.5862818 -0.0754627 0.7835896
1494876588.943462 -6.9010873 1.6193813 2.6585050 -0.1928945 -0.5856792 -0.0744597 0.7837265
1494876589.341238 -6.9362440 1.6411479 2.6455045 -0.2041518 -0.5874383 -0.0631940 0.7805414
1494876591.572830 -7.1154590 1.7192588 2.6505814 -0.1932604 -0.5362603 -0.0736987 0.8183177
1494876591.731969 -7.1296606 1.7239416 2.6528115 -0.1853722 -0.5298198 -0.0722755 0.8244419
1494876591.891076 -7.1482148 1.7158616 2.6576686 -0.1840470 -0.5216167 -0.0751792 0.8296931
1494876592.050233 -7.1680293 1.7165796 2.6618233 -0.1827696 -0.5142369 -0.0780443 0.8343049
1494876592.209356 -7.1857414 1.7161551 2.6700158 -0.1787248 -0.5121309 -0.0829188 0.8360047
1494876592.370497 -7.2039113 1.7142379 2.6751781 -0.1774620 -0.5083954 -0.0859700 0.8382425
1494876592.688718 -7.2357759 1.7110908 2.6807480 -0.1782098 -0.5022006 -0.0854364 0.8418649
1494876592.927336 -7.2609167 1.7113873 2.6846747 -0.1863016 -0.4968548 -0.0877066 0.8430508
1494876593.086460 -7.2778215 1.7114977 2.6846223 -0.1871943 -0.4932760 -0.0876166 0.8449618
1494876594.758248 -7.4378757 1.7400073 2.7305946 -0.1981539 -0.4285632 -0.1108305 0.8745200
1494876594.919342 -7.4528623 1.7405236 2.7336369 -0.1988209 -0.4239433 -0.1112936 0.8765593
1494876595.078457 -7.4675221 1.7426111 2.7378714 -0.1987636 -0.4181668 -0.1067859 0.8799013
1494876595.237538 -7.4835200 1.7440090 2.7367547 -0.1992121 -0.4143155 -0.1049100 0.8818453
1494876596.591830 -7.6212382 1.7847970 2.7372527 -0.2091086 -0.4094358 -0.1372835 0.8773763
1494876596.909959 -7.6511154 1.7959125 2.7390397 -0.2169842 -0.3919598 -0.1289484 0.8846794
1494876597.228103 -7.6959009 1.7999194 2.7479498 -0.2204718 -0.3835645 -0.1525996 0.8837329
1494876597.548270 -7.7395411 1.8075709 2.7553937 -0.2045399 -0.3774036 -0.1575552 0.8893291
1494876597.707327 -7.7517624 1.8107226 2.7602520 -0.2047064 -0.3635258 -0.1506226 0.8962461
1494876598.184589 -7.8009553 1.8052967 2.7725353 -0.2108467 -0.3233276 -0.1294503 0.9133704
1494876598.264094 -7.8080149 1.8077728 2.7698810 -0.2073688 -0.3167569 -0.1286289 0.9165794
1494876598.343639 -7.8115549 1.8119400 2.7711666 -0.2016360 -0.3127034 -0.1274612 0.9194092
1494876598.582216 -7.8128386 1.8238996 2.7654512 -0.1818669 -0.2960346 -0.1200657 0.9299850
1494876598.663774 -7.8300610 1.8264347 2.7673564 -0.1771941 -0.2866024 -0.1213500 0.9336678
1494876598.743287 -7.8302650 1.8256078 2.7698436 -0.1733549 -0.2808300 -0.1237402 0.9358264
