1494876479.722076 0.0000000 0.0000000 0.0000000 -0.0000000 -0.0000000 -0.0000000 1.0000000
1494876480.677268 -0.0115881 -0.0077425 -0.0295872 0.0136880 -0.0163688 0.0080075 0.9997403
1494876480.756688 -0.0124951 -0.0092636 -0.0326360 0.0133706 -0.0179479 0.0069017 0.9997258
1494876481.949973 -0.0280746 -0.0203553 -0.0603793 0.0112390 -0.0438778 0.0049595 0.9989614
1494876482.108803 -0.0246143 -0.0209608 -0.0624225 0.0107723 -0.0470050 -0.0015971 0.9988353
1494876482.188224 -0.0220880 -0.0208813 -0.0635749 0.0107256 -0.0461683 -0.0064065 0.9988555
1494876486.567471 -0.0196401 -0.1257133 -0.1595614 0.0027679 -0.0453700 -0.1184564 0.9919183
1494876486.805969 -0.0233254 -0.1466290 -0.1627931 0.0080371 -0.0198686 -0.1450934 0.9891858
1494876487.044522 -0.0038118 -0.1511042 -0.1583094 -0.0093888 -0.0028290 -0.1372029 0.9904944
1494876490.703547 0.0175198 -0.1934777 -0.1225301 -0.0415673 0.0453549 -0.1663434 0.9841468
1494876492.854275 0.0227866 -0.1974781 -0.1094086 -0.0882187 0.0457221 -0.1421259 0.9848489
1494876492.933747 0.0286777 -0.2006274 -0.1122717 -0.0861855 0.0648490 -0.1410670 0.9841071
1494876493.569806 0.0384244 -0.2269716 -0.1053927 -0.0948619 0.0727818 -0.1430591 0.9824653
1494876495.880343 0.0116610 -0.3945308 -0.0481823 -0.0950430 0.0618062 -0.1280986 0.9852602
1494876496.357833 0.0098162 -0.4195785 -0.0578781 -0.0927271 0.0682636 -0.1279703 0.9850712
1494876496.678401 0.0080690 -0.4226306 -0.0604529 -0.1002065 0.0617849 -0.1348381 0.9838496
1494876497.076569 -0.0008994 -0.4093055 -0.0596333 -0.1267132 0.0427896 -0.1489900 0.9797524
1494876497.394913 -0.0181503 -0.3920436 -0.0619718 -0.1381160 0.0195369 -0.1504035 0.9787344
1494876497.554032 -0.0264429 -0.3856310 -0.0651000 -0.1402556 0.0038739 -0.1497237 0.9787217
1494876497.713216 -0.0397467 -0.3780320 -0.0682158 -0.1435566 -0.0075826 -0.1459692 0.9787886
1494876497.872405 -0.0488641 -0.3702007 -0.0715949 -0.1491646 -0.0179963 -0.1346877 0.9794311
1494876501.779342 -0.3801273 -0.2177245 -0.0380181 -0.1146963 -0.3231413 -0.0899016 0.9350626
1494876502.256574 -0.4201367 -0.2071659 -0.0236656 -0.1082149 -0.3423418 -0.0820387 0.9297104
1494876502.336128 -0.4258164 -0.2049568 -0.0212072 -0.1068970 -0.3436170 -0.0819971 0.9293960
1494876502.415681 -0.4311981 -0.2025771 -0.0188694 -0.1056627 -0.3454369 -0.0829971 0.9287735
1494876502.495247 -0.4363261 -0.1997195 -0.0159589 -0.1051021 -0.3477831 -0.0828547 0.9279739
1494876503.372380 -0.4804811 -0.1617462 0.0274396 -0.1146297 -0.3703944 -0.0784581 0.9184293
1494876503.531510 -0.4921985 -0.1539277 0.0316518 -0.1155961 -0.3738217 -0.0780130 0.9169563
1494876503.849601 -0.5156848 -0.1416433 0.0405250 -0.1184295 -0.3796729 -0.0790917 0.9140939
1494876503.929102 -0.5214788 -0.1394566 0.0429413 -0.1172093 -0.3832921 -0.0801851 0.9126443
1494876504.328806 -0.5456409 -0.1310538 0.0542445 -0.1196149 -0.3912821 -0.0799410 0.9089555
1494876505.442683 -0.6325260 -0.1010292 0.0940851 -0.1203257 -0.4333518 -0.0740545 0.8900808
1494876505.603843 -0.6433889 -0.0967009 0.0995806 -0.1225575 -0.4345188 -0.0714749 0.8894181
1494876506.558550 -0.7193999 -0.0694701 0.1218183 -0.1385475 -0.4653437 -0.0646734 0.8718241
1494876508.153772 -0.8245792 -0.0182915 0.1795596 -0.1427922 -0.4935204 -0.0691046 0.8551447
1494876508.392457 -0.8415707 -0.0147795 0.1879842 -0.1400975 -0.5005782 -0.0739756 0.8510709
1494876509.029059 -0.8717229 -0.0062809 0.2241092 -0.1337278 -0.5036649 -0.0791260 0.8498104
1494876510.065538 -0.9377063 0.0191091 0.2568123 -0.1440207 -0.5075520 -0.0634689 0.8471250
1494876510.704254 -0.9633633 0.0264824 0.2730812 -0.1365593 -0.4976120 -0.0820171 0.8526471
1494876511.181713 -0.9928999 0.0325642 0.3000034 -0.1285961 -0.5049567 -0.0939591 0.8483239
1494876511.579556 -1.0213113 0.0405749 0.3156676 -0.1272825 -0.5109383 -0.0937700 0.8449546
1494876512.218071 -1.0552171 0.0459063 0.3522457 -0.1378790 -0.5064368 -0.0945943 0.8459097
1494876512.456722 -1.0709239 0.0453969 0.3666258 -0.1381188 -0.5043088 -0.0955882 0.8470293
1494876512.695437 -1.0891143 0.0428883 0.3801466 -0.1390976 -0.5020846 -0.0919323 0.8485938
1494876512.934119 -1.1080337 0.0439068 0.3929746 -0.1384378 -0.5012166 -0.0873603 0.8496971
1494876513.493084 -1.1415803 0.0482183 0.4267309 -0.1418146 -0.5018857 -0.0894490 0.8485271
1494876513.811349 -1.1624075 0.0500352 0.4402255 -0.1462732 -0.5006700 -0.0786022 0.8495619
1494876513.890922 -1.1674294 0.0540292 0.4428527 -0.1449563 -0.5017005 -0.0763573 0.8493844
1494876514.288738 -1.1969453 0.0636378 0.4505829 -0.1542633 -0.5071275 -0.0671619 0.8452891
1494876514.688540 -1.2243019 0.0791903 0.4561042 -0.1528198 -0.5143660 -0.0611563 0.8416255
1494876515.165878 -1.2500179 0.0992273 0.4662727 -0.1492614 -0.5178035 -0.0626007 0.8400486
1494876516.042183 -1.2928040 0.1325284 0.4911168 -0.1346406 -0.5235905 -0.0759202 0.8378312
1494876516.359890 -1.3110458 0.1372182 0.5041897 -0.1316822 -0.5233445 -0.0730812 0.8387071
1494876516.518763 -1.3204796 0.1382955 0.5123913 -0.1330568 -0.5233991 -0.0741700 0.8383604
1494876516.677642 -1.3309237 0.1391339 0.5212463 -0.1342193 -0.5215862 -0.0727605 0.8394277
1494876517.076848 -1.3639504 0.1377679 0.5394649 -0.1350209 -0.5241317 -0.0734032 0.8376559
1494876517.235715 -1.3777943 0.1367225 0.5459934 -0.1326464 -0.5267026 -0.0699468 0.8367178
1494876517.315174 -1.3854505 0.1349551 0.5486644 -0.1325858 -0.5275136 -0.0686783 0.8363215
1494876518.030118 -1.4486512 0.1300327 0.5838794 -0.1359450 -0.5333384 -0.0703970 0.8319336
1494876518.109534 -1.4562136 0.1295837 0.5879611 -0.1358748 -0.5335841 -0.0694582 0.8318664
1494876518.268420 -1.4712015 0.1305191 0.5959265 -0.1402451 -0.5345568 -0.0648065 0.8308914
1494876518.349899 -1.4786248 0.1331283 0.5985911 -0.1413874 -0.5359901 -0.0619349 0.8299929
1494876518.508726 -1.4963840 0.1382401 0.6027443 -0.1470416 -0.5393345 -0.0593608 0.8270268
1494876518.588171 -1.5061446 0.1396031 0.6033119 -0.1516030 -0.5405841 -0.0596263 0.8253667
1494876518.746980 -1.5270436 0.1451212 0.6074549 -0.1533621 -0.5462654 -0.0632653 0.8210187
1494876518.905850 -1.5456856 0.1512480 0.6123521 -0.1524771 -0.5518676 -0.0626531 0.8174763
1494876519.064871 -1.5611742 0.1578347 0.6178943 -0.1537646 -0.5532020 -0.0636547 0.8162549
1494876519.224036 -1.5786005 0.1651563 0.6251934 -0.1577270 -0.5539726 -0.0689106 0.8145477
1494876519.383186 -1.5956564 0.1730641 0.6345996 -0.1619485 -0.5565903 -0.0735367 0.8115247
1494876519.623947 -1.6208631 0.1844097 0.6434606 -0.1674019 -0.5587409 -0.0733516 0.8089529
1494876519.783142 -1.6382874 0.1913005 0.6470633 -0.1680576 -0.5616614 -0.0715668 0.8069519
1494876520.021866 -1.6667645 0.2027490 0.6529603 -0.1761552 -0.5680066 -0.0699277 0.8009045
1494876520.181038 -1.6847616 0.2098594 0.6576244 -0.1805120 -0.5682564 -0.0684386 0.7998851
1494876520.658496 -1.7295029 0.2341441 0.6818200 -0.1860644 -0.5637276 -0.0770577 0.8010327
1494876520.899216 -1.7522575 0.2438235 0.7011437 -0.1876446 -0.5611544 -0.0856466 0.8015984
1494876521.296950 -1.7949109 0.2570226 0.7220393 -0.1894842 -0.5614142 -0.0865482 0.8008866
1494876521.456047 -1.8151408 0.2640725 0.7263080 -0.1946540 -0.5621359 -0.0861332 0.7991834
1494876521.615181 -1.8385621 0.2707875 0.7316040 -0.1972885 -0.5644324 -0.0860963 0.7969195
1494876521.933459 -1.8774949 0.2762889 0.7437062 -0.1881465 -0.5655533 -0.0829292 0.7986696
1494876522.174234 -1.9056314 0.2799765 0.7557282 -0.1838512 -0.5671841 -0.0852740 0.7982664
1494876522.333354 -1.9229279 0.2853089 0.7648052 -0.1833323 -0.5664021 -0.0839128 0.7990848
1494876522.572078 -1.9479576 0.2931433 0.7759612 -0.1805280 -0.5633466 -0.0826902 0.8020054
1494876522.651657 -1.9562502 0.2970887 0.7797531 -0.1819079 -0.5637729 -0.0817596 0.8014892
1494876522.810776 -1.9740100 0.3027499 0.7854809 -0.1851920 -0.5638148 -0.0799462 0.8008904
1494876523.049575 -1.9997770 0.3104056 0.7915436 -0.1907925 -0.5652888 -0.0759824 0.7989202
1494876523.608613 -2.0582690 0.3213769 0.8118410 -0.1999815 -0.5665442 -0.0680374 0.7964961
1494876523.767758 -2.0759470 0.3247102 0.8186201 -0.2003317 -0.5684295 -0.0711899 0.7947875
1494876524.244853 -2.1268446 0.3331593 0.8372859 -0.1894429 -0.5718403 -0.0828079 0.7938848
1494876524.483592 -2.1469569 0.3361791 0.8507441 -0.1866701 -0.5697992 -0.0842557 0.7958543
1494876525.360096 -2.2265029 0.3396454 0.8901240 -0.1734389 -0.5664794 -0.0924265 0.8002983
1494876525.677921 -2.2517474 0.3479829 0.9008001 -0.1738149 -0.5639344 -0.0861411 0.8027117
1494876526.395584 -2.3015962 0.3556960 0.9138591 -0.1470070 -0.5654712 -0.0788981 0.8077168
1494876526.554533 -2.3117547 0.3607790 0.9163859 -0.1441101 -0.5643068 -0.0768973 0.8092446
1494876527.510663 -2.3723361 0.3799537 0.9458193 -0.1361159 -0.5484966 -0.0786666 0.8212403
1494876527.828749 -2.3954825 0.3842003 0.9677624 -0.1408153 -0.5392170 -0.0828205 0.8261700
1494876528.226314 -2.4245400 0.3859214 0.9951106 -0.1439018 -0.5279943 -0.0799029 0.8331445
1494876528.625868 -2.4557488 0.3812346 1.0138512 -0.1419239 -0.5263543 -0.0807739 0.8344365
1494876528.864405 -2.4749677 0.3831910 1.0201066 -0.1494132 -0.5244596 -0.0788957 0.8345018
1494876529.261955 -2.5093067 0.3941380 1.0251942 -0.1649203 -0.5185934 -0.0772078 0.8354049
1494876529.341482 -2.5168860 0.3978024 1.0268595 -0.1695030 -0.5173217 -0.0775588 0.8352435
1494876529.500520 -2.5310092 0.4029759 1.0278831 -0.1754751 -0.5204071 -0.0748452 0.8323360
1494876529.580013 -2.5372605 0.4047782 1.0281742 -0.1762273 -0.5231436 -0.0734725 0.8305820
1494876530.138642 -2.5769544 0.4087711 1.0244553 -0.1903930 -0.5275826 -0.0737180 0.8246046
1494876530.615695 -2.6106937 0.4103079 1.0268319 -0.1953554 -0.5247302 -0.0671180 0.8258266
1494876530.774744 -2.6205225 0.4120895 1.0283277 -0.1957064 -0.5215489 -0.0654829 0.8278875
1494876530.933761 -2.6297939 0.4166193 1.0310069 -0.1984416 -0.5202325 -0.0674309 0.8279083
1494876531.174330 -2.6466317 0.4235438 1.0359793 -0.1972744 -0.5229430 -0.0758959 0.8257440
1494876531.412870 -2.6645086 0.4334662 1.0372453 -0.1959726 -0.5250052 -0.0813139 0.8242283
1494876531.810504 -2.6942594 0.4510320 1.0339742 -0.1978398 -0.5276362 -0.0848791 0.8217390
1494876532.287629 -2.7275989 0.4593221 1.0305438 -0.1949187 -0.5299318 -0.0913922 0.8202600
1494876532.607723 -2.7525883 0.4640051 1.0353235 -0.1905814 -0.5326736 -0.1007821 0.8184013
1494876532.846281 -2.7757289 0.4703218 1.0361011 -0.1874596 -0.5332440 -0.1067701 0.8179914
1494876532.925776 -2.7837214 0.4732118 1.0359825 -0.1863697 -0.5364113 -0.1071350 0.8161197
1494876533.164337 -2.8081400 0.4848333 1.0327947 -0.1842287 -0.5456068 -0.1177561 0.8090158
1494876533.323377 -2.8246372 0.4941610 1.0349615 -0.1950455 -0.5467711 -0.1222591 0.8050163
1494876533.961883 -2.8686006 0.5131263 1.0543029 -0.2082990 -0.5295814 -0.1202893 0.8134406
1494876534.200523 -2.8897238 0.5147176 1.0583024 -0.2093236 -0.5244338 -0.1159452 0.8171350
1494876534.359627 -2.9059806 0.5169947 1.0589068 -0.2133858 -0.5242914 -0.1159262 0.8161778
1494876534.518755 -2.9238153 0.5206918 1.0564020 -0.2155285 -0.5242844 -0.1177996 0.8153506
1494876534.918532 -2.9554532 0.5306052 1.0537968 -0.2192909 -0.5225074 -0.1184720 0.8153906
1494876534.998079 -2.9610271 0.5318627 1.0550516 -0.2223248 -0.5195616 -0.1197682 0.8162616
1494876535.634527 -3.0060070 0.5433295 1.0798395 -0.2168900 -0.4966979 -0.1187366 0.8319564
1494876535.793669 -3.0201211 0.5449591 1.0842139 -0.2127612 -0.4965219 -0.1268864 0.8319246
1494876536.111881 -3.0512168 0.5450156 1.0859385 -0.2072929 -0.5005513 -0.1355766 0.8295162
1494876536.432179 -3.0758417 0.5487489 1.0931772 -0.2197710 -0.4911975 -0.1179891 0.8345683
1494876537.068793 -3.1200900 0.5609021 1.1143756 -0.2216606 -0.4740651 -0.1010527 0.8461189
1494876537.387169 -3.1439643 0.5600533 1.1244353 -0.2189573 -0.4750420 -0.1055017 0.8457317
1494876537.548367 -3.1541202 0.5569816 1.1268270 -0.2203501 -0.4750172 -0.1036581 0.8456119
1494876537.707525 -3.1660991 0.5562536 1.1234020 -0.2227118 -0.4812069 -0.0924247 0.8427912
1494876537.866687 -3.1758928 0.5581417 1.1196723 -0.2287031 -0.4826974 -0.0737271 0.8421772
1494876538.025831 -3.1864619 0.5637230 1.1165204 -0.2349215 -0.4832837 -0.0509354 0.8418161
1494876538.903222 -3.2377322 0.5907622 1.1335522 -0.2113449 -0.4841594 -0.0838419 0.8449222
1494876539.221482 -3.2576883 0.6003048 1.1325344 -0.2083038 -0.4780350 -0.0871243 0.8488235
1494876539.539797 -3.2758460 0.6098894 1.1310076 -0.2107700 -0.4751127 -0.0882338 0.8497404
1494876540.019272 -3.3012455 0.6242859 1.1368502 -0.2137939 -0.4710375 -0.0959850 0.8504133
1494876540.178383 -3.3093166 0.6285164 1.1376112 -0.2111248 -0.4732049 -0.0992431 0.8495024
1494876540.337504 -3.3205609 0.6341428 1.1373538 -0.2127218 -0.4709831 -0.0995430 0.8503032
1494876541.132823 -3.3601582 0.6544420 1.1422921 -0.2189520 -0.4609386 -0.0813200 0.8561441
1494876541.293927 -3.3680942 0.6587479 1.1433499 -0.2175709 -0.4559844 -0.0727872 0.8599088
1494876542.248596 -3.4164433 0.6784657 1.1555237 -0.2054232 -0.4473621 -0.0735207 0.8673311
1494876542.568817 -3.4369352 0.6876847 1.1582723 -0.1965858 -0.4509300 -0.0825416 0.8667197
1494876543.523540 -3.4805372 0.7127568 1.1765820 -0.1874397 -0.4469809 -0.0870726 0.8703406
1494876544.162064 -3.5055003 0.7358449 1.1824161 -0.1792772 -0.4452701 -0.0826703 0.8733612
1494876544.877980 -3.5266109 0.7667944 1.1874936 -0.1777061 -0.4425728 -0.0802848 0.8752738
1494876545.037106 -3.5323062 0.7763206 1.1902676 -0.1771347 -0.4426911 -0.0824805 0.8751256
1494876545.198239 -3.5395210 0.7851278 1.1918324 -0.1772597 -0.4441054 -0.0819521 0.8744332
1494876545.675622 -3.5596054 0.8042442 1.1930096 -0.1745235 -0.4487100 -0.0825290 0.8725765
1494876545.834766 -3.5653915 0.8083849 1.1945043 -0.1771043 -0.4468447 -0.0857128 0.8727069
1494876546.153046 -3.5776219 0.8145368 1.2051647 -0.1768873 -0.4454114 -0.0894799 0.8731054
1494876546.473385 -3.5935090 0.8162464 1.2098745 -0.1598378 -0.4485997 -0.0852772 0.8751789
1494876547.507824 -3.6381650 0.8328247 1.2260231 -0.1395443 -0.4468051 -0.1037744 0.8775668
1494876549.978493 -3.7939415 0.8536541 1.3072898 -0.1368424 -0.4486347 -0.0761535 0.8798873
1494876550.457906 -3.8195322 0.8749012 1.3102942 -0.1397187 -0.4540800 -0.0682000 0.8772906
1494876550.696645 -3.8307147 0.8870167 1.3144801 -0.1398506 -0.4587013 -0.0701336 0.8747092
1494876551.812549 -3.8765030 0.9489253 1.3446735 -0.1479041 -0.4583806 -0.0865566 0.8720778
1494876553.247078 -3.9465461 0.9934628 1.3956798 -0.1503150 -0.4584361 -0.0745800 0.8727426
1494876553.724479 -3.9757702 1.0062932 1.4041586 -0.1505813 -0.4680098 -0.0657321 0.8683153
1494876554.124424 -3.9976816 1.0155846 1.4123807 -0.1497142 -0.4715443 -0.0616239 0.8668530
1494876554.442782 -4.0101466 1.0202386 1.4222746 -0.1387897 -0.4744344 -0.0631249 0.8669860
1494876555.399995 -4.0535636 1.0641479 1.4502168 -0.1466872 -0.4724181 -0.0722867 0.8660709
1494876555.877506 -4.0686741 1.0752276 1.4649608 -0.1487765 -0.4691766 -0.0692935 0.8677196
1494876556.354974 -4.0916586 1.0852214 1.4732604 -0.1472221 -0.4758151 -0.0644964 0.8647346
1494876556.993718 -4.1225705 1.1046420 1.4869671 -0.1454899 -0.4784524 -0.0615609 0.8637860
1494876557.312067 -4.1371493 1.1120430 1.4943652 -0.1502485 -0.4820596 -0.0654262 0.8606761
1494876557.471274 -4.1441798 1.1138988 1.4974055 -0.1502660 -0.4829563 -0.0605792 0.8605252
1494876558.030381 -4.1695590 1.1222451 1.5083981 -0.1494979 -0.4921101 -0.0489264 0.8562034
1494876558.189550 -4.1775460 1.1261619 1.5111804 -0.1573755 -0.4939012 -0.0472601 0.8538507
1494876558.507869 -4.1964779 1.1300893 1.5168455 -0.1628188 -0.4996381 -0.0483098 0.8494222
1494876559.623604 -4.2684455 1.1287669 1.5714872 -0.1899762 -0.4998936 -0.0745037 0.8417034
1494876559.782651 -4.2802687 1.1198602 1.5797670 -0.1926459 -0.4972074 -0.0728841 0.8428287
1494876559.941655 -4.2920151 1.1098218 1.5862195 -0.1868725 -0.4982860 -0.0742125 0.8433755
1494876560.100680 -4.3050137 1.1015455 1.5946159 -0.1838419 -0.4991319 -0.0743955 0.8435252
1494876560.420784 -4.3296089 1.0923393 1.6195064 -0.1795081 -0.4976426 -0.0864947 0.8441844
1494876560.579828 -4.3432627 1.0889866 1.6280861 -0.1811375 -0.4971832 -0.0931718 0.8433962
1494876560.738856 -4.3581176 1.0868769 1.6356435 -0.1838902 -0.5000308 -0.0983608 0.8405229
1494876560.897936 -4.3754902 1.0862783 1.6445003 -0.1939991 -0.5053657 -0.0956826 0.8353531
1494876561.215985 -4.4094939 1.0764558 1.6613715 -0.2009671 -0.5059726 -0.0933533 0.8336001
1494876561.375046 -4.4229279 1.0667628 1.6708860 -0.1995027 -0.5050610 -0.0914701 0.8347127
1494876561.534083 -4.4372225 1.0562179 1.6761527 -0.1983014 -0.5044755 -0.0915208 0.8353473
1494876561.695135 -4.4523969 1.0462667 1.6810265 -0.1942531 -0.5082561 -0.0964078 0.8334549
1494876561.854193 -4.4674430 1.0405662 1.6843414 -0.1882722 -0.5087543 -0.0973907 0.8344086
1494876562.013265 -4.4811983 1.0394642 1.6911454 -0.1861589 -0.5091965 -0.0946141 0.8349323
1494876562.172313 -4.4930239 1.0417225 1.7018881 -0.1899086 -0.5048815 -0.0888686 0.8373361
1494876562.649526 -4.5278640 1.0432875 1.7164471 -0.2081179 -0.4952371 -0.0778413 0.8398619
1494876562.808593 -4.5420442 1.0410595 1.7213306 -0.2065764 -0.4953154 -0.0807914 0.8399176
1494876563.128748 -4.5676761 1.0293765 1.7370079 -0.1845361 -0.5007917 -0.0822502 0.8416585
1494876563.287832 -4.5763578 1.0250281 1.7467201 -0.1815256 -0.4979831 -0.0874188 0.8434567
1494876563.446881 -4.5853977 1.0214878 1.7557473 -0.1779644 -0.4955867 -0.0888498 0.8454752
1494876563.605948 -4.5938730 1.0197065 1.7641621 -0.1760935 -0.4946088 -0.0879564 0.8465323
1494876563.765014 -4.6022677 1.0187873 1.7716770 -0.1740224 -0.4947849 -0.0917303 0.8464571
1494876564.083141 -4.6209650 1.0212700 1.7867224 -0.1868194 -0.4874806 -0.0933966 0.8477843
1494876564.403355 -4.6422338 1.0211787 1.8000360 -0.1821220 -0.4898303 -0.0910146 0.8477112
1494876564.721564 -4.6598678 1.0225272 1.8092058 -0.1786278 -0.4927786 -0.0917666 0.8466642
1494876564.880681 -4.6687078 1.0241604 1.8129661 -0.1819513 -0.4932598 -0.0947429 0.8453474
1494876565.358160 -4.6917028 1.0266364 1.8262689 -0.1868403 -0.4908724 -0.0920656 0.8459663
1494876565.678343 -4.7043052 1.0277113 1.8326166 -0.1804211 -0.4900615 -0.0869236 0.8483704
1494876565.837429 -4.7112422 1.0318141 1.8360648 -0.1811295 -0.4906724 -0.0822963 0.8483278
1494876566.793753 -4.7492466 1.0685831 1.8491156 -0.1827935 -0.4962052 -0.0735902 0.8455480
1494876566.952807 -4.7568307 1.0768782 1.8530536 -0.1840723 -0.4950514 -0.0708245 0.8461828
1494876567.111607 -4.7628317 1.0840032 1.8562255 -0.1821346 -0.4955592 -0.0685387 0.8464931
1494876567.270459 -4.7694321 1.0904886 1.8573914 -0.1827009 -0.4987113 -0.0724977 0.8441869
1494876567.588135 -4.7842345 1.1026216 1.8591037 -0.1808365 -0.5050367 -0.0786259 0.8402703
1494876567.747006 -4.7899795 1.1096514 1.8606653 -0.1773209 -0.5064471 -0.0763345 0.8403818
1494876567.905861 -4.7951422 1.1177392 1.8623087 -0.1789305 -0.5057678 -0.0765314 0.8404319
1494876568.066757 -4.8013358 1.1252171 1.8657310 -0.1806225 -0.5075730 -0.0803962 0.8386189
1494876568.384519 -4.8116674 1.1345019 1.8726821 -0.1825857 -0.5061069 -0.0843044 0.8386959
1494876568.861196 -4.8283887 1.1407886 1.8856912 -0.1793385 -0.5004418 -0.0801142 0.8431948
1494876569.896014 -4.8831010 1.1621130 1.9124246 -0.1832634 -0.5107930 -0.0879755 0.8353236
1494876570.054879 -4.8909745 1.1618747 1.9179819 -0.1838279 -0.5108064 -0.0887543 0.8351089
1494876570.372662 -4.9098902 1.1615306 1.9300692 -0.1822066 -0.5141911 -0.0848215 0.8337947
1494876570.531534 -4.9213305 1.1637526 1.9344800 -0.1801358 -0.5182710 -0.0841590 0.8317833
1494876570.692430 -4.9328141 1.1674434 1.9375830 -0.1806338 -0.5223225 -0.0829977 0.8292539
1494876570.851311 -4.9434519 1.1736817 1.9420745 -0.1853261 -0.5226652 -0.0800497 0.8282918
1494876571.327931 -4.9676986 1.1864575 1.9604826 -0.1829411 -0.5234879 -0.0887135 0.8274195
1494876571.725513 -4.9872069 1.1872271 1.9801042 -0.1825990 -0.5205330 -0.0933060 0.8288528
1494876572.204891 -5.0115891 1.1877401 1.9955962 -0.1788604 -0.5212169 -0.0845039 0.8301813
1494876572.682123 -5.0342278 1.1920655 2.0117018 -0.1812072 -0.5221480 -0.0889585 0.8286204
1494876572.841204 -5.0419636 1.1946301 2.0157664 -0.1814081 -0.5233827 -0.0855932 0.8281519
1494876573.161395 -5.0575366 1.2006795 2.0221887 -0.1862006 -0.5252402 -0.0855535 0.8259132
1494876573.956912 -5.0843744 1.2144965 2.0410395 -0.1921905 -0.5242911 -0.0756142 0.8261138
1494876574.436220 -5.0941210 1.2224507 2.0499110 -0.1903306 -0.5214299 -0.0757889 0.8283364
1494876574.595348 -5.0986238 1.2273624 2.0496922 -0.1913270 -0.5240520 -0.0783269 0.8262132
1494876575.072829 -5.1188226 1.2479975 2.0496418 -0.1957577 -0.5312044 -0.0782929 0.8205919
1494876575.391070 -5.1296687 1.2577562 2.0511818 -0.2022899 -0.5335459 -0.0780179 0.8175089
1494876575.629776 -5.1361313 1.2603953 2.0529058 -0.2015144 -0.5336607 -0.0694585 0.8183971
1494876575.790945 -5.1416364 1.2613622 2.0539300 -0.1978051 -0.5364231 -0.0665005 0.8177415
1494876576.189018 -5.1530180 1.2727859 2.0564139 -0.1899732 -0.5385497 -0.0652503 0.8183012
1494876576.348257 -5.1585355 1.2804635 2.0557501 -0.1887451 -0.5406275 -0.0657056 0.8171780
1494876576.507491 -5.1645646 1.2896950 2.0543914 -0.1878222 -0.5423003 -0.0645981 0.8163701
1494876576.666729 -5.1703510 1.3000550 2.0528548 -0.1909951 -0.5442924 -0.0656284 0.8142233
1494876578.421947 -5.2184711 1.3293902 2.0699754 -0.2078759 -0.5468520 -0.0766286 0.8073838
1494876578.740251 -5.2314358 1.3210379 2.0738897 -0.2041753 -0.5499322 -0.0735569 0.8065212
1494876579.138238 -5.2435760 1.3147788 2.0798440 -0.2093027 -0.5485551 -0.0708249 0.8063893
1494876579.297456 -5.2502494 1.3133292 2.0836005 -0.2081748 -0.5488163 -0.0729826 0.8063111
1494876579.617973 -5.2615161 1.3074985 2.0885057 -0.2001924 -0.5507931 -0.0739364 0.8068974
1494876579.936480 -5.2731233 1.3058083 2.0900750 -0.1958709 -0.5539806 -0.0754432 0.8056355
1494876580.095681 -5.2806945 1.3057287 2.0903249 -0.2031870 -0.5543451 -0.0813545 0.8029932
1494876580.254885 -5.2880955 1.3027934 2.0909452 -0.2043435 -0.5578530 -0.0880952 0.7995518
1494876580.732529 -5.3008466 1.2904658 2.0954490 -0.1818410 -0.5600364 -0.0735668 0.8049105
1494876580.893761 -5.3057976 1.2924049 2.0971394 -0.1793672 -0.5604617 -0.0727381 0.8052449
1494876581.132529 -5.3127003 1.3003968 2.0990057 -0.1764441 -0.5596108 -0.0703923 0.8066896
1494876581.450682 -5.3243484 1.3169391 2.1011114 -0.1836810 -0.5618654 -0.0739132 0.8031846
1494876581.768823 -5.3354626 1.3284501 2.1061878 -0.1949041 -0.5612925 -0.0757316 0.8007671
1494876581.927915 -5.3409848 1.3285606 2.1074567 -0.1922288 -0.5624423 -0.0790568 0.8002854
1494876582.248123 -5.3537598 1.3277199 2.1072626 -0.1860217 -0.5664434 -0.0748119 0.7993378
1494876582.566299 -5.3680706 1.3295183 2.1074572 -0.1808312 -0.5717216 -0.0723457 0.7969947
1494876582.884525 -5.3786082 1.3309908 2.1132898 -0.1785316 -0.5705041 -0.0755446 0.7980881
1494876583.523221 -5.3955016 1.3307981 2.1268415 -0.1734654 -0.5737289 -0.0817872 0.7962762
1494876583.682422 -5.4034710 1.3343935 2.1283269 -0.1737466 -0.5801567 -0.0783753 0.7918887
1494876584.000748 -5.4149432 1.3467207 2.1262884 -0.1804502 -0.5894648 -0.0742713 0.7838705
1494876584.159909 -5.4204955 1.3550504 2.1262727 -0.1901329 -0.5875975 -0.0809355 0.7823223
1494876584.319096 -5.4256434 1.3616016 2.1280289 -0.1967448 -0.5880671 -0.0893336 0.7794152
1494876584.557865 -5.4319472 1.3690706 2.1353116 -0.2074726 -0.5851419 -0.0995465 0.7775954
1494876585.196621 -5.4642849 1.3737277 2.1577258 -0.2016512 -0.5916951 -0.1068250 0.7731895
1494876585.355820 -5.4761853 1.3745145 2.1606421 -0.2005530 -0.5947939 -0.1064811 0.7711423
1494876585.515012 -5.4872150 1.3738523 2.1630788 -0.1953317 -0.5997667 -0.1071473 0.7685343
1494876585.674217 -5.4964457 1.3720851 2.1677327 -0.1933678 -0.6006054 -0.1100483 0.7679657
1494876585.833413 -5.5063648 1.3681151 2.1747737 -0.1900288 -0.6010979 -0.1139513 0.7678447
1494876586.074216 -5.5216470 1.3601911 2.1837239 -0.1846143 -0.6023206 -0.1154769 0.7679794
1494876586.233402 -5.5329819 1.3568174 2.1877093 -0.1803839 -0.6050637 -0.1166888 0.7666442
1494876586.392557 -5.5430131 1.3552059 2.1927905 -0.1782206 -0.6060551 -0.1141710 0.7667462
1494876586.551713 -5.5528307 1.3563399 2.1978397 -0.1788540 -0.6050571 -0.1068562 0.7684394
1494876586.710898 -5.5626612 1.3577652 2.2023335 -0.1803389 -0.6025988 -0.1023663 0.7706320
1494876586.870019 -5.5760746 1.3603442 2.2068982 -0.1872697 -0.6045950 -0.1019292 0.7674668
1494876587.029166 -5.5882449 1.3615060 2.2091994 -0.1881237 -0.6079414 -0.0979980 0.7651229
1494876587.349478 -5.6121292 1.3637704 2.2115970 -0.1967487 -0.6139637 -0.0938175 0.7586414
1494876587.667791 -5.6274695 1.3640671 2.2157340 -0.2032109 -0.6060911 -0.0725960 0.7655643
1494876588.065800 -5.6500874 1.3509163 2.2129307 -0.1931945 -0.5994214 -0.0852951 0.7720717
1494876588.784309 -5.6878629 1.3520318 2.2141891 -0.1940064 -0.5836646 -0.0799825 0.7844106
1494876588.943462 -5.6985884 1.3567035 2.2126551 -0.1963881 -0.5824746 -0.0786479 0.7848372
1494876589.102602 -5.7082591 1.3635283 2.2089653 -0.2012270 -0.5832866 -0.0763894 0.7832299
1494876589.261670 -5.7201324 1.3706263 2.2036481 -0.2052101 -0.5839552 -0.0728770 0.7820321
1494876589.420827 -5.7320685 1.3794088 2.1981401 -0.2075847 -0.5867126 -0.0572939 0.7806370
1494876589.579932 -5.7447805 1.3868461 2.1926379 -0.2060978 -0.5906999 -0.0338761 0.7793906
1494876591.811534 -5.9001923 1.4335515 2.2036264 -0.1885531 -0.5188754 -0.0814355 0.8298098
1494876591.970660 -5.9138298 1.4347178 2.2077048 -0.1863965 -0.5123575 -0.0844876 0.8340312
1494876592.129791 -5.9301395 1.4350681 2.2145498 -0.1841475 -0.5074725 -0.0880070 0.8371477
1494876592.529593 -5.9645691 1.4330840 2.2236371 -0.1795276 -0.4999481 -0.0940733 0.8420048
1494876592.768241 -5.9839377 1.4321032 2.2253380 -0.1826605 -0.4957823 -0.0952418 0.8436611
1494876592.927336 -6.0002508 1.4314337 2.2276223 -0.1893470 -0.4907236 -0.0965447 0.8449954
1494876594.042606 -6.0994282 1.4519703 2.2363763 -0.1983509 -0.4601588 -0.1183736 0.8572623
1494876594.599215 -6.1339693 1.4574012 2.2529957 -0.1980997 -0.4274457 -0.1221257 0.8735743
1494876594.998883 -6.1653786 1.4577901 2.2609396 -0.1997778 -0.4126561 -0.1215917 0.8803518
1494876595.158000 -6.1789756 1.4581019 2.2652576 -0.1999821 -0.4070143 -0.1171104 0.8835337
1494876595.953405 -6.2484393 1.4920100 2.2599046 -0.2076866 -0.4289870 -0.1580511 0.8647869
1494876596.432695 -6.2793770 1.4974389 2.2665029 -0.2112435 -0.4052387 -0.1559905 0.8756853
1494876596.591830 -6.2940645 1.4999962 2.2671328 -0.2090251 -0.4018204 -0.1495769 0.8789060
1494876596.989494 -6.3219957 1.5114565 2.2699203 -0.2175906 -0.3826815 -0.1447523 0.8861467
1494876597.307622 -6.3600278 1.5183580 2.2778141 -0.2144442 -0.3755945 -0.1676972 0.8859007
1494876597.707327 -6.3924184 1.5239221 2.2905657 -0.2040603 -0.3575289 -0.1609440 0.8970115
1494876597.786882 -6.3944077 1.5261273 2.2915518 -0.2033627 -0.3509078 -0.1564437 0.9005736
1494876598.264094 -6.4129438 1.5461812 2.3003078 -0.1987458 -0.3162276 -0.1295115 0.9185461
1494876598.423172 -6.4117875 1.5480651 2.2967758 -0.1856904 -0.3092006 -0.1271612 0.9239827
1494876676.060113 -6.2872677 1.8950912 5.2396016 -0.0097938 0.8663477 -0.1124550 0.4865179
1494876676.298787 -6.2759900 1.8958154 5.2347226 -0.0096444 0.8663002 -0.1209755 0.4845575
1494876676.378351 -6.2722621 1.8961452 5.2357697 -0.0079721 0.8676010 -0.1211545 0.4822101
1494876676.698719 -6.2569981 1.9007467 5.2268963 -0.0081536 0.8707491 -0.1190915 0.4770187
1494876676.937585 -6.2459736 1.8985494 5.2172575 -0.0056730 0.8703897 -0.1221343 0.4769411
1494876677.096851 -6.2327633 1.8960048 5.2166495 -0.0081109 0.8694434 -0.1304749 0.4764229
1494876677.176481 -6.2294540 1.8959368 5.2135081 -0.0079860 0.8671086 -0.1344325 0.4795694
1494876677.256124 -6.2245870 1.8943104 5.2117543 -0.0088002 0.8659877 -0.1363119 0.4810477
1494876677.494973 -6.2106800 1.8877969 5.2096977 -0.0141515 0.8676438 -0.1436226 0.4757801
1494876677.574605 -6.2060976 1.8863691 5.2071195 -0.0171813 0.8672369 -0.1516180 0.4739378
1494876677.735910 -6.1959362 1.8815352 5.2054424 -0.0231139 0.8660916 -0.1581295 0.4736519
1494876677.974791 -6.1806531 1.8916342 5.2059932 -0.0212126 0.8642545 -0.1573433 0.4773439
1494876680.206253 -6.0573969 1.8732572 5.1675200 -0.0001919 0.8653814 -0.1353235 0.4824964
1494876680.287881 -6.0503631 1.8717030 5.1689420 0.0003468 0.8654459 -0.1350187 0.4824658
1494876680.447138 -6.0387897 1.8631792 5.1656070 -0.0020853 0.8652124 -0.1311453 0.4839464
1494876681.482412 -5.9783444 1.7953416 5.1410189 -0.0107520 0.8641097 -0.1325501 0.4854167
1494876681.643748 -5.9675789 1.7854644 5.1400700 -0.0112706 0.8638451 -0.1328218 0.4858014
1494876681.723376 -5.9646111 1.7783135 5.1359587 -0.0124400 0.8638653 -0.1339427 0.4854290
1494876681.882671 -5.9574399 1.7659668 5.1340747 -0.0115693 0.8641456 -0.1341592 0.4848917
1494876682.280899 -5.9348307 1.7391450 5.1127343 -0.0105683 0.8647171 -0.1317198 0.4845643
1494876682.599522 -5.9179411 1.7136974 5.1084061 -0.0100207 0.8639531 -0.1332264 0.4855259
1494876683.398103 -5.8853412 1.6723303 5.0963321 -0.0005350 0.8695330 -0.1260252 0.4775245
1494876683.557310 -5.8765244 1.6704026 5.0900126 0.0003191 0.8693170 -0.1265399 0.4777820
1494876683.636940 -5.8709145 1.6690902 5.0888176 0.0017413 0.8691576 -0.1272452 0.4778816
1494876684.435177 -5.8229675 1.6613373 5.0886741 -0.0088614 0.8639718 -0.1548983 0.4790416
1494876684.594460 -5.8161788 1.6632168 5.0876899 -0.0082728 0.8640164 -0.1546987 0.4790362
1494876684.753711 -5.8073015 1.6753377 5.0733662 -0.0077604 0.8644457 -0.1562844 0.4777538
1494876684.912929 -5.8013253 1.6760254 5.0751648 -0.0024799 0.8688249 -0.1542563 0.4704702
1494876686.029221 -5.7323799 1.6651227 5.0381551 -0.0151567 0.8714758 -0.1524926 0.4658824
1494876686.667691 -5.6905603 1.6304462 5.0212927 -0.0047151 0.8700511 -0.1609460 0.4659243
1494876686.826831 -5.6770267 1.6209764 5.0194387 -0.0050499 0.8691782 -0.1620366 0.4671700
1494876686.985963 -5.6658583 1.6145071 5.0153704 -0.0049179 0.8671494 -0.1644049 0.4701052
1494876687.145061 -5.6545920 1.6089243 5.0088921 0.0009684 0.8671308 -0.1637343 0.4703982
1494876687.942693 -5.6033726 1.5796571 4.9888616 0.0101525 0.8673089 -0.1573204 0.4721468
1494876688.101820 -5.5910945 1.5728344 4.9885850 0.0093373 0.8667049 -0.1555445 0.4738579
1494876688.260971 -5.5789089 1.5663505 4.9843502 0.0085944 0.8654221 -0.1541583 0.4766612
1494876688.420105 -5.5677528 1.5610294 4.9839840 0.0074387 0.8652132 -0.1530491 0.4774167
1494876688.738373 -5.5445781 1.5548701 4.9739752 0.0081136 0.8630595 -0.1484338 0.4827316
1494876688.976712 -5.5269279 1.5527266 4.9682360 0.0065153 0.8603801 -0.1474689 0.4878078
1494876689.296495 -5.5039511 1.5445337 4.9637671 0.0136960 0.8586378 -0.1427906 0.4921021
1494876689.455427 -5.4916492 1.5428009 4.9622536 0.0168248 0.8580209 -0.1395227 0.4940147
1494876689.932083 -5.4539351 1.5296263 4.9540200 0.0177893 0.8541170 -0.1386711 0.5009372
1494876690.649890 -5.4002247 1.5132436 4.9316258 0.0029495 0.8518071 -0.1440098 0.5036638
1494876690.809014 -5.3913574 1.5076978 4.9264331 0.0003629 0.8525106 -0.1448432 0.5022410
1494876690.968195 -5.3832922 1.4990726 4.9218431 -0.0011209 0.8530899 -0.1429116 0.5018094
1494876691.127347 -5.3750391 1.4973111 4.9172277 0.0001390 0.8529959 -0.1428547 0.5019865
1494876691.765841 -5.3377285 1.4673759 4.9015455 0.0222633 0.8519638 -0.1398301 0.5040929
1494876691.924970 -5.3293667 1.4630543 4.9007478 0.0220184 0.8517273 -0.1388486 0.5047740
1494876692.402301 -5.2978525 1.4487119 4.8894095 0.0146380 0.8522233 -0.1328367 0.5058219
1494876692.561390 -5.2912173 1.4460731 4.8835015 0.0125760 0.8521004 -0.1333955 0.5059370
1494876692.720476 -5.2838464 1.4432142 4.8804498 0.0116302 0.8523974 -0.1328829 0.5055943
1494876693.597654 -5.2398596 1.4304924 4.8663778 0.0229602 0.8491345 -0.1246297 0.5127484
1494876694.395602 -5.1942472 1.4315106 4.8538637 0.0101499 0.8462554 -0.1212712 0.5186927
1494876694.793531 -5.1743464 1.4286083 4.8476605 0.0111536 0.8455883 -0.1176476 0.5205910
1494876695.111905 -5.1603355 1.4285456 4.8384318 0.0090603 0.8459729 -0.1182687 0.5198657
1494876695.271117 -5.1525784 1.4290491 4.8368101 0.0071654 0.8460885 -0.1148490 0.5204734
1494876695.591566 -5.1321678 1.4209822 4.8270273 0.0038285 0.8450716 -0.1028593 0.5246516
1494876696.546257 -5.0961838 1.3898947 4.8140206 0.0170264 0.8458267 -0.1090708 0.5219108
1494876696.866495 -5.0810442 1.3835292 4.8056026 0.0191404 0.8473960 -0.0990485 0.5212899
1494876697.025595 -5.0705628 1.3811336 4.8011580 0.0166603 0.8466983 -0.0970114 0.5228892
1494876697.423346 -5.0516300 1.3681142 4.8026423 0.0127495 0.8428668 -0.1031463 0.5279904
1494876697.582476 -5.0425267 1.3632556 4.8009329 0.0100918 0.8407021 -0.1055248 0.5310203
1494876697.741565 -5.0348077 1.3616263 4.8052015 0.0069247 0.8385872 -0.1098529 0.5335316
1494876698.141178 -5.0172892 1.3506486 4.7989650 0.0048181 0.8370479 -0.1059126 0.5367588
1494876698.935501 -4.9824839 1.3602098 4.7848973 -0.0028241 0.8392026 -0.1118871 0.5321769
1494876699.573949 -4.9506044 1.3645412 4.7757249 -0.0020446 0.8382933 -0.1094951 0.5341075
1494876699.812678 -4.9388065 1.3655710 4.7701554 -0.0015615 0.8371050 -0.1124815 0.5353510
1494876699.971884 -4.9355392 1.3657578 4.7679658 -0.0013119 0.8371810 -0.1136702 0.5349815
1494876700.131047 -4.9311275 1.3674952 4.7700415 -0.0010352 0.8378265 -0.1144482 0.5338046
1494876701.406388 -4.8691015 1.3515427 4.7457395 0.0045069 0.8398137 -0.0976153 0.5340074
1494876701.804237 -4.8476887 1.3345344 4.7394681 0.0010645 0.8393250 -0.0943097 0.5353860
1494876702.601984 -4.8039007 1.3099226 4.7356806 -0.0010037 0.8300958 -0.0596018 0.5544255
1494876703.158976 -4.7771492 1.2777057 4.7078958 -0.0048437 0.8317840 -0.1041073 0.5452280
1494876703.558879 -4.7572045 1.2601724 4.7058339 -0.0014147 0.8303660 -0.1124814 0.5457457
1494876705.231854 -4.6820383 1.2456619 4.6685524 0.0158501 0.8473278 -0.1167715 0.5178309
1494876705.550154 -4.6736431 1.2438803 4.6696486 0.0174308 0.8478667 -0.1135838 0.5176069
1494876707.224983 -4.5800571 1.2394339 4.6268563 0.0125972 0.8490720 -0.0977048 0.5190105
1494876707.384116 -4.5713015 1.2375194 4.6248708 0.0134489 0.8489865 -0.0999722 0.5186970
1494876707.702402 -4.5487881 1.2294958 4.6261110 0.0101524 0.8487847 -0.1040079 0.5183085
1494876707.861541 -4.5456467 1.2272642 4.6241274 0.0097929 0.8490811 -0.1051402 0.5176011
1494876708.420593 -4.5142822 1.2157023 4.6138315 0.0151441 0.8519094 -0.1025216 0.5133327
1494876708.738856 -4.4929399 1.2128651 4.6007671 0.0179264 0.8505207 -0.0977162 0.5164734
1494876710.013533 -4.4060421 1.2157180 4.5675664 0.0198500 0.8467110 -0.0915792 0.5237362
1494876710.172585 -4.3936281 1.2135785 4.5652890 0.0196452 0.8463534 -0.0931702 0.5240414
1494876711.606376 -4.2949519 1.1917688 4.5225849 0.0115989 0.8509520 -0.0930196 0.5168110
1494876711.765447 -4.2859411 1.1874681 4.5181198 0.0121558 0.8509623 -0.0953062 0.5163642
1494876712.083556 -4.2638087 1.1770486 4.5133786 0.0126388 0.8497925 -0.0963517 0.5180823
1494876712.244647 -4.2520537 1.1740427 4.5121460 0.0144589 0.8499157 -0.0937494 0.5183100
1494876713.199034 -4.1878943 1.1654222 4.4885354 0.0118883 0.8508988 -0.0970401 0.5161522
1494876713.439652 -4.1713581 1.1644325 4.4802852 0.0109486 0.8505995 -0.0949401 0.5170563
1494876713.916869 -4.1378756 1.1642740 4.4730549 0.0095946 0.8481601 -0.0906322 0.5218412
1494876714.553173 -4.0874109 1.1732391 4.4578176 0.0034002 0.8465456 -0.1052227 0.5218019
1494876714.793836 -4.0718956 1.1774617 4.4522333 0.0007772 0.8500032 -0.1012507 0.5169548
1494876715.509635 -4.0192842 1.1725022 4.4271278 0.0037651 0.8519306 -0.0943447 0.5150722
1494876715.668687 -4.0060530 1.1697048 4.4246449 0.0038698 0.8514268 -0.0950727 0.5157699
1494876715.988888 -3.9787524 1.1673566 4.4209981 0.0027497 0.8513260 -0.0936560 0.5162023
1494876716.307015 -3.9555800 1.1697277 4.4179683 0.0091645 0.8521146 -0.0856973 0.5162100
1494876716.466088 -3.9427116 1.1709278 4.4127088 0.0060022 0.8515307 -0.0836069 0.5175610
1494876716.704605 -3.9264979 1.1707275 4.4069219 0.0065064 0.8516506 -0.0829795 0.5174584
1494876717.181879 -3.8875334 1.1698490 4.3945513 0.0054423 0.8499854 -0.0788231 0.5208474
1494876717.343045 -3.8744197 1.1707704 4.3907547 0.0063580 0.8494667 -0.0838147 0.5209041
1494876717.740780 -3.8437333 1.1747805 4.3814287 0.0080475 0.8488122 -0.0880679 0.5212458
1494876717.979446 -3.8280795 1.1810503 4.3756342 0.0093654 0.8487651 -0.0856511 0.5217031
1494876718.218112 -3.8118398 1.1831051 4.3669186 0.0092202 0.8486095 -0.0871775 0.5217058
1494876718.456753 -3.7972040 1.1836768 4.3638773 0.0091566 0.8482637 -0.0925738 0.5213395
1494876718.856624 -3.7690091 1.1866474 4.3602595 0.0071165 0.8460004 -0.0942668 0.5247346
1494876720.052621 -3.6951103 1.1894443 4.3319879 0.0115702 0.8470750 -0.0980896 0.5222148
1494876720.371007 -3.6718969 1.1853682 4.3292608 0.0115270 0.8456150 -0.1008377 0.5240554
1494876720.609735 -3.6548686 1.1839006 4.3261013 0.0130541 0.8452333 -0.1004699 0.5247057
1494876720.768897 -3.6428201 1.1829962 4.3258171 0.0112898 0.8452936 -0.1048236 0.5237969
1494876721.407537 -3.6141820 1.1716969 4.3124437 0.0143209 0.8467767 -0.1063813 0.5210060
1494876721.805303 -3.5900004 1.1598662 4.3052568 0.0127930 0.8431257 -0.1148685 0.5251482
1494876721.964391 -3.5824306 1.1566247 4.3110514 0.0117207 0.8424831 -0.1188474 0.5253191
1494876722.123523 -3.5721147 1.1575681 4.3094134 0.0123373 0.8424377 -0.1219391 0.5246689
1494876722.364258 -3.5560579 1.1574609 4.3057771 0.0126543 0.8421961 -0.1208438 0.5253022
1494876722.523366 -3.5449731 1.1561823 4.3044043 0.0136793 0.8416825 -0.1217455 0.5258912
1494876723.000690 -3.5161955 1.1537906 4.2970648 0.0226376 0.8404099 -0.1172587 0.5286296
1494876723.477942 -3.4885809 1.1445775 4.2992010 0.0308827 0.8340932 -0.1140975 0.5388104
1494876723.639076 -3.4804707 1.1414268 4.3009586 0.0332686 0.8333012 -0.1164146 0.5393978
1494876723.798155 -3.4716990 1.1376579 4.3005586 0.0334685 0.8329010 -0.1184596 0.5395582
1494876724.116382 -3.4489241 1.1329768 4.3014326 0.0271627 0.8311394 -0.1189006 0.5425237
1494876724.752530 -3.4055123 1.1264292 4.2915030 0.0139063 0.8342655 -0.1208200 0.5377827
1494876725.072845 -3.3852227 1.1246960 4.2848344 0.0116265 0.8369105 -0.1162643 0.5347225
1494876725.391148 -3.3648205 1.1254798 4.2745275 0.0109703 0.8370750 -0.1153481 0.5346774
1494876725.709396 -3.3368566 1.1215347 4.2629480 0.0013865 0.8351774 -0.1178991 0.5371932
1494876725.868518 -3.3240874 1.1222837 4.2631340 0.0006848 0.8348391 -0.1223099 0.5367341
1494876726.027626 -3.3147614 1.1261765 4.2591176 0.0038752 0.8347600 -0.1223654 0.5368310
1494876726.586563 -3.2831051 1.1257321 4.2421684 0.0031980 0.8424187 -0.1211972 0.5250065
1494876726.984370 -3.2590768 1.1201859 4.2363615 0.0079602 0.8434794 -0.1181948 0.5239363
1494876727.463807 -3.2193131 1.1148642 4.2306480 0.0076187 0.8423475 -0.1188328 0.5256153
1494876727.941305 -3.1873918 1.1065124 4.2285023 0.0124588 0.8419526 -0.1208742 0.5256901
1494876728.100477 -3.1799653 1.1014345 4.2245445 0.0172727 0.8423850 -0.1184082 0.5254224
1494876728.339284 -3.1658063 1.0994422 4.2207327 0.0217872 0.8440241 -0.1169854 0.5229369
1494876728.818907 -3.1256437 1.0899336 4.2088947 0.0214906 0.8446000 -0.1145124 0.5225667
1494876729.057713 -3.1065955 1.0860155 4.2116017 0.0203005 0.8441369 -0.1197330 0.5221924
1494876729.535185 -3.0788090 1.0860564 4.2030039 0.0169940 0.8461469 -0.1245176 0.5179209
1494876730.014596 -3.0459764 1.0820616 4.1916852 0.0189698 0.8471427 -0.1216360 0.5169081
1494876730.173673 -3.0324132 1.0814958 4.1903758 0.0233478 0.8460467 -0.1256181 0.5175712
1494876730.332776 -3.0196753 1.0797933 4.1892462 0.0271703 0.8449287 -0.1299897 0.5181312
1494876730.491889 -3.0073934 1.0785265 4.1879072 0.0299043 0.8438615 -0.1313288 0.5193806
1494876730.810133 -2.9742343 1.0902570 4.1832161 0.0328256 0.8412541 -0.1302462 0.5236887
1494876731.207876 -2.9373052 1.0961945 4.1682119 0.0198366 0.8398567 -0.1342303 0.5255753
1494876731.369006 -2.9269447 1.0957410 4.1616879 0.0183123 0.8404621 -0.1367714 0.5240054
1494876731.607745 -2.9106214 1.0940095 4.1527243 0.0177387 0.8417357 -0.1382656 0.5215831
1494876732.085161 -2.8820317 1.0897834 4.1410866 0.0276441 0.8423204 -0.1457496 0.5181595
1494876732.323905 -2.8688588 1.0823214 4.1428699 0.0204305 0.8427083 -0.1512760 0.5162759
1494876732.803344 -2.8478823 1.0718764 4.1487598 0.0211851 0.8403957 -0.1679044 0.5148732
1494876733.678650 -2.7998407 1.0592755 4.1402550 0.0019112 0.8449442 -0.1434968 0.5152420
1494876733.919350 -2.7874961 1.0448384 4.1316490 0.0025839 0.8451874 -0.1433707 0.5148751
1494876734.157982 -2.7724676 1.0245589 4.1312780 0.0032372 0.8438492 -0.1467573 0.5161110
1494876734.317009 -2.7609849 1.0132066 4.1345654 0.0032010 0.8434312 -0.1475077 0.5165802
1494876734.953196 -2.7178602 0.9746901 4.1352501 0.0036718 0.8392510 -0.1472861 0.5234034
1494876735.750534 -2.6579394 0.9454108 4.1266508 0.0019104 0.8392155 -0.1366794 0.5263388
1494876736.627028 -2.5921183 0.9253793 4.1198549 0.0064703 0.8352765 -0.1321896 0.5336640
1494876736.786112 -2.5763428 0.9266895 4.1223693 0.0038128 0.8343383 -0.1346590 0.5345391
1494876737.104296 -2.5495200 0.9242231 4.1196876 0.0036629 0.8336509 -0.1335371 0.5358922
1494876737.742710 -2.4979081 0.9200804 4.1115675 0.0077685 0.8325434 -0.1314480 0.5380824
1494876737.901791 -2.4796259 0.9203219 4.1042576 0.0096906 0.8320313 -0.1312996 0.5388788
1494876738.219998 -2.4494958 0.9143740 4.0966835 0.0086411 0.8304187 -0.1352497 0.5404050
1494876738.379125 -2.4376767 0.9119968 4.0953264 0.0104390 0.8307972 -0.1344590 0.5399886
1494876738.697437 -2.4086342 0.9089353 4.0940299 0.0080584 0.8318210 -0.1330508 0.5388010
1494876738.938172 -2.3864021 0.9038132 4.0949965 0.0086646 0.8317714 -0.1322950 0.5390542
1494876739.097313 -2.3716772 0.9019924 4.0939636 0.0093463 0.8316076 -0.1319192 0.5393873
1494876739.415568 -2.3433414 0.8905933 4.0877929 0.0098281 0.8314468 -0.1318977 0.5396319
1494876739.574711 -2.3280921 0.8879635 4.0883808 0.0101536 0.8354872 -0.1314233 0.5334661
1494876740.451741 -2.2594607 0.8563856 4.0724058 0.0108662 0.8549914 -0.1287504 0.5022897
1494876740.690326 -2.2419176 0.8487777 4.0659719 0.0116074 0.8564535 -0.1288869 0.4997407
1494876741.087924 -2.2134104 0.8420347 4.0648518 0.0210581 0.8580866 -0.1291313 0.4965572
1494876742.283156 -2.1139965 0.8365964 4.0470967 0.0115880 0.8647540 -0.1241313 0.4864747
1494876742.521810 -2.0928941 0.8350643 4.0430746 0.0111048 0.8649922 -0.1253960 0.4857377
1494876742.680951 -2.0802422 0.8345074 4.0423603 0.0128287 0.8646702 -0.1239893 0.4866288
1494876742.842172 -2.0673761 0.8349693 4.0397406 0.0169464 0.8657626 -0.1210007 0.4853111
1494876744.912685 -1.9227650 0.7976941 3.9997258 0.0078079 0.8767295 -0.0902592 0.4723746
1494876745.071797 -1.9124877 0.7936393 3.9951823 0.0068953 0.8758387 -0.0882152 0.4744230
1494876745.392113 -1.8897216 0.7797585 3.9979153 0.0018629 0.8747124 -0.0875333 0.4766683
1494876745.789975 -1.8604951 0.7671978 3.9959359 -0.0039552 0.8744887 -0.0903611 0.4765384
1494876745.949082 -1.8493810 0.7585931 3.9938164 -0.0038688 0.8727750 -0.0935734 0.4790542
1494876746.746623 -1.8088634 0.7439883 3.9947159 -0.0059006 0.8733523 -0.1144660 0.4734115
1494876747.780597 -1.7415321 0.7387208 3.9844742 -0.0182672 0.8683960 -0.1212100 0.4804818
1494876748.259837 -1.7155581 0.7420338 3.9777031 -0.0304028 0.8704785 -0.1176381 0.4769740
1494876748.896245 -1.6876280 0.7201060 3.9718938 -0.0335969 0.8699285 -0.1316527 0.4740919
1494876749.534703 -1.6591496 0.7107638 3.9615741 -0.0346352 0.8750028 -0.1281975 0.4655490
1494876750.171079 -1.6323905 0.6739324 3.9436359 -0.0400895 0.8790198 -0.1382578 0.4545347
1494876750.809348 -1.6008496 0.6517761 3.9349966 -0.0296528 0.8818509 -0.1434786 0.4481892
1494876751.445493 -1.5627029 0.6281341 3.9290676 -0.0161674 0.8832098 -0.1285519 0.4507254
1494876751.604548 -1.5513635 0.6212173 3.9282436 -0.0153323 0.8826314 -0.1271140 0.4522930
1494876751.765660 -1.5395417 0.6165649 3.9205289 -0.0159964 0.8810313 -0.1286833 0.4549381
1494876753.040272 -1.4479287 0.5991572 3.9159055 -0.0193870 0.8788448 -0.1153696 0.4625429
1494876753.199378 -1.4355114 0.5958609 3.9142318 -0.0181896 0.8785400 -0.1126456 0.4638400
1494876753.438051 -1.4156973 0.5946580 3.9109168 -0.0226236 0.8774821 -0.1144166 0.4652120
1494876755.190238 -1.2825465 0.5505395 3.8818927 -0.0205873 0.8799239 -0.1098228 0.4617890
1494876755.589993 -1.2438428 0.5455324 3.8817277 -0.0301078 0.8766089 -0.1080876 0.4679396
1494876756.385391 -1.1702633 0.5483515 3.8664556 -0.0312459 0.8748007 -0.0951706 0.4740148
1494876758.537198 -0.9678917 0.5362945 3.8213501 -0.0281340 0.8777640 -0.0743856 0.4724464
1494876759.334610 -0.9103446 0.5162366 3.8018970 -0.0378574 0.8852789 -0.0927302 0.4541466
1494876759.652717 -0.8804102 0.5128246 3.7945108 -0.0282790 0.8876606 -0.0905457 0.4506223
1494876760.129922 -0.8237371 0.5220002 3.7893810 -0.0284075 0.8851250 -0.0750700 0.4583789
1494876762.122642 -0.6069579 0.5450120 3.7542222 -0.0235923 0.8826374 -0.0667390 0.4646941
1494876762.281794 -0.5897264 0.5468536 3.7513919 -0.0241080 0.8827990 -0.0658527 0.4644871
1494876763.077627 -0.5139365 0.5454430 3.7319877 -0.0253623 0.8845309 -0.0682421 0.4607655
1494876763.397854 -0.4813380 0.5475016 3.7234986 -0.0212727 0.8848529 -0.0656683 0.4607281
1494876763.875172 -0.4340277 0.5532034 3.7094908 -0.0206698 0.8870569 -0.0725138 0.4554608
1494876765.150112 -0.3054872 0.5409926 3.6856074 -0.0261062 0.8932061 -0.0668789 0.4438792
1494876766.265832 -0.1951261 0.5032060 3.6741092 -0.0291989 0.8968466 -0.0789159 0.4342648
1494876766.822641 -0.1500721 0.4876470 3.6601710 -0.0277046 0.9025857 -0.0714789 0.4236298
1494876767.699864 -0.0837693 0.4660976 3.6411011 -0.0183365 0.9076586 -0.0733059 0.4128508
1494876768.338539 -0.0426388 0.4572949 3.6212440 -0.0177636 0.9163621 -0.0714113 0.3935294
1494876768.895570 0.0047526 0.4493297 3.6133423 -0.0102197 0.9176670 -0.0650842 0.3918506
1494876769.054757 0.0247140 0.4494062 3.6111865 -0.0120788 0.9149409 -0.0645735 0.3982054
1494876769.373075 0.0692554 0.4567943 3.6183138 -0.0062991 0.9124236 -0.0618412 0.4044988
1494876770.568833 0.1669846 0.4741409 3.5856397 0.0296960 0.9227259 -0.0716768 0.3775681
1494876771.286975 0.2452474 0.4625265 3.5734658 0.0180334 0.9220076 -0.0883318 0.3765294
1494876772.562264 0.3300142 0.4551929 3.5432668 0.0068199 0.9345148 -0.1592974 0.3182139
1494876772.721382 0.3487978 0.4588103 3.5505681 -0.0005252 0.9366456 -0.1687763 0.3069352
1494876773.278305 0.3891518 0.4814796 3.5242300 -0.0112210 0.9484637 -0.1466200 0.2807014
1494876773.678154 0.4314206 0.4788565 3.5161650 -0.0103205 0.9503257 -0.1473538 0.2739735
1494876773.916869 0.4587629 0.4858361 3.5083899 -0.0058201 0.9515781 -0.1487558 0.2689556
1494876775.669456 0.6156638 0.4775759 3.4278004 -0.0068796 0.9698794 -0.1472930 0.1938848
1494876776.148931 0.6645436 0.4859949 3.4043632 -0.0171072 0.9751562 -0.1301592 0.1784274
1494876776.308090 0.6828783 0.4868853 3.3999586 -0.0141736 0.9760041 -0.1281881 0.1754507
1494876776.546799 0.7064714 0.4849016 3.3994625 0.0005318 0.9778158 -0.1263904 0.1670372
1494876776.865023 0.7463603 0.4795044 3.3925989 0.0101669 0.9764061 -0.1257396 0.1752636
1494876777.024106 0.7681797 0.4786760 3.3879473 0.0130870 0.9774731 -0.1196066 0.1734053
1494876777.264903 0.7925904 0.4675889 3.3745613 0.0025857 0.9781143 -0.1186426 0.1709081
1494876777.583211 0.8379664 0.4480365 3.3670013 -0.0241424 0.9781606 -0.1218926 0.1666174
1494876777.742381 0.8663206 0.4408624 3.3652508 -0.0349516 0.9775601 -0.1247601 0.1661013
1494876779.415334 1.0882578 0.3721680 3.3088477 -0.0222402 0.9871572 -0.1247587 0.0972701
1494876779.815315 1.1386704 0.3703502 3.2900562 -0.0085913 0.9888052 -0.1218016 0.0857602
1494876780.372335 1.1707649 0.3486658 3.2601213 -0.0071018 0.9927818 -0.1122946 0.0415199
1494876780.531521 1.1856899 0.3355193 3.2581358 -0.0041844 0.9924630 -0.1173179 0.0351602
1494876780.690710 1.2034434 0.3267857 3.2559359 0.0026539 0.9921511 -0.1210135 0.0313836
1494876781.011076 1.2453367 0.3149951 3.2467141 0.0203672 0.9921201 -0.1187313 0.0344333
1494876781.329500 1.2919400 0.3049065 3.2286704 0.0291443 0.9927195 -0.1076340 0.0455359
1494876781.488667 1.3160278 0.3012210 3.2181184 0.0234732 0.9928495 -0.1036757 0.0543167
1494876781.647841 1.3402884 0.2929784 3.2056973 0.0197993 0.9932024 -0.0979210 0.0597355
1494876781.807002 1.3572531 0.2825025 3.1921499 0.0135554 0.9932017 -0.0951386 0.0656905
1494876781.966145 1.3733382 0.2734371 3.1811140 0.0069483 0.9932289 -0.0931740 0.0690410
1494876782.125321 1.3881693 0.2655222 3.1737678 0.0080611 0.9935310 -0.0916227 0.0666074
1494876782.286549 1.4002962 0.2550321 3.1654890 0.0159163 0.9933119 -0.0924465 0.0673189
1494876782.604980 1.4258626 0.2298281 3.1461215 0.0191850 0.9923758 -0.0992662 0.0704876
1494876783.721114 1.5193942 0.1585181 3.0845587 0.0068113 0.9929271 -0.1045019 0.0559353
1494876784.039388 1.5378201 0.1478002 3.0705428 0.0189428 0.9934381 -0.1048650 0.0415354
1494876784.755518 1.5823076 0.1291724 3.0353196 0.0320816 0.9936194 -0.1050391 0.0256521
1494876785.314558 1.6164297 0.1144848 3.0090139 0.0262715 0.9940063 -0.1055364 0.0111105
1494876788.024234 1.7213398 0.0494263 2.8804426 -0.0458448 -0.9805549 0.1058888 0.1587386
1494876788.822178 1.7321298 0.0271895 2.8425643 -0.0844760 -0.9706737 0.1169319 0.1923108
1494876789.060897 1.7376978 0.0208013 2.8328931 -0.0928153 -0.9678967 0.1213791 0.1995708
1494876789.538370 1.7493969 0.0041066 2.8018482 -0.0906526 -0.9657660 0.1118512 0.2157952
1494876789.856720 1.7550304 -0.0126252 2.7821455 -0.0696177 -0.9665633 0.1086471 0.2215954
1494876790.017887 1.7664846 -0.0196392 2.7737823 -0.0630205 -0.9660229 0.1106299 0.2249205
1494876790.336109 1.7788596 -0.0316249 2.7564793 -0.0690278 -0.9641216 0.1082007 0.2323734
1494876791.372315 1.8173766 -0.0650043 2.6695976 -0.0567614 -0.9651419 0.0820535 0.2419639
1494876791.849566 1.8442206 -0.0876918 2.6378930 -0.0576757 -0.9628758 0.0808105 0.2510246
1494876792.167690 1.8530349 -0.0990982 2.6120691 -0.0649966 -0.9617863 0.0840150 0.2523572
1494876793.442578 1.8861706 -0.1382661 2.5343461 -0.0748663 -0.9503414 0.0832950 0.2903588
1494876794.081174 1.9109436 -0.1494679 2.4746480 -0.0904603 -0.9491413 0.0845921 0.2894683
1494876794.399500 1.9265480 -0.1544364 2.4412856 -0.0923171 -0.9473706 0.0867830 0.2939985
1494876794.717781 1.9338096 -0.1569201 2.4133291 -0.0940444 -0.9438148 0.0803879 0.3064426
1494876795.833486 1.6862195 -0.1926894 2.4418616 -0.0724334 -0.9700994 0.0672262 0.2216780
1494876796.948824 1.6638582 -0.2084762 2.3688924 -0.0479329 -0.9711363 0.0647326 0.2245139
1494876797.904796 1.9751530 -0.2704779 2.1774645 -0.0873618 -0.9241539 0.0811800 0.3629290
1494876801.568476 2.0245070 -0.3240862 1.8306353 -0.0854002 -0.9083541 0.0607430 0.4048579
1494876802.842620 2.0260885 -0.3444364 1.7342565 -0.0275536 -0.8972865 0.0647770 0.4358000
1494876804.989140 2.0210800 -0.3942368 1.6012907 -0.0301386 -0.8685271 0.0294000 0.4938503
1494876805.148002 2.0182507 -0.4033962 1.5926135 -0.0349221 -0.8671032 0.0297831 0.4960096
1494876805.308884 2.0171044 -0.4116927 1.5785587 -0.0389972 -0.8673269 0.0296611 0.4953216
1494876807.694260 1.9855186 -0.4527371 1.3597982 -0.0895223 -0.8549097 -0.0133262 0.5108206
1494876808.252408 1.9649906 -0.4586183 1.3049498 -0.0867016 -0.8506281 -0.0273288 0.5178491
1494876810.163631 1.8966684 -0.4912814 1.1040577 -0.0838497 -0.8275455 -0.0375646 0.5538290
1494876810.324713 1.8898139 -0.4937866 1.0890386 -0.0685262 -0.8265408 -0.0309459 0.5578324
1494876810.642994 1.8891397 -0.4950846 1.0558857 -0.0518337 -0.8178425 -0.0210264 0.5727170
1494876811.917835 1.8346944 -0.4644283 0.9165908 -0.0877713 -0.7791047 -0.0490210 0.6187803
1494876812.076950 1.8245249 -0.4607587 0.8969431 -0.0799706 -0.7771360 -0.0551178 0.6217928
1494876813.113078 1.7659199 -0.4922900 0.8025118 -0.0845476 -0.7468997 -0.0340707 0.6586591
1494876813.908509 1.7189074 -0.4655772 0.7119524 -0.0886772 -0.7414748 -0.0585464 0.6625133
1494876814.387882 1.6979246 -0.4595365 0.6754445 -0.0886275 -0.7235305 -0.0487295 0.6828427
1494876816.378637 1.5982766 -0.4076115 0.5014565 -0.1237315 -0.6902190 -0.0404692 0.7117938
1494876816.857941 1.5631008 -0.3961564 0.4672294 -0.1226239 -0.6779506 -0.0460945 0.7233407
1494876817.017090 1.5520018 -0.3989572 0.4597895 -0.1109122 -0.6744339 -0.0523431 0.7280780
1494876817.176167 1.5402478 -0.4030061 0.4528639 -0.0992043 -0.6689016 -0.0602512 0.7342336
1494876819.725861 1.3937007 -0.3764899 0.2823642 -0.0284538 -0.5811979 -0.0704061 0.8102113
1494876819.885041 1.3863361 -0.3761601 0.2761220 -0.0273431 -0.5768061 -0.0690929 0.8134945
1494876820.283069 1.3675898 -0.3707330 0.2537431 -0.0320711 -0.5668672 -0.0636318 0.8207216
1494876820.442280 1.3575389 -0.3657719 0.2424301 -0.0391935 -0.5647603 -0.0604851 0.8221017
1494876820.603561 1.3479931 -0.3570406 0.2295321 -0.0449542 -0.5599931 -0.0573631 0.8252856
1494876821.081170 1.3160236 -0.3364391 0.2021969 -0.0658011 -0.5471789 -0.0662305 0.8317927
1494876821.879129 1.2754951 -0.3149030 0.1621670 -0.0589646 -0.5363159 -0.0750745 0.8386013
1494876822.197540 1.2572501 -0.3028205 0.1441356 -0.0663985 -0.5341358 -0.0679964 0.8400397
1494876822.515923 1.2331679 -0.2888986 0.1188291 -0.0668075 -0.5429184 -0.0668955 0.8344467
1494876822.675079 1.2202141 -0.2805625 0.1048054 -0.0669889 -0.5468201 -0.0694996 0.8316671
1494876822.993501 1.1969101 -0.2640093 0.0810933 -0.0733847 -0.5513629 -0.0812719 0.8270481
1494876823.154687 1.1852670 -0.2577002 0.0711982 -0.0718500 -0.5541441 -0.0867382 0.8247657
1494876823.313843 1.1746761 -0.2552892 0.0587957 -0.0692158 -0.5573692 -0.0897144 0.8224963
1494876823.473018 1.1684089 -0.2485304 0.0452963 -0.0701759 -0.5575253 -0.0878063 0.8225150
1494876823.791396 1.1489677 -0.2400594 0.0243196 -0.0877241 -0.5543866 -0.0815413 0.8235964
1494876823.950601 1.1352992 -0.2370443 0.0152378 -0.0922940 -0.5521014 -0.0746430 0.8252844
1494876824.109773 1.1231638 -0.2365701 0.0054120 -0.0923055 -0.5546536 -0.0705231 0.8239330
1494876824.430274 1.0948172 -0.2298065 -0.0158934 -0.0930932 -0.5553411 -0.0693817 0.8234781
1494876824.589470 1.0809853 -0.2278715 -0.0243670 -0.0901559 -0.5509599 -0.0747051 0.8262773
1494876824.748635 1.0686563 -0.2283539 -0.0289451 -0.0866222 -0.5458264 -0.0808530 0.8294775
1494876824.907824 1.0534408 -0.2317840 -0.0301341 -0.0829871 -0.5427149 -0.0876715 0.8311964
1494876825.226136 1.0290127 -0.2407729 -0.0404247 -0.0714852 -0.5408664 -0.0924197 0.8329538
1494876825.385329 1.0178558 -0.2451804 -0.0449988 -0.0729229 -0.5366992 -0.0910050 0.8356760
1494876825.544511 1.0048932 -0.2491913 -0.0508782 -0.0759466 -0.5334942 -0.0886749 0.8377069
1494876825.864987 0.9780020 -0.2552566 -0.0636752 -0.0790384 -0.5323323 -0.0816312 0.8388752
1494876828.094290 0.8209382 -0.2651286 -0.0922080 -0.0889069 -0.4709373 -0.0882585 0.8732262
1494876829.529917 0.7282929 -0.2436248 -0.1029193 -0.1024464 -0.4156670 -0.0837003 0.8998444
1494876829.688913 0.7126184 -0.2426752 -0.1019108 -0.1030236 -0.4140441 -0.0907952 0.8998388
1494876831.282168 0.5893309 -0.2522747 -0.1161326 -0.1130283 -0.3676026 -0.0875268 0.9189298
1494876834.070812 0.3813678 -0.2182462 -0.0841846 -0.1075072 -0.2204967 -0.1110181 0.9630672
1494876834.468645 0.3499933 -0.2020033 -0.0854112 -0.1202933 -0.1998822 -0.1011199 0.9671357
1494876834.629788 0.3361203 -0.1982502 -0.0851431 -0.1209489 -0.1905045 -0.1005150 0.9690078
1494876834.868480 0.3157921 -0.1974271 -0.0792854 -0.1150601 -0.1666198 -0.1057066 0.9735631
1494876841.402953 0.1974578 -0.2347027 0.1390772 -0.0601991 -0.0136341 -0.0643789 0.9960148
1494876841.641676 0.2014173 -0.2351422 0.1441084 -0.0388161 -0.0130714 -0.0771091 0.9961810
1494876842.119173 0.1958783 -0.2231622 0.1152843 -0.0168317 -0.0144018 -0.1177628 0.9927946
1494876843.394456 0.1750613 -0.1766646 0.0329559 -0.0377838 -0.0180377 -0.1304749 0.9905671
1494876843.635231 0.1741944 -0.1620059 0.0330288 -0.0491612 -0.0174041 -0.1334556 0.9896817
1494876844.668155 0.1763284 -0.1501783 -0.0334595 -0.0773229 -0.0000753 -0.1190016 0.9898787
1494876847.457488 0.1305386 -0.0857438 -0.1551112 -0.0635366 -0.0431001 -0.1013113 0.9918879
1494876848.093905 0.1224573 -0.0570389 -0.1770237 -0.0512810 -0.0560346 -0.1093729 0.9910944
1494876848.412068 0.1332429 -0.0372233 -0.1813932 -0.0443541 -0.0478576 -0.1073457 0.9920782
1494876848.732365 0.1364685 -0.0163824 -0.1797609 -0.0464176 -0.0429999 -0.1055430 0.9923997
1494876849.050717 0.1291843 -0.0101408 -0.1785468 -0.0572005 -0.0528735 -0.0990100 0.9920330
1494876853.035841 -0.0370588 -0.2077019 -0.0853606 -0.0766355 -0.1769025 -0.1143741 0.9745517
1494876854.708299 -0.1027347 -0.2120855 -0.0473115 -0.0916402 -0.2445010 -0.0970834 0.9604146
1494876854.949033 -0.1231584 -0.2051053 -0.0433140 -0.0943748 -0.2618009 -0.0966710 0.9556194
1494876855.187730 -0.1451265 -0.1906615 -0.0425404 -0.0989511 -0.2788411 -0.0920313 0.9507821
1494876855.506025 -0.1785762 -0.1743519 -0.0455122 -0.1156481 -0.3010369 -0.0809781 0.9431038
1494876855.744682 -0.2009909 -0.1675123 -0.0472694 -0.1176118 -0.3166286 -0.0694824 0.9386618
1494876855.983378 -0.2165599 -0.1636742 -0.0465956 -0.1104238 -0.3266595 -0.0631808 0.9365407
1494876856.224085 -0.2303555 -0.1595698 -0.0470941 -0.1108488 -0.3374352 -0.0604773 0.9328411
1494876856.462845 -0.2437701 -0.1489801 -0.0438103 -0.1198427 -0.3451503 -0.0651669 0.9285808
1494876857.258774 -0.2903142 -0.1470329 -0.0310905 -0.1097750 -0.3560057 -0.0563212 0.9263031
1494876857.499588 -0.3064611 -0.1456972 -0.0213397 -0.1071006 -0.3632396 -0.0568192 0.9237738
1494876857.738317 -0.3321323 -0.1458523 -0.0229525 -0.1113978 -0.3744616 -0.0494621 0.9191967
1494876857.897456 -0.3484047 -0.1458677 -0.0240654 -0.1132951 -0.3827915 -0.0422701 0.9158865
1494876858.136187 -0.3764641 -0.1463746 -0.0245396 -0.1176489 -0.3983095 -0.0346939 0.9090130
1494876858.454464 -0.4132640 -0.1468516 -0.0190419 -0.1184527 -0.4126001 -0.0405120 0.9022688
1494876858.693135 -0.4392533 -0.1473986 -0.0089995 -0.1213626 -0.4222597 -0.0466536 0.8971016
1494876858.854264 -0.4546016 -0.1472524 -0.0039885 -0.1237098 -0.4264621 -0.0485907 0.8946871
1494876859.252003 -0.4864293 -0.1485576 0.0089634 -0.1217006 -0.4314882 -0.0472877 0.8926201
1494876861.004420 -0.6148000 -0.1087122 0.0773525 -0.1185643 -0.4488135 -0.0455062 0.8845553
1494876861.243077 -0.6335450 -0.0928935 0.0845437 -0.1189697 -0.4534247 -0.0542429 0.8816519
1494876862.199729 -0.7078215 -0.0443408 0.1025671 -0.1349487 -0.4711885 -0.0472203 0.8703681
1494876862.599580 -0.7477083 -0.0336034 0.1005782 -0.1308695 -0.4897406 -0.0432685 0.8609037
1494876869.769216 -1.3285856 -0.1625553 0.3525816 -0.1929654 -0.5019525 -0.0410266 0.8420955
1494876870.248529 -1.3787681 -0.1717079 0.3634782 -0.1962703 -0.5098709 -0.0410828 0.8365536
1494876870.407598 -1.3915765 -0.1712310 0.3639354 -0.1948437 -0.5095344 -0.0395159 0.8371674
1494876871.043955 -1.4405849 -0.1866475 0.3827232 -0.1894987 -0.5124108 -0.0495445 0.8361046
1494876872.000435 -1.5218079 -0.1811561 0.4046509 -0.1918934 -0.5159131 -0.0505553 0.8333395
1494876873.672979 -1.6528594 -0.1360655 0.4346876 -0.1892377 -0.5146613 -0.0556765 0.8343938
1494876874.231732 -1.6957010 -0.1340597 0.4492323 -0.1908637 -0.4951397 -0.0502724 0.8460972
1494876874.390814 -1.7070235 -0.1327102 0.4524669 -0.1907679 -0.4951166 -0.0499121 0.8461536
1494876875.824421 -1.8257365 -0.1124499 0.4937106 -0.1990762 -0.4838875 -0.0569728 0.8502797
1494876876.460754 -1.8843938 -0.1066799 0.5044211 -0.1903691 -0.4888982 -0.0647670 0.8488483
1494876876.621867 -1.8985238 -0.1085282 0.5085300 -0.1851678 -0.4896139 -0.0646538 0.8495947
1494876876.780901 -1.9089019 -0.1038410 0.5091557 -0.1796159 -0.4879046 -0.0629826 0.8518923
1494876876.939957 -1.9226062 -0.1029789 0.5156828 -0.1813557 -0.4854300 -0.0647895 0.8528014
1494876877.417092 -1.9602813 -0.0883319 0.5298551 -0.1795917 -0.4854174 -0.0725949 0.8525531
1494876877.576143 -1.9767241 -0.0851495 0.5316259 -0.1765569 -0.4869490 -0.0706928 0.8524734
1494876878.055370 -2.0124915 -0.0639609 0.5336194 -0.1786370 -0.4853101 -0.0627297 0.8535971
1494876878.293997 -2.0322080 -0.0590476 0.5371461 -0.1788251 -0.4862185 -0.0639126 0.8529527
1494876879.330621 -2.1106622 -0.0322825 0.5564520 -0.1758672 -0.4823367 -0.0710688 0.8552024
1494876879.489773 -2.1190658 -0.0259778 0.5613229 -0.1761042 -0.4841332 -0.0709425 0.8541485
1494876879.648921 -2.1335373 -0.0230683 0.5642658 -0.1761218 -0.4825471 -0.0720857 0.8549463
1494876881.004449 -2.2279425 0.0006803 0.6019578 -0.1721389 -0.4738228 -0.0728712 0.8605521
1494876882.757967 -2.3558989 0.0718239 0.6236807 -0.1573759 -0.4802626 -0.0710871 0.8599577
1494876883.396740 -2.4066672 0.1118187 0.6240389 -0.1688654 -0.4842442 -0.0701628 0.8556104
1494876883.635537 -2.4304252 0.1252371 0.6232083 -0.1693293 -0.4892030 -0.0701693 0.8526924
1494876883.874331 -2.4489341 0.1426345 0.6232237 -0.1654144 -0.4927351 -0.0712769 0.8513342
1494876884.033456 -2.4608293 0.1518637 0.6264048 -0.1632874 -0.4927747 -0.0712219 0.8517263
1494876884.192644 -2.4691544 0.1602747 0.6318713 -0.1617755 -0.4941713 -0.0770170 0.8507008
1494876884.353842 -2.4852555 0.1680446 0.6331629 -0.1649938 -0.4888247 -0.0805398 0.8528428
1494876884.513052 -2.4955735 0.1778802 0.6358336 -0.1675299 -0.4862584 -0.0823157 0.8536455
1494876886.106941 -2.6300290 0.2606494 0.6652015 -0.1716134 -0.5031803 -0.0757242 0.8435783
1494876886.504748 -2.6593432 0.2869944 0.6691918 -0.1684069 -0.5041865 -0.0761204 0.8435881
1494876886.983754 -2.6980176 0.3045735 0.6756610 -0.1672767 -0.4989460 -0.0697527 0.8474703
1494876889.453486 -2.8538585 0.4122024 0.7213937 -0.0660640 -0.4566248 -0.0864606 0.8829802
1494876890.487675 -2.9159865 0.4562063 0.7478499 -0.0672029 -0.4324031 -0.1037582 0.8931661
1494876891.523801 -2.9988697 0.5051418 0.7699054 -0.0859175 -0.4039926 -0.0704948 0.9079860
1494876891.842013 -3.0247321 0.5097412 0.7742650 -0.0880071 -0.4025774 -0.0699295 0.9084581
1494876892.162317 -3.0530329 0.5093076 0.7763640 -0.0823063 -0.4092343 -0.0714335 0.9058975
1494876892.401030 -3.0822833 0.5092536 0.7728136 -0.0811403 -0.4192106 -0.0722642 0.9013637
1494876892.719291 -3.1130395 0.5204764 0.7757223 -0.0924267 -0.4164612 -0.0690066 0.9018068
1494876894.153398 -3.2691040 0.5628857 0.8025812 -0.1107979 -0.4613054 -0.0992399 0.8746843
1494876895.189594 -3.3907461 0.5832261 0.8013396 -0.1190766 -0.4719126 -0.1084428 0.8668100
1494876895.986896 -3.4637966 0.5993233 0.8319169 -0.1174150 -0.4561665 -0.1313384 0.8722821
1494876896.623436 -3.5270815 0.6214174 0.8564358 -0.1268493 -0.4519246 -0.1310855 0.8732068
1494876897.262187 -3.5907779 0.6261371 0.8644146 -0.1156958 -0.4246939 -0.1679442 0.8820682
1494876899.173799 -3.7344246 0.6344117 0.9606549 -0.1197731 -0.3191246 -0.1893924 0.9208390
1494876899.812117 -3.7989101 0.6481661 0.9835156 -0.1323411 -0.2931066 -0.1784773 0.9299033
1494876900.130341 -3.8358445 0.6600398 0.9902000 -0.1412211 -0.2834112 -0.1776594 0.9317574
1494876900.368993 -3.8595579 0.6629018 0.9953287 -0.1446911 -0.2714424 -0.1757092 0.9351523
1494876900.687270 -3.8907766 0.6651095 1.0123124 -0.1464983 -0.2548738 -0.1804171 0.9386305
1494876900.927896 -3.9165745 0.6597934 1.0240707 -0.1375149 -0.2456699 -0.1884485 0.9408630
1494876901.405135 -3.9527812 0.6432114 1.0452390 -0.1224461 -0.2089652 -0.1958273 0.9502590
1494876901.961870 -3.9975283 0.6342312 1.0649164 -0.1191154 -0.1739482 -0.1896593 0.9589489
1494876902.441101 -4.0367818 0.6359832 1.0860810 -0.1272855 -0.1485302 -0.1750476 0.9649329
1494876903.316066 -4.0967641 0.6337327 1.1160744 -0.1343332 -0.1086536 -0.1667893 0.9707370
1494876904.034231 -4.1204987 0.6327336 1.1387460 -0.1254333 -0.0717562 -0.1516074 0.9778204
1494876906.345671 -4.2175827 0.6802438 1.1991279 -0.1013961 0.0259029 -0.1290903 0.9860951
1494876907.381108 -4.2598257 0.7225588 1.2329735 -0.1269515 0.0046832 -0.1177135 0.9848883
1494876907.619433 -4.2666659 0.7340028 1.2392037 -0.1318116 0.0121334 -0.0884007 0.9872506
1494876908.334924 -4.2577829 0.7372606 1.2677960 -0.0835380 0.0608988 -0.0891260 0.9906408
1494876910.008111 -4.2676053 0.8310053 1.2906096 -0.0118322 0.1270922 -0.1534469 0.9798784
1494876910.246510 -4.2725525 0.8341492 1.2930896 -0.0003756 0.1289155 -0.1579264 0.9789994
1494876910.961759 -4.2641091 0.8468578 1.3111523 0.0065631 0.1405924 -0.1686640 0.9755733
1494876911.361086 -4.2608843 0.8555291 1.3268691 0.0090822 0.1479842 -0.1727933 0.9737355
1494876911.837922 -4.2614169 0.8640396 1.3439462 0.0185049 0.1457341 -0.1629452 0.9756373
1494876912.396133 -4.2658772 0.8774000 1.3668031 0.0170321 0.1396774 -0.1674651 0.9757846
1494876912.634484 -4.2656884 0.8828343 1.3771924 0.0140400 0.1407662 -0.1705946 0.9751335
1494876913.111432 -4.2648764 0.8881230 1.4005648 0.0129003 0.1421420 -0.1690426 0.9752199
1494876913.349947 -4.2610459 0.8869300 1.4220115 0.0037599 0.1441695 -0.1658944 0.9755409
1494876913.669997 -4.2542176 0.8820122 1.4465547 -0.0023022 0.1528709 -0.1664560 0.9741241
1494876914.147062 -4.2544389 0.8685445 1.4778847 -0.0030169 0.1489206 -0.1689318 0.9743078
1494876915.579859 -4.2406597 0.8538271 1.5370152 -0.0042496 0.1637947 -0.1552744 0.9741884
1494876915.818306 -4.2381353 0.8557627 1.5442600 -0.0022808 0.1671388 -0.1507898 0.9743315
1494876917.171881 -4.2238808 0.8834571 1.5915914 -0.0003235 0.1699192 -0.1551751 0.9731640
1494876917.650926 -4.2175694 0.8905496 1.6033864 0.0011531 0.1734461 -0.1559571 0.9724158
1494876917.889542 -4.2140808 0.8940095 1.6104754 0.0003775 0.1732280 -0.1556590 0.9725031
1494876918.048632 -4.2139463 0.8971412 1.6163758 -0.0014185 0.1719450 -0.1548895 0.9728526
1494876918.207737 -4.2143288 0.8997387 1.6228749 -0.0029818 0.1701143 -0.1548065 0.9731840
1494876918.366813 -4.2140946 0.9018507 1.6309319 -0.0032682 0.1672074 -0.1543660 0.9737567
1494876918.687050 -4.2126389 0.9035619 1.6441500 -0.0017562 0.1675620 -0.1592642 0.9729105
1494876918.846109 -4.2091622 0.9007728 1.6509173 -0.0035691 0.1712072 -0.1561766 0.9727714
1494876919.323207 -4.1988821 0.8885804 1.6715789 -0.0069778 0.1737828 -0.1532261 0.9727654
1494876919.482337 -4.1944447 0.8839843 1.6802275 -0.0046520 0.1747870 -0.1545333 0.9723926
1494876925.771941 -4.0837841 0.8223553 2.0134530 -0.0228653 0.1689764 -0.1565355 0.9728417
1494876927.523042 -4.0488477 0.8133162 2.0942817 -0.0323433 0.1601986 -0.1479420 0.9753991
1494876927.922558 -4.0384932 0.8152788 2.1115873 -0.0298929 0.1598989 -0.1436841 0.9761627
1494876928.081556 -4.0404296 0.8138477 2.1203370 -0.0318972 0.1602480 -0.1466850 0.9755956
1494876934.293159 -3.9424174 0.7769029 2.4196265 -0.0488530 0.1545303 -0.1452080 0.9760371
1494876934.452222 -3.9412589 0.7764881 2.4273458 -0.0521986 0.1523786 -0.1459294 0.9760946
1494876934.611283 -3.9400814 0.7761172 2.4330635 -0.0524135 0.1525128 -0.1483216 0.9757015
1494876935.726612 -3.9187393 0.7936524 2.4840617 -0.0527735 0.1573297 -0.1424123 0.9757977
1494876935.885679 -3.9142790 0.7987463 2.4937673 -0.0547132 0.1555096 -0.1469372 0.9753116
1494876936.044731 -3.9092975 0.8040408 2.5019815 -0.0556060 0.1549713 -0.1477299 0.9752271
1494876936.203773 -3.9039848 0.8098446 2.5108442 -0.0559277 0.1529412 -0.1438978 0.9761017
1494876936.682624 -3.8993540 0.8094504 2.5375671 -0.0699121 0.1447072 -0.1527285 0.9751134
1494876936.841524 -3.8943594 0.8142546 2.5516071 -0.0798348 0.1465011 -0.1482034 0.9747818
1494876937.159347 -3.8853369 0.8140553 2.5721900 -0.0772966 0.1473745 -0.1426683 0.9756802
1494876937.318213 -3.8819470 0.8100274 2.5811558 -0.0775165 0.1474647 -0.1437585 0.9754891
1494876937.477153 -3.8759973 0.8063756 2.5937433 -0.0825904 0.1503952 -0.1404827 0.9751024
1494876937.636063 -3.8744450 0.8033355 2.6066086 -0.0774354 0.1500989 -0.1390660 0.9757739
1494876937.715540 -3.8749173 0.8017865 2.6120667 -0.0747347 0.1488438 -0.1413605 0.9758471
1494876937.876471 -3.8742957 0.7994451 2.6249638 -0.0745005 0.1465184 -0.1435240 0.9759011
1494876938.035407 -3.8727453 0.7975164 2.6382630 -0.0726638 0.1448802 -0.1442596 0.9761757
1494876938.194310 -3.8711333 0.7958597 2.6495299 -0.0737389 0.1451069 -0.1450067 0.9759506
1494876938.353249 -3.8682888 0.7937163 2.6596162 -0.0725976 0.1468313 -0.1424690 0.9761520
1494876938.512125 -3.8649275 0.7913032 2.6687250 -0.0725499 0.1485737 -0.1423834 0.9759043
1494876938.670999 -3.8607090 0.7885041 2.6787705 -0.0757343 0.1519336 -0.1412817 0.9753051
1494876938.829902 -3.8570192 0.7860383 2.6889865 -0.0778223 0.1537120 -0.1384832 0.9752634
1494876938.988815 -3.8551018 0.7829961 2.7002573 -0.0794647 0.1537510 -0.1394789 0.9749829
1494876939.149758 -3.8533778 0.7805354 2.7120845 -0.0801672 0.1525053 -0.1401084 0.9750308
1494876939.308648 -3.8511708 0.7786996 2.7226536 -0.0819371 0.1541625 -0.1387308 0.9748200
1494876939.467564 -3.8480790 0.7769250 2.7314806 -0.0808820 0.1552463 -0.1367174 0.9750205
1494876939.626429 -3.8453591 0.7759180 2.7414279 -0.0806261 0.1541720 -0.1362526 0.9752772
1494876939.785339 -3.8405578 0.7758031 2.7517047 -0.0833661 0.1551665 -0.1355101 0.9749926
1494876939.944300 -3.8358946 0.7772182 2.7603183 -0.0862233 0.1595291 -0.1338186 0.9742734
1494876940.103268 -3.8319376 0.7792057 2.7688305 -0.0916315 0.1592777 -0.1344097 0.9737394
1494876940.262216 -3.8296075 0.7837161 2.7815793 -0.0938249 0.1588340 -0.1320721 0.9739228
1494876940.343711 -3.8290675 0.7852470 2.7881126 -0.0937007 0.1585658 -0.1318657 0.9740064
1494876940.423226 -3.8281429 0.7866557 2.7942235 -0.0931840 0.1578320 -0.1313477 0.9742451
1494876940.502700 -3.8271132 0.7875732 2.8000340 -0.0937467 0.1569610 -0.1320596 0.9742357
1494876940.582189 -3.8260436 0.7886822 2.8053250 -0.0929039 0.1567558 -0.1332915 0.9741817
1494876940.661708 -3.8242571 0.7896586 2.8102868 -0.0924567 0.1564032 -0.1339137 0.9741956
1494876940.741184 -3.8222432 0.7908827 2.8156314 -0.0925921 0.1568998 -0.1329781 0.9742310
1494876940.900176 -3.8189056 0.7928351 2.8254869 -0.0937011 0.1576420 -0.1355126 0.9736557
1494876941.059178 -3.8154237 0.7962823 2.8362839 -0.0920964 0.1587801 -0.1348576 0.9737148
1494876941.218191 -3.8139699 0.7990604 2.8469343 -0.0922181 0.1576155 -0.1366910 0.9736369
1494876941.377188 -3.8128021 0.8014933 2.8565066 -0.0916020 0.1570254 -0.1387901 0.9734934
1494876941.456705 -3.8115430 0.8032679 2.8613005 -0.0919424 0.1573627 -0.1369835 0.9736627
1494876941.536214 -3.8101060 0.8050507 2.8662164 -0.0919050 0.1576976 -0.1347918 0.9739180
1494876941.617753 -3.8082051 0.8052460 2.8733416 -0.0940842 0.1584209 -0.1354367 0.9735029
1494876941.697240 -3.8065386 0.8057852 2.8782487 -0.0942599 0.1580288 -0.1379067 0.9732028
1494876941.776738 -3.8052537 0.8057655 2.8840442 -0.0954206 0.1574044 -0.1389221 0.9730464
1494876941.856226 -3.8037167 0.8058417 2.8890982 -0.0954238 0.1564639 -0.1394953 0.9731159
1494876941.935725 -3.8030243 0.8057019 2.8938925 -0.0949074 0.1560279 -0.1398735 0.9731821
1494876972.129329 -3.1815484 1.1064869 4.3357038 -0.1269526 0.8534856 0.0715955 0.5003194
1494876972.449505 -3.1577489 1.0736225 4.3041983 -0.1146488 0.8622957 0.0496751 0.4907486
1494876972.529029 -3.1408577 1.0632231 4.3140316 -0.1218699 0.8643808 0.0417548 0.4860556
1494876972.608561 -3.1309483 1.0590260 4.3106890 -0.1204813 0.8662348 0.0389422 0.4833271
1494876972.688087 -3.1198351 1.0569849 4.3090162 -0.1182731 0.8689361 0.0378844 0.4790890
1494876972.847170 -3.0946152 1.0520556 4.3031740 -0.1135594 0.8714288 0.0401074 0.4755076
1494876972.926681 -3.0881932 1.0541872 4.2885952 -0.1051471 0.8707292 0.0429370 0.4784675
1494876973.085766 -3.0539083 1.0507325 4.3009653 -0.1131272 0.8734161 0.0403187 0.4719333
1494876973.165292 -3.0475135 1.0548629 4.2889571 -0.1061452 0.8728719 0.0462201 0.4740164
1494876973.244816 -3.0324471 1.0556335 4.2901793 -0.1065845 0.8733417 0.0507337 0.4725889
1494876973.485450 -2.9891984 1.0473027 4.2913313 -0.1037134 0.8716845 0.0527556 0.4760531
1494876973.564981 -2.9741032 1.0421088 4.2923546 -0.1001706 0.8715254 0.0497442 0.4774252
1494876973.724074 -2.9493482 1.0343237 4.2931271 -0.0913850 0.8717294 0.0430289 0.4794635
1494876973.883134 -2.9241343 1.0235147 4.2932920 -0.0833104 0.8742025 0.0364719 0.4769688
1494876974.042203 -2.9014561 1.0094572 4.2913404 -0.0821300 0.8770050 0.0172452 0.4730956
1494876974.201302 -2.8776186 0.9960752 4.2937965 -0.0846783 0.8778336 -0.0147938 0.4711889
1494876974.439985 -2.8530581 0.9860967 4.2942605 -0.0771021 0.8825999 -0.0463953 0.4614328
1494876974.519535 -2.8459549 0.9831675 4.2938313 -0.0714478 0.8847199 -0.0560738 0.4571889
1494876974.599086 -2.8393164 0.9801954 4.2940722 -0.0675903 0.8860237 -0.0675660 0.4536832
1494876974.919325 -2.8106787 0.9804956 4.2997761 -0.0609406 0.8855366 -0.0971584 0.4501904
1494876975.635287 -2.7437890 0.9844555 4.2750330 -0.0590998 0.8907383 -0.0859034 0.4423947
1494876975.794418 -2.7287099 0.9798119 4.2718310 -0.0559954 0.8940213 -0.0855973 0.4361920
1494876976.035128 -2.7096059 0.9638569 4.2620611 -0.0441489 0.8987131 -0.0828802 0.4283650
1494876976.194247 -2.6965580 0.9511865 4.2588367 -0.0339050 0.9006373 -0.0826389 0.4252926
1494876976.512528 -2.6628878 0.9306792 4.2537184 -0.0261839 0.8982391 -0.0890655 0.4295908
1494876976.671638 -2.6451850 0.9203306 4.2544794 -0.0183524 0.8980200 -0.0894407 0.4303762
1494876976.830723 -2.6255193 0.9085833 4.2494006 -0.0117332 0.8957250 -0.0913492 0.4349648
1494876976.989754 -2.6030207 0.8946179 4.2495623 -0.0117364 0.8920802 -0.0982801 0.4409038
1494876977.148819 -2.5769181 0.8819777 4.2520947 -0.0136851 0.8893428 -0.1013538 0.4456561
1494876977.309941 -2.5532415 0.8730655 4.2431455 -0.0149862 0.8862806 -0.1027864 0.4513503
1494876977.469002 -2.5334966 0.8615448 4.2395644 -0.0112867 0.8838069 -0.1118142 0.4541537
1494876980.413198 -2.1133645 0.7457331 4.1567059 -0.0595075 0.8702775 -0.1036644 0.4778385
1494876981.130510 -2.0125489 0.7349343 4.1237078 -0.0710397 0.8683476 -0.1036391 0.4797758
1494876981.528132 -1.9542336 0.7262644 4.1042428 -0.0727407 0.8644145 -0.1074416 0.4857496
1494876981.925654 -1.8897552 0.7235842 4.0899882 -0.0774340 0.8603600 -0.1093514 0.4917591
1494876982.243626 -1.8394024 0.7272738 4.0788817 -0.0825743 0.8581318 -0.1123917 0.4941250
1494876982.563705 -1.7902701 0.7267017 4.0660448 -0.0811064 0.8574198 -0.1068203 0.4968325
1494876982.881725 -1.7407246 0.7221517 4.0562530 -0.0811272 0.8518523 -0.1058887 0.5065112
1494876983.279294 -1.6709251 0.7208002 4.0519586 -0.0781706 0.8445617 -0.1064718 0.5189111
1494876983.597270 -1.6160164 0.7185199 4.0430307 -0.0917551 0.8407649 -0.1107133 0.5219558
1494876983.996845 -1.5620975 0.7152783 4.0302339 -0.1029144 0.8391277 -0.1166485 0.5212165
1494876984.632970 -1.4864287 0.6962194 3.9984081 -0.0944408 0.8489767 -0.1104080 0.5080647
1494876985.032520 -1.4407783 0.6732062 3.9808078 -0.0773361 0.8549910 -0.1105756 0.5007820
1494876985.430051 -1.3905406 0.6558411 3.9752717 -0.0698694 0.8541584 -0.1094744 0.5035347
1494876985.748030 -1.3476291 0.6437083 3.9676800 -0.0654804 0.8507263 -0.1097548 0.5098342
1494876986.066101 -1.3037066 0.6339093 3.9634714 -0.0657509 0.8454389 -0.1099306 0.5184835
1494876986.386158 -1.2737989 0.6275986 3.9554279 -0.0685352 0.8494667 -0.1205278 0.5090995
1494876986.704165 -1.2452035 0.6170748 3.9508488 -0.0671555 0.8566324 -0.1113262 0.4992771
1494876987.101698 -1.2082081 0.6007469 3.9330318 -0.0597609 0.8586771 -0.1040970 0.4982632
1494876987.419751 -1.1795492 0.5904096 3.9279840 -0.0456752 0.8597718 -0.1070244 0.4972443
1494876988.137224 -1.0923333 0.5696644 3.9341531 -0.0486552 0.8511176 -0.0873132 0.5153717
1494876988.614270 -1.0456657 0.5591648 3.9206171 -0.0575102 0.8466095 -0.0921989 0.5210031
1494876988.934392 -1.0167103 0.5491476 3.9085703 -0.0759725 0.8456298 -0.0947653 0.5197673
1494876989.252542 -0.9813895 0.5374551 3.8971581 -0.0880139 0.8415343 -0.1022307 0.5230893
1494876990.129509 -0.8873196 0.5219958 3.8540492 -0.1120092 0.8440537 -0.0978851 0.5152143
1494876990.447665 -0.8694105 0.5018583 3.8368640 -0.1098278 0.8509024 -0.1109006 0.5016014
1494876990.845284 -0.8412986 0.4866275 3.8213742 -0.0896507 0.8626385 -0.1008570 0.4874889
1494876991.242976 -0.7875690 0.4778114 3.8137412 -0.0752661 0.8643922 -0.0836517 0.4900649
1494876991.563186 -0.7366028 0.4685962 3.8144417 -0.0712535 0.8570358 -0.0786928 0.5042025
1494876992.199608 -0.6857471 0.4282864 3.7896779 -0.0611858 0.8646077 -0.0769548 0.4927350
1494876992.838045 -0.6287494 0.3900455 3.7745252 -0.0453511 0.8673036 -0.0923539 0.4870304
1494876993.474442 -0.5739398 0.3704516 3.7654529 -0.0236881 0.8718610 -0.0883199 0.4811411
1494876993.792699 -0.5388441 0.3686037 3.7605689 -0.0239312 0.8714669 -0.0864682 0.4821784
1494876994.431237 -0.4925485 0.3583237 3.7316358 -0.0260287 0.8792547 -0.0777948 0.4692352
1494876994.749536 -0.4661832 0.3499994 3.7282310 -0.0170944 0.8791512 -0.0913353 0.4673959
1494876995.067808 -0.4290991 0.3499631 3.7203102 -0.0097416 0.8782942 -0.0882361 0.4698071
1494876995.388075 -0.3871369 0.3627889 3.7181234 -0.0125477 0.8749268 -0.0860009 0.4763922
1494876995.706314 -0.3478365 0.3770331 3.6986067 -0.0129562 0.8762953 -0.0800145 0.4749068
1494876996.024431 -0.3216844 0.3703088 3.6890988 -0.0191512 0.8786650 -0.0928750 0.4679266
1494876996.342589 -0.3005199 0.3623862 3.6771183 -0.0125799 0.8823518 -0.1081182 0.4578292
1494876996.662728 -0.2710047 0.3573361 3.6687908 -0.0160939 0.8840097 -0.1126169 0.4534151
1494876997.615902 -0.1530986 0.3692281 3.6490736 -0.0024163 0.8874022 -0.0887843 0.4523592
1494876997.935514 -0.1247854 0.3608466 3.6378942 -0.0040536 0.8906642 -0.0928910 0.4450529
1494876998.253236 -0.0882282 0.3486029 3.6283603 -0.0099506 0.8924659 -0.0994542 0.4399029
1494876998.650460 -0.0366797 0.3454058 3.6184874 -0.0210462 0.8929428 -0.0968260 0.4391298
1494876999.923771 0.1268229 0.3259980 3.5822675 -0.0355268 0.9000970 -0.0869515 0.4254442
1494877000.244012 0.1728210 0.3223079 3.5713060 -0.0329656 0.9017267 -0.0927725 0.4209460
1494877000.562201 0.2209167 0.3229892 3.5618031 -0.0463203 0.9043000 -0.0873491 0.4152904
1494877000.880406 0.2643256 0.3197870 3.5472815 -0.0497817 0.9067537 -0.0892799 0.4090827
1494877001.198566 0.3128061 0.3145250 3.5368230 -0.0492079 0.9058594 -0.0917226 0.4105904
1494877001.518626 0.3642793 0.3168454 3.5307958 -0.0455997 0.9054505 -0.0923507 0.4117661
1494877001.757131 0.4004078 0.3165891 3.5166371 -0.0376436 0.9065287 -0.0900082 0.4107156
1494877001.995646 0.4379702 0.3159456 3.5117390 -0.0368772 0.9076648 -0.0992230 0.4061276
1494877002.792767 0.5304503 0.3047866 3.4597697 -0.0269315 0.9224175 -0.0854843 0.3756501
1494877003.031339 0.5663109 0.3033506 3.4517415 -0.0208313 0.9229131 -0.0855862 0.3747967
1494877003.269711 0.6037755 0.3031942 3.4362326 -0.0213729 0.9241785 -0.0813489 0.3725852
1494877003.666801 0.6522980 0.3031174 3.4172986 -0.0132290 0.9291334 -0.0866601 0.3592021
1494877003.904979 0.6801987 0.3058561 3.4009581 -0.0121751 0.9332221 -0.0793339 0.3502205
1494877004.224907 0.7246580 0.3090855 3.3761153 -0.0083779 0.9368502 -0.0674759 0.3430576
1494877004.542922 0.7735019 0.3134636 3.3606155 -0.0079243 0.9363595 -0.0687942 0.3441446
1494877004.781550 0.8110533 0.3165434 3.3438964 -0.0040889 0.9373721 -0.0633082 0.3425038
1494877005.099638 0.8603520 0.3158158 3.3249533 -0.0088878 0.9373671 -0.0672491 0.3416745
1494877005.340315 0.8885016 0.3172361 3.3118136 -0.0015834 0.9392682 -0.0738688 0.3351361
1494877005.578889 0.9162545 0.3166430 3.2942128 -0.0008818 0.9414421 -0.0732894 0.3291119
1494877005.817454 0.9445908 0.3120735 3.2782283 -0.0004341 0.9439139 -0.0717293 0.3223061
1494877006.135552 0.9898429 0.3059267 3.2600725 0.0011554 0.9422825 -0.0804021 0.3250198
1494877006.374136 1.0279293 0.3059719 3.2429328 0.0119592 0.9415154 -0.0789062 0.3273829
1494877006.533240 1.0519028 0.3073848 3.2339587 0.0182140 0.9422349 -0.0804905 0.3246276
1494877006.694320 1.0702822 0.3092599 3.2222481 0.0183688 0.9427380 -0.0794229 0.3234187
1494877007.012396 1.1011355 0.3011780 3.1997898 0.0144857 0.9487545 -0.0728367 0.3071644
1494877007.171475 1.1141579 0.2955207 3.1880100 0.0206527 0.9515452 -0.0718539 0.2982821
1494877007.330518 1.1289687 0.2916808 3.1799901 0.0267115 0.9548559 -0.0758659 0.2859740
1494877007.489554 1.1409273 0.2920468 3.1701171 0.0268609 0.9575582 -0.0822574 0.2749446
1494877007.728088 1.1642797 0.2754689 3.1583652 0.0199801 0.9625596 -0.0884039 0.2554695
1494877007.968671 1.1792619 0.2644713 3.1438179 0.0121700 0.9671975 -0.0979382 0.2340706
1494877008.366268 1.2023418 0.2487705 3.1201105 0.0129203 0.9761366 -0.0998345 0.1924153
1494877008.684322 1.2315421 0.2348654 3.0975943 -0.0000337 0.9796493 -0.0965960 0.1759444
1494877008.922961 1.2571275 0.2284921 3.0814223 -0.0012076 0.9818521 -0.0944124 0.1644727
1494877009.163610 1.2855120 0.2247774 3.0654435 0.0015131 0.9840471 -0.0892743 0.1538803
1494877009.481739 1.3137419 0.2148383 3.0352387 0.0022942 0.9867367 -0.0887767 0.1358830
1494877009.720393 1.3312373 0.2054385 3.0162287 0.0013512 0.9884885 -0.0921074 0.1200203
1494877010.277272 1.3694816 0.1826082 2.9752650 0.0070598 0.9911734 -0.1009053 0.0856949
1494877010.597514 1.3995457 0.1718355 2.9517267 0.0167379 0.9911634 -0.1074123 0.0760102
1494877010.836073 1.4251652 0.1688850 2.9334381 0.0225654 0.9918241 -0.1056106 0.0679872
1494877011.074640 1.4491496 0.1623582 2.9077098 0.0158267 0.9926483 -0.1031746 0.0612686
1494877011.551823 1.4933249 0.1547146 2.8722034 0.0089191 0.9928669 -0.1100081 0.0451001
1494877011.792404 1.5161461 0.1520570 2.8567615 0.0087387 0.9935350 -0.1055535 0.0408697
1494877012.030936 1.5432476 0.1532214 2.8387949 0.0199644 0.9941600 -0.0988457 0.0384310
1494877012.349015 1.5813811 0.1521423 2.8054790 0.0241850 0.9947287 -0.0918948 0.0385383
1494877012.587615 1.6101241 0.1485293 2.7832589 0.0191226 0.9949590 -0.0932593 0.0315238
1494877012.905761 1.6381471 0.1410532 2.7541380 0.0158191 0.9953107 -0.0930762 0.0210518
1494877013.225944 1.6601311 0.1399110 2.7270389 0.0264254 0.9959126 -0.0860861 0.0070122
1494877014.021082 1.7406356 0.1294915 2.6527348 0.0426484 0.9956923 -0.0822836 0.0027212
1494877014.261607 1.7645544 0.1231453 2.6281564 0.0427085 0.9962996 -0.0745679 0.0016944
1494877014.500132 1.7915440 0.1138462 2.6053383 0.0337696 0.9961390 -0.0807716 0.0065282
1494877014.738624 1.8140961 0.1132703 2.5871291 0.0438748 0.9955007 -0.0838231 0.0052076
1494877014.977164 1.8323196 0.1115605 2.5656807 0.0501548 0.9959269 -0.0749164 0.0013377
1494877015.215664 1.8487927 0.1108237 2.5465848 -0.0595768 -0.9954560 0.0740945 0.0053001
1494877015.454163 1.8698289 0.1068050 2.5296061 -0.0590004 -0.9954190 0.0739043 0.0140810
1494877015.694849 1.8828619 0.1005205 2.5068676 -0.0627113 -0.9944993 0.0789747 0.0283120
1494877016.490492 1.9139704 0.0643045 2.4390049 -0.0503176 -0.9883623 0.1063827 0.0963890
1494877016.810768 1.9329045 0.0454334 2.4129050 -0.0386550 -0.9866598 0.1101237 0.1134942
1494877017.129031 1.9623241 0.0290284 2.3801472 -0.0379720 -0.9856688 0.1075846 0.1242603
1494877018.004178 2.0170665 -0.0071148 2.2842913 -0.0370164 -0.9805900 0.0776704 0.1761826
1494877018.403952 2.0346456 -0.0198288 2.2439544 -0.0461153 -0.9773718 0.0788495 0.1907895
1494877019.438849 2.0843446 -0.0375447 2.1298847 -0.0539093 -0.9653298 0.0542453 0.2495788
1494877019.836044 2.1045609 -0.0410314 2.0836811 -0.0629022 -0.9596956 0.0447958 0.2702240
1494877020.312759 2.1237807 -0.0519868 2.0285571 -0.0803619 -0.9501095 0.0275211 0.3001274
1494877022.385665 2.1290467 -0.1601214 1.8503110 -0.0841371 -0.8963424 0.0123049 0.4351321
1494877022.703900 2.1339018 -0.1683665 1.8150661 -0.0918772 -0.8897061 0.0160439 0.4469052
1494877023.022002 2.1263192 -0.1687472 1.7879367 -0.1098351 -0.8773959 0.0212830 0.4665401
1494877023.342070 2.1196036 -0.1734144 1.7675526 -0.1112716 -0.8591930 0.0276396 0.4986401
1494877026.604049 2.0792930 -0.1823767 1.6131690 -0.0954444 -0.7035582 0.0169635 0.7039946
1494877026.921767 2.0737176 -0.1980288 1.5955107 -0.0944926 -0.6976795 0.0167740 0.7099530
1494877027.559505 2.0607896 -0.2269246 1.5509766 -0.1190853 -0.6814566 0.0209928 0.7217997
1494877027.877401 2.0492253 -0.2387158 1.5293421 -0.1290020 -0.6850287 0.0204243 0.7167127
1494877031.225530 1.9135599 -0.3618709 1.4246376 -0.2050748 -0.6317645 -0.0418182 0.7463707
1494877032.182233 1.8637997 -0.4352165 1.4241507 -0.2255997 -0.6109639 -0.0488328 0.7572603
1494877032.500422 1.8345526 -0.4587526 1.4092684 -0.2483924 -0.6117082 -0.0638780 0.7483542
1494877032.818570 1.8121246 -0.4893695 1.3992823 -0.2368454 -0.6173477 -0.0552169 0.7481558
1494877036.006330 1.6492028 -0.6805879 1.3587291 -0.2348713 -0.6290001 -0.0970233 0.7346978
1494877036.642747 1.6340206 -0.7259103 1.4042923 -0.1998780 -0.6106509 -0.1050153 0.7590297
1494877036.960981 1.6230450 -0.7442501 1.4178175 -0.1935678 -0.5989419 -0.0919274 0.7715889
1494877037.281192 1.6120479 -0.7536741 1.4191005 -0.1923120 -0.5923285 -0.0824436 0.7780527
1494877038.076408 1.5766841 -0.7911630 1.4276402 -0.1914138 -0.6095032 -0.0862016 0.7644841
1494877038.314947 1.5654606 -0.8092105 1.4330606 -0.1921039 -0.6073907 -0.0864740 0.7659601
1494877038.953091 1.5396130 -0.8499938 1.4533741 -0.2060194 -0.6019589 -0.0800081 0.7673331
1494877039.191633 1.5318755 -0.8668218 1.4543418 -0.1947993 -0.6045552 -0.0810122 0.7681167
1494877039.430182 1.5228121 -0.8855867 1.4544144 -0.1838700 -0.6069264 -0.0815989 0.7688783
1494877039.668733 1.5149617 -0.9038355 1.4525979 -0.1810620 -0.6108609 -0.0829086 0.7662843
1494877040.147954 1.4965606 -0.9399129 1.4585819 -0.1713339 -0.6067877 -0.0792245 0.7721249
1494877040.625189 1.4737993 -0.9539158 1.4607146 -0.1853987 -0.6018932 -0.0809251 0.7725303
1494877041.422603 1.4500864 -0.9780550 1.4843429 -0.2222338 -0.5916029 -0.0872214 0.7700717
1494877041.661181 1.4425070 -0.9980799 1.4920640 -0.2066898 -0.5945731 -0.0827438 0.7726032
1494877041.899747 1.4348080 -1.0124891 1.4976183 -0.2082157 -0.5928899 -0.0777858 0.7740008
1494877042.058738 1.4303470 -1.0198981 1.5019468 -0.2105484 -0.5938374 -0.0759432 0.7728255
1494877042.537876 1.4096935 -1.0421896 1.5067663 -0.2155174 -0.5944167 -0.0784736 0.7707548
1494877042.696857 1.4023840 -1.0515430 1.5068705 -0.2125781 -0.5988665 -0.0785395 0.7681152
1494877042.855944 1.3943189 -1.0582857 1.5074672 -0.2092680 -0.6026685 -0.0810587 0.7657853
1494877043.492111 1.3754013 -1.0859808 1.5287019 -0.2090574 -0.5943543 -0.0811268 0.7723060
1494877043.812180 1.3712283 -1.1071880 1.5459034 -0.2090718 -0.5881967 -0.0713137 0.7779640
1494877044.130164 1.3604193 -1.1249230 1.5581391 -0.2146870 -0.5867900 -0.0681035 0.7777846
1494877044.368656 1.3507539 -1.1396699 1.5650984 -0.2152758 -0.5876778 -0.0655577 0.7771701
1494877044.847699 1.3261493 -1.1702739 1.5766373 -0.2168396 -0.5912313 -0.0781394 0.7728650
1494877045.165658 1.3117743 -1.1980776 1.5835975 -0.2139563 -0.5980750 -0.0832628 0.7678518
1494877045.324669 1.3053980 -1.2120081 1.5886273 -0.2140737 -0.5975128 -0.0810388 0.7684944
1494877045.483694 1.2998843 -1.2249779 1.5938828 -0.2115773 -0.5979755 -0.0755360 0.7693859
1494877045.642693 1.2931097 -1.2362728 1.5954725 -0.2099641 -0.5988172 -0.0678475 0.7698894
1494877046.040250 1.2758198 -1.2561731 1.5995996 -0.2211785 -0.6015732 -0.0561690 0.7655292
1494877046.201267 1.2696065 -1.2616105 1.6033456 -0.2267312 -0.6018773 -0.0529779 0.7638914
1494877046.598696 1.2547861 -1.2804389 1.6123570 -0.2367524 -0.5994157 -0.0543481 0.7626897
1494877046.916735 1.2392603 -1.3051009 1.6180642 -0.2269731 -0.6064037 -0.0690431 0.7589406
1494877047.075738 1.2291328 -1.3170896 1.6199989 -0.2220011 -0.6100691 -0.0729282 0.7571081
1494877047.234783 1.2191780 -1.3293464 1.6220376 -0.2132927 -0.6122708 -0.0697496 0.7581331
1494877047.395869 1.2086965 -1.3398426 1.6235192 -0.2015369 -0.6156638 -0.0703679 0.7585443
1494877047.713858 1.1928929 -1.3601784 1.6318529 -0.1802315 -0.6174441 -0.0612897 0.7632319
1494877048.031860 1.1811302 -1.3762650 1.6467199 -0.1640345 -0.6177448 -0.0344750 0.7683069
1494877048.190852 1.1807871 -1.3785741 1.6521373 -0.1548911 -0.6092901 -0.0321183 0.7770088
1494877048.669878 1.1639463 -1.4033282 1.6665637 -0.1640653 -0.6034544 -0.0503399 0.7787113
1494877048.828920 1.1578768 -1.4134938 1.6649449 -0.1529770 -0.6003584 -0.0455939 0.7836383
1494877049.306110 1.1217326 -1.4152536 1.6698081 -0.1738562 -0.6186306 -0.0573772 0.7640537
1494877049.465138 1.1132739 -1.4229802 1.6692302 -0.1669670 -0.6118259 -0.0543889 0.7712541
1494877049.783257 1.0872554 -1.4249089 1.6730306 -0.1648309 -0.6149958 -0.0373276 0.7702062
1494877050.023985 1.0716120 -1.4215777 1.6742399 -0.1568847 -0.6071417 -0.0282833 0.7784383
1494877050.262760 1.0541028 -1.4177647 1.6679723 -0.1547583 -0.5953735 -0.0242812 0.7880297
1494877050.660757 1.0203781 -1.4282731 1.6481711 -0.1545748 -0.5963433 -0.0190968 0.7874749
1494877050.979177 0.9980357 -1.4527621 1.6301477 -0.1457615 -0.6162939 -0.0290488 0.7733638
1494877051.299598 0.9773622 -1.4760820 1.6212001 -0.1547707 -0.6403298 -0.0317774 0.7516741
1494877051.458737 0.9669210 -1.4965050 1.6228873 -0.1558578 -0.6496606 -0.0337769 0.7433092
1494877051.617905 0.9585956 -1.5150077 1.6300297 -0.1616442 -0.6492803 -0.0291843 0.7426000
1494877051.856659 0.9456846 -1.5378129 1.6475000 -0.1838639 -0.6426449 -0.0236524 0.7433991
1494877052.813802 0.9264177 -1.6121690 1.6875238 -0.2014533 -0.6121125 -0.0370167 0.7637831
1494877053.132218 0.9186264 -1.6398493 1.6952894 -0.1938668 -0.6284563 -0.0505752 0.7515986
1494877053.450661 0.9091448 -1.6703711 1.7120266 -0.2048655 -0.6359420 -0.0368880 0.7431334
1494877054.726287 0.8865988 -1.6890826 1.7343932 -0.1712134 -0.6415317 -0.0614892 0.7452128
1494877054.885450 0.8887422 -1.6853169 1.7296783 -0.1650350 -0.6320013 -0.0646733 0.7544238
1494877055.365094 0.8877621 -1.6553168 1.7225226 -0.1668064 -0.6372721 -0.0601624 0.7499602
1494877056.240398 0.8630468 -1.5989941 1.7017515 -0.1690575 -0.6417670 -0.0803016 0.7437112
1494877058.233956 0.7606800 -1.5703413 1.6835575 -0.1970612 -0.6390389 -0.0931746 0.7376413
1494877059.508610 0.7418702 -1.5374074 1.7041316 -0.2432963 -0.5956821 -0.0982527 0.7591549
1494877060.783259 0.7660549 -1.5493791 1.6988230 -0.2254307 -0.5643802 -0.1230352 0.7845497
1494877061.101257 0.7672181 -1.5594363 1.7028539 -0.2236584 -0.5519688 -0.1198449 0.7943202
1494877061.818217 0.7968099 -1.5920367 1.7069418 -0.2020423 -0.5567983 -0.1172285 0.7971274
1494877062.136317 0.8116758 -1.6053442 1.7022938 -0.1975595 -0.5543543 -0.1189890 0.7996894
1494877062.774607 0.8173119 -1.6473005 1.6945058 -0.2017096 -0.5636376 -0.1254044 0.7911382
1494877063.092685 0.8161818 -1.6755836 1.6927426 -0.1876626 -0.5695325 -0.1268158 0.7901477
1494877063.251672 0.8181328 -1.6856921 1.6956189 -0.1917995 -0.5670846 -0.1241192 0.7913421
1494877063.807954 0.8268458 -1.7208774 1.6999416 -0.2168286 -0.5506148 -0.1142951 0.7979633
1494877063.968907 0.8310649 -1.7263560 1.7023000 -0.2301227 -0.5479380 -0.1127025 0.7963074
1494877064.127884 0.8317273 -1.7305360 1.7034428 -0.2463675 -0.5437582 -0.1112361 0.7945166
1494877064.366330 0.8347495 -1.7444921 1.7046685 -0.2532264 -0.5437151 -0.1108030 0.7924474
1494877064.604716 0.8361043 -1.7593431 1.7021408 -0.2469312 -0.5522952 -0.1112129 0.7884331
