1535224874.048601 -0.1889730 0.1394678 -0.5321132 -0.7918059 -0.2035348 -0.0224321 0.5754248
1535224874.344935 -0.1575159 0.1538504 -0.4899661 -0.7949266 -0.1799794 0.0105881 0.5792987
1535224874.608743 -0.1299519 0.1682332 -0.4602559 -0.7931468 -0.1742653 0.0052944 0.5835424
1535224874.905076 -0.1106387 0.1933835 -0.4296284 -0.7900196 -0.1871758 -0.0151266 0.5836142
1535224875.201665 -0.0931770 0.2325968 -0.3933655 -0.7909071 -0.1972172 -0.0237561 0.5787979
1535224875.464434 -0.0621290 0.2741958 -0.3598494 -0.7972632 -0.1835353 -0.0244909 0.5745314
1535224875.760766 0.0037686 0.3170938 -0.3220960 -0.8060814 -0.1378352 -0.0365263 0.5743693
1535224876.090919 0.1006240 0.3476896 -0.2883353 -0.8121079 -0.0660020 -0.0591974 0.5767323
1535224876.354728 0.1717466 0.3678964 -0.2687617 -0.8158818 -0.0203239 -0.0751755 0.5729506
1535224876.651058 0.2389335 0.3918370 -0.2502198 -0.8149347 0.0194947 -0.0835511 0.5731673
1535224876.815488 0.2685443 0.4077852 -0.2411744 -0.8129816 0.0317785 -0.0875496 0.5747923
1535224877.243982 0.3214436 0.4551409 -0.2155562 -0.8023384 0.0394011 -0.1030920 0.5865771
1535224877.704741 0.3527038 0.5107382 -0.1872551 -0.7878792 0.0220429 -0.1011062 0.6070734
1535224878.561473 0.4178939 0.5793537 -0.1555067 -0.7814201 0.0322482 -0.0728575 0.6188978
1535224881.032027 0.5790976 0.7082754 -0.1504833 -0.8160731 0.0796222 -0.0418027 0.5709093
1535224883.074343 0.5962557 0.9542246 0.0025351 -0.7900342 0.0070327 -0.0271738 0.6124199
1535224884.424355 0.6029512 1.1874855 0.0142751 -0.7890580 -0.0220671 -0.0355416 0.6128926
1535224884.720947 0.5989869 1.2441949 0.0250653 -0.7918516 -0.0279669 -0.0277646 0.6094407
1535224885.149182 0.5990489 1.3311605 0.0332706 -0.8005204 -0.0311246 -0.0162980 0.5982748
1535224885.642981 0.6014538 1.4376240 0.0311925 -0.8063391 -0.0273058 -0.0185591 0.5905313
1535224886.401368 0.5884953 1.5710247 0.0143033 -0.8091844 -0.0699539 -0.0057752 0.5833470
1535224886.862385 0.5810891 1.6559422 0.0224792 -0.8130271 -0.0669917 0.0139046 0.5781919
1535224887.290623 0.5761424 1.7372143 0.0340002 -0.8177280 -0.0679849 0.0198485 0.5712312
1535224887.554175 0.5706804 1.7906878 0.0449865 -0.8210832 -0.0739592 0.0238956 0.5654922
1535224887.850765 0.5604001 1.8461972 0.0525348 -0.8240949 -0.0841938 0.0301793 0.5593462
1535224888.344304 0.5468607 1.9366763 0.0667400 -0.8266267 -0.1049258 0.0342872 0.5518182
1535224888.805322 0.5332240 2.0162933 0.0764503 -0.8263414 -0.1316813 0.0459292 0.5456285
1535224889.003828 0.5235411 2.0511367 0.0836871 -0.8248525 -0.1452740 0.0532842 0.5437596
1535224889.332939 0.4975286 2.1093097 0.0937452 -0.8204883 -0.1708504 0.0676936 0.5413194
1535224889.662054 0.4682164 2.1641614 0.0977414 -0.8134335 -0.1999009 0.0750145 0.5410532
1535224890.024729 0.4371501 2.2201524 0.0974746 -0.8054711 -0.2302449 0.0918550 0.5382994
1535224890.419403 0.4001740 2.2748823 0.1007266 -0.7958363 -0.2643991 0.1081966 0.5338832
1535224890.782335 0.3581753 2.3194227 0.1050317 -0.7872463 -0.2957554 0.1256451 0.5262940
1535224891.210574 0.3051645 2.3727968 0.1057005 -0.7752080 -0.3332912 0.1408043 0.5178260
1535224891.474124 0.2774264 2.4049091 0.1117926 -0.7682779 -0.3484748 0.1492357 0.5157936
1535224892.067045 0.2033532 2.4728837 0.1381836 -0.7502110 -0.3865620 0.1764836 0.5065637
1535224892.495281 0.1386693 2.5223365 0.1534908 -0.7341941 -0.4137464 0.1928378 0.5025799
1535224892.725271 0.1045244 2.5483522 0.1583390 -0.7277067 -0.4221494 0.2056448 0.4999430
1535224893.220109 0.0346043 2.6035681 0.1706419 -0.7130441 -0.4350008 0.2272320 0.5007076
1535224893.450098 0.0001097 2.6264684 0.1783440 -0.7073005 -0.4400744 0.2431719 0.4969185
1535224893.944679 -0.0777394 2.6642435 0.1819978 -0.6910338 -0.4613516 0.2650660 0.4892515
1535224894.471256 -0.1489091 2.7075160 0.1910903 -0.6803613 -0.4727397 0.2910952 0.4784237
1535224895.195824 -0.2566123 2.7549968 0.2014952 -0.6511509 -0.5108195 0.3036604 0.4720766
1535224895.492415 -0.3007851 2.7775886 0.2033319 -0.6459306 -0.5181295 0.3117276 0.4659843
1535224895.821527 -0.3510251 2.8012013 0.2019660 -0.6385351 -0.5296912 0.3126217 0.4625666
1535224896.216983 -0.4167407 2.8202627 0.1986113 -0.6265039 -0.5497975 0.3166521 0.4527107
1535224896.842685 -0.5261376 2.8411860 0.1943152 -0.6214417 -0.5583391 0.3344940 0.4360979
1535224897.073456 -0.5703757 2.8483515 0.1905508 -0.6177692 -0.5647236 0.3332432 0.4340478
1535224897.897408 -0.7350235 2.8873091 0.1889777 -0.6145971 -0.5759290 0.3295889 0.4265530
1535224898.226520 -0.7938397 2.8926020 0.1920693 -0.6121091 -0.5806724 0.3323990 0.4214890
1535224898.457548 -0.8326635 2.8984456 0.1938903 -0.6114805 -0.5821244 0.3314526 0.4211438
1535224898.753879 -0.8810499 2.9085319 0.1938922 -0.6138718 -0.5818821 0.3335887 0.4162851
1535224899.412362 -0.9912379 2.9240811 0.1995258 -0.6142007 -0.5880051 0.3364086 0.4047675
1535224899.906943 -1.0722926 2.9350748 0.2112663 -0.6115159 -0.5937595 0.3341767 0.4022734
1535224900.268837 -1.1312287 2.9592853 0.2173846 -0.6169512 -0.5933800 0.3264703 0.4008599
1535224900.499865 -1.1706984 2.9660664 0.2230577 -0.6156101 -0.5991389 0.3222425 0.3977647
1535224900.928101 -1.2470016 2.9671962 0.2429574 -0.6169217 -0.6013178 0.3298245 0.3860573
1535224901.092786 -1.2761540 2.9686384 0.2517757 -0.6187919 -0.5988080 0.3322392 0.3848932
1535224901.882916 -1.4192088 2.9961030 0.2899549 -0.6248704 -0.5902034 0.3305210 0.3898111
1535224902.113688 -1.4623618 3.0034881 0.3045001 -0.6243784 -0.5883182 0.3331144 0.3912391
1535224902.377497 -1.5155716 3.0124698 0.3221147 -0.6223220 -0.5860386 0.3369691 0.3946213
1535224902.607486 -1.5601573 3.0193748 0.3379931 -0.6219359 -0.5803155 0.3455241 0.3962862
1535224903.232931 -1.6763046 3.0474966 0.3605380 -0.6192665 -0.5685186 0.3540822 0.4097824
1535224903.908716 -1.8009803 3.0705900 0.3684831 -0.6108866 -0.5769465 0.3450967 0.4181609
1535224904.419815 -1.8913636 3.0898478 0.3808296 -0.6234605 -0.5669948 0.3367678 0.4200017
1535224905.309067 -2.0503988 3.1087918 0.4024100 -0.6426961 -0.5631301 0.3243107 0.4057692
1535224905.605401 -2.1009929 3.1124024 0.4070759 -0.6496069 -0.5600175 0.3184231 0.4037302
1535224906.033637 -2.1785860 3.1239152 0.4076607 -0.6593336 -0.5566609 0.3090129 0.3998986
1535224906.890369 -2.3383055 3.1356139 0.4201722 -0.6625269 -0.5509184 0.3090542 0.4025326
1535224907.779621 -2.4993908 3.1816800 0.4197726 -0.6596516 -0.5457824 0.2962753 0.4233228
1535224908.075954 -2.5537729 3.1927922 0.4230709 -0.6563299 -0.5482330 0.2964454 0.4251961
1535224909.195197 -2.7386560 3.2383471 0.4456120 -0.6639216 -0.5393990 0.2813643 0.4348460
1535224910.151053 -2.8812966 3.2622628 0.4625058 -0.6587958 -0.5395678 0.2765965 0.4453642
1535224910.447384 -2.9186244 3.2771368 0.4638371 -0.6630749 -0.5389449 0.2715871 0.4428437
1535224910.678414 -2.9524696 3.2817094 0.4664149 -0.6614208 -0.5467158 0.2681453 0.4378611
1535224912.225892 -3.2208242 3.2918644 0.5003886 -0.6378422 -0.5923675 0.2549950 0.4209936
1535224912.686911 -3.2904804 3.2495558 0.5246530 -0.5818846 -0.6392695 0.2858087 0.4135918
1535224912.786035 -3.3032532 3.2367642 0.5281010 -0.5650444 -0.6519130 0.2929972 0.4121733
1535224913.411738 -3.3734007 3.1579709 0.5033679 -0.4423176 -0.7385291 0.3408030 0.3778666
1535224913.577204 -3.3783040 3.1289861 0.4782760 -0.3948449 -0.7664303 0.3584227 0.3580717
1535224914.103526 -3.3785095 3.0257702 0.4384928 -0.2466846 -0.8296987 0.4158701 0.2789245
1535224914.466459 -3.3933873 2.9599824 0.4297468 -0.1733558 -0.8444212 0.4549220 0.2234875
1535224914.960258 -3.4024358 2.8738666 0.4417331 -0.1356314 -0.8434612 0.4909497 0.1707214
1535224915.322933 -3.4071021 2.8170681 0.4359945 -0.1419299 -0.8444315 0.4934655 0.1525885
1535224915.915855 -3.3902254 2.7052879 0.4078252 -0.1275012 -0.8570850 0.4834233 0.1243008
1535224916.344091 -3.4028931 2.6256988 0.4167867 -0.1416199 -0.8616403 0.4751912 0.1082267
1535224916.557821 -3.4235864 2.5872507 0.4238930 -0.1654163 -0.8621528 0.4671828 0.1052154
1535224916.886933 -3.4563003 2.5362737 0.4370085 -0.1874144 -0.8657681 0.4550258 0.0909562
1535224917.365251 -3.4688120 2.4184570 0.4403891 -0.1824381 -0.8734769 0.4453007 0.0739039
1535224917.497155 -3.4818497 2.3788095 0.4273689 -0.1741958 -0.8742800 0.4471454 0.0731525
1535224917.562459 -3.4680085 2.3567560 0.4257146 -0.1664823 -0.8755831 0.4472898 0.0746316
1535224917.628021 -3.4639850 2.3398364 0.4113362 -0.1562620 -0.8770247 0.4478955 0.0761546
1535224917.727144 -3.4624352 2.3155000 0.3959726 -0.1469597 -0.8785614 0.4478033 0.0774906
1535224917.793487 -3.4646430 2.3025169 0.3801125 -0.1381882 -0.8794665 0.4489343 0.0768162
1535224917.859048 -3.4715133 2.2921317 0.3633634 -0.1328982 -0.8799201 0.4498138 0.0758047
1535224917.924352 -3.4824610 2.2837687 0.3465299 -0.1310550 -0.8796362 0.4511411 0.0744072
1535224918.023476 -3.4970093 2.2703524 0.3298526 -0.1315256 -0.8783365 0.4541360 0.0706146
1535224918.090077 -3.5110779 2.2641604 0.3127081 -0.1325454 -0.8772656 0.4562343 0.0684624
1535224918.155380 -3.5244737 2.2585490 0.2951889 -0.1324851 -0.8763180 0.4582814 0.0670270
1535224918.649180 -3.5694423 2.1874242 0.2641684 -0.1512450 -0.8676438 0.4699850 0.0585933
1535224918.699133 -3.5739837 2.1815112 0.2582515 -0.1510857 -0.8677089 0.4698020 0.0595017
1535224919.176541 -3.5971341 2.1177073 0.2351177 -0.1518505 -0.8658977 0.4740601 0.0492912
1535224919.423960 -3.6127124 2.0821629 0.2173707 -0.1468931 -0.8669665 0.4739193 0.0468203
1535224919.835806 -3.6232939 2.0186696 0.1879232 -0.1248808 -0.8733615 0.4688513 0.0426951
1535224920.148528 -3.6327658 1.9618452 0.1628174 -0.1175563 -0.8784787 0.4620200 0.0315150
1535224920.428727 -3.6410067 1.9024370 0.1438124 -0.1180800 -0.8817464 0.4566938 0.0033390
1535224920.922268 -3.6368771 1.8083463 0.1226221 -0.0788900 -0.8859360 0.4563716 -0.0248772
1535224921.186077 -3.6278667 1.7543793 0.1130834 -0.0405848 -0.8872418 0.4583475 -0.0327481
1535224921.581533 -3.6413965 1.6717972 0.0916771 -0.0237947 -0.8897830 0.4548686 -0.0285411
1535224921.778999 -3.6569023 1.6292865 0.0816585 -0.0331528 -0.8924413 0.4491265 -0.0271088
1535224922.157673 -3.6722524 1.5445975 0.0570070 -0.0279620 -0.8965849 0.4414546 -0.0217132
1535224922.355401 -3.6765611 1.4961569 0.0467781 -0.0242275 -0.8970882 0.4406737 -0.0212727
1535224922.668254 -3.6831560 1.4162686 0.0299309 -0.0115751 -0.8977555 0.4400160 -0.0169428
1535224923.129270 -3.6970747 1.3121458 0.0018678 0.0019634 -0.8983484 0.4389220 -0.0177132
1535224923.524727 -3.7057703 1.2237902 -0.0237210 0.0040374 -0.9011058 0.4330827 -0.0207707
1535224924.052087 -3.7068050 1.1083612 -0.0568082 -0.0020497 -0.9047626 0.4252834 -0.0231227
1535224924.446760 -3.7204449 1.0193883 -0.0795437 -0.0151263 -0.9064699 0.4215265 -0.0199711
1535224924.941342 -3.7385609 0.8986640 -0.0998551 -0.0295384 -0.9076131 0.4185482 -0.0135417
1535224925.402359 -3.7406123 0.7901850 -0.1096412 -0.0284447 -0.9062988 0.4212829 -0.0182793
1535224925.929977 -3.7625554 0.6695753 -0.1283499 -0.0417918 -0.9019773 0.4295762 -0.0124350
1535224926.324394 -3.7937887 0.5818264 -0.1441129 -0.0670846 -0.8977035 0.4353684 -0.0090807
1535224926.752631 -3.8071423 0.4882334 -0.1693212 -0.0700008 -0.8951616 0.4401131 -0.0092800
1535224927.148345 -3.8229339 0.4158153 -0.2027359 -0.0631069 -0.8969172 0.4376652 0.0024751
1535224927.543802 -3.8554327 0.3433151 -0.2363339 -0.0743446 -0.8998072 0.4297712 0.0108044
1535224927.675706 -3.8661554 0.3185082 -0.2461637 -0.0765087 -0.9004649 0.4279344 0.0134761
1535224927.806571 -3.8734145 0.2915865 -0.2522668 -0.0783237 -0.9010391 0.4263593 0.0145511
1535224928.136724 -3.8865664 0.2219512 -0.2629898 -0.0783975 -0.9027610 0.4226789 0.0147947
1535224928.663044 -3.9140010 0.1083393 -0.2818750 -0.0821688 -0.9065991 0.4134083 0.0204922
1535224929.223187 -3.9381409 -0.0063827 -0.3031588 -0.0934422 -0.9065802 0.4112267 0.0165396
1535224929.684205 -3.9423656 -0.0995301 -0.3236839 -0.0867992 -0.9073003 0.4112942 0.0104453
1535224930.014356 -3.9547887 -0.1667651 -0.3394718 -0.0879677 -0.9070201 0.4116182 0.0121102
1535224930.343468 -3.9657774 -0.2356044 -0.3564448 -0.0872171 -0.9073583 0.4110400 0.0118363
1535224930.607278 -3.9710784 -0.2948446 -0.3679949 -0.0864229 -0.9074970 0.4110188 0.0066139
1535224930.804486 -3.9714961 -0.3420636 -0.3754515 -0.0849502 -0.9072753 0.4118672 0.0006601
1535224931.100820 -3.9696736 -0.4126434 -0.3911725 -0.0730004 -0.9074547 0.4137594 0.0004345
1535224931.364629 -3.9715385 -0.4726742 -0.4101745 -0.0685047 -0.9062220 0.4172106 -0.0020474
1535224931.628440 -3.9774711 -0.5291100 -0.4284246 -0.0692838 -0.9043434 0.4211445 0.0002487
1535224931.891990 -3.9790003 -0.5879772 -0.4436572 -0.0694100 -0.9024289 0.4251114 -0.0092086
1535224932.154760 -3.9770622 -0.6483245 -0.4588181 -0.0632613 -0.9015573 0.4277610 -0.0145966
1535224932.418569 -3.9728856 -0.7095289 -0.4730096 -0.0557083 -0.9012058 0.4292311 -0.0220295
1535224932.616816 -3.9691267 -0.7535341 -0.4862652 -0.0452857 -0.9018964 0.4290056 -0.0220515
1535224933.011232 -3.9647274 -0.8354239 -0.5159047 -0.0328118 -0.9034746 0.4266417 -0.0251763
1535224933.506071 -3.9524722 -0.9365252 -0.5473243 -0.0163073 -0.9050009 0.4233912 -0.0380441
1535224933.900487 -3.9347239 -1.0186018 -0.5662707 0.0040870 -0.9055514 0.4214174 -0.0486543
1535224934.098992 -3.9299431 -1.0608463 -0.5785512 0.0100904 -0.9054837 0.4212742 -0.0502540
1535224934.428105 -3.9280992 -1.1294794 -0.5964653 0.0127484 -0.9045644 0.4229913 -0.0517614
1535224934.691657 -3.9264288 -1.1870890 -0.6086267 0.0142959 -0.9045812 0.4221927 -0.0572864
1535224934.889122 -3.9231586 -1.2304899 -0.6180443 0.0187075 -0.9049853 0.4209464 -0.0587855
1535224935.383703 -3.9014835 -1.3385618 -0.6394501 0.0329798 -0.9047637 0.4186784 -0.0708759
1535224935.712816 -3.8921590 -1.4153934 -0.6549289 0.0425604 -0.9039707 0.4204744 -0.0650146
1535224935.976626 -3.8899913 -1.4772732 -0.6674692 0.0418047 -0.9035400 0.4215588 -0.0644689
1535224936.239396 -3.8856864 -1.5363202 -0.6838175 0.0464918 -0.9027875 0.4224179 -0.0661542
1535224936.701194 -3.8677311 -1.6325119 -0.7162453 0.0662827 -0.8996583 0.4248626 -0.0755865
1535224937.162211 -3.8398094 -1.7228779 -0.7472461 0.0988920 -0.8962738 0.4240588 -0.0841891
1535224937.359677 -3.8271942 -1.7611506 -0.7591330 0.1159706 -0.8944769 0.4231144 -0.0862331
1535224937.787916 -3.7860856 -1.8445053 -0.7799616 0.1660227 -0.8865035 0.4194335 -0.1030704
1535224938.051467 -3.7558827 -1.8925099 -0.7892568 0.1945345 -0.8792459 0.4189265 -0.1165483
1535224938.183371 -3.7390695 -1.9139147 -0.7923584 0.2088733 -0.8749148 0.4182980 -0.1261855
1535224938.447181 -3.7006154 -1.9510648 -0.7971398 0.2421602 -0.8638081 0.4177127 -0.1439103
1535224938.709950 -3.6602945 -1.9814337 -0.8020378 0.2791604 -0.8502463 0.4175012 -0.1576180
1535224938.973501 -3.6213450 -2.0097265 -0.8056695 0.3091375 -0.8374297 0.4151392 -0.1755134
1535224939.336435 -3.5714469 -2.0537906 -0.8099521 0.3416500 -0.8213674 0.4149899 -0.1908249
1535224939.730851 -3.5176663 -2.0982335 -0.8128395 0.3731624 -0.8021863 0.4106850 -0.2204200
1535224940.192909 -3.4474626 -2.1440430 -0.8124509 0.4187132 -0.7725303 0.4065413 -0.2502007
1535224940.455679 -3.4058065 -2.1709721 -0.8033373 0.4409151 -0.7547309 0.4076459 -0.2641968
1535224940.719489 -3.3648076 -2.1981215 -0.7878010 0.4534509 -0.7397565 0.4103787 -0.2805923
1535224941.049641 -3.3130193 -2.2305355 -0.7665229 0.4642810 -0.7221467 0.4128737 -0.3041098
1535224941.246849 -3.2786899 -2.2459290 -0.7561488 0.4733596 -0.7105352 0.4136996 -0.3161061
1535224941.510400 -3.2333646 -2.2621374 -0.7476234 0.4877822 -0.6947919 0.4120190 -0.3310182
1535224941.806992 -3.1850569 -2.2808549 -0.7473483 0.5007055 -0.6819430 0.4072318 -0.3441075
1535224942.268009 -3.1166127 -2.3304806 -0.7532239 0.4920249 -0.6860131 0.4001493 -0.3566203
1535224942.992577 -3.0019524 -2.3777359 -0.7412295 0.5040764 -0.6724572 0.3885590 -0.3777966
1535224943.552720 -2.9080684 -2.4148240 -0.7416308 0.5120019 -0.6619608 0.3759669 -0.3978830
1535224946.023275 -2.4891555 -2.5739536 -0.7490437 0.5625331 -0.6457073 0.3502610 -0.3793887
1535224948.691040 -1.9567635 -2.6870401 -0.6747518 0.5798807 -0.6328040 0.3318631 -0.3913622
1535224951.622612 -1.3955259 -2.7496045 -0.6982613 0.6044694 -0.6186005 0.3199256 -0.3867787
1535224953.698752 -0.9875832 -2.7613378 -0.6921549 0.6038026 -0.6130041 0.3172421 -0.3987554
1535224954.027865 -0.9201484 -2.7617884 -0.6896054 -0.6061918 0.6034872 -0.3227079 0.4052090
1535224954.225073 -0.8800454 -2.7616310 -0.6850427 -0.6111493 0.5927584 -0.3236051 0.4128121
1535224954.653312 -0.7987876 -2.7601905 -0.6734576 -0.6195934 0.5725235 -0.3300198 0.4235655
1535224955.905498 -0.5983918 -2.7459154 -0.6535362 0.5864682 -0.5949502 0.2815552 -0.4720340
1535224956.201832 -0.5538173 -2.7324915 -0.6349146 -0.5909044 0.5860208 -0.2759880 0.4808766
1535224957.190212 -0.4132667 -2.6678088 -0.5764215 -0.6399669 0.5361099 -0.2751070 0.4768067
1535224957.651229 -0.3566167 -2.6269631 -0.5418854 -0.6608258 0.5080801 -0.2508529 0.4921754
1535224958.441358 -0.2589990 -2.5506842 -0.4849939 -0.7046301 0.4464010 -0.2155631 0.5076959
1535224958.869597 -0.2194563 -2.5110912 -0.4627690 -0.7295303 0.4054850 -0.2033009 0.5118946
1535224959.133405 -0.2039092 -2.4756641 -0.4532449 -0.7452140 0.3718297 -0.1971432 0.5172363
1535224959.397215 -0.1858295 -2.4337959 -0.4391921 -0.7537033 0.3453188 -0.1738555 0.5314702
1535224959.528862 -0.1748456 -2.4111307 -0.4291415 -0.7571925 0.3326117 -0.1606241 0.5387291
1535224959.923536 -0.1473235 -2.3342674 -0.3956559 -0.7650041 0.2948656 -0.1145301 0.5609865
1535224960.418376 -0.1190038 -2.2490592 -0.3494959 -0.7741333 0.2451643 -0.0840375 0.5775377
1535224960.812792 -0.0946947 -2.2023208 -0.3226962 -0.7737409 0.2182495 -0.0803046 0.5892736
1535224962.987017 0.0292973 -1.9781598 -0.3838184 -0.7795266 0.1429689 -0.0305603 0.6090684
1535224963.909834 0.0481123 -1.8264368 -0.4108784 -0.8053474 0.0936879 -0.0006228 0.5853527
1535224964.271728 0.0558826 -1.7737367 -0.4236271 -0.8182306 0.0785078 0.0061661 0.5694710
1535224964.898471 0.0927569 -1.6867726 -0.4319198 -0.8308314 0.0748482 0.0118944 0.5513397
1535224965.424794 0.1185729 -1.5996869 -0.4317907 -0.8399751 0.0713499 0.0158803 0.5376792
1535224966.001326 0.1423318 -1.5051836 -0.4285718 -0.8450814 0.0625536 0.0164139 0.5307119
1535224966.462215 0.1729190 -1.4308248 -0.4158950 -0.8420494 0.0670026 0.0211029 0.5348067
1535224966.725895 0.1924053 -1.3926789 -0.4113042 -0.8405048 0.0658706 0.0176229 0.5374964
1535224968.686520 0.3610404 -1.1382629 -0.3835495 -0.8574502 0.0631610 -0.0036159 0.5106631
1535224968.850949 0.3708485 -1.1106336 -0.3887395 -0.8588318 0.0610830 -0.0061282 0.5085660
1535224969.245624 0.3916382 -1.0549567 -0.3586022 -0.8597133 0.0567721 -0.0075960 0.5075551
1535224971.321506 0.4359010 -0.7301971 -0.2161993 -0.8600073 0.0105334 0.0107045 0.5100608
1535224973.989272 0.4818631 -0.2891326 -0.1187387 -0.8543968 -0.0049140 0.0327400 0.5185653
1535224976.163496 0.5244492 0.1673907 -0.0347573 -0.8518302 -0.0371437 0.0272549 0.5217881
1535224976.459828 0.5346690 0.2373701 -0.0249582 -0.8540413 -0.0344583 0.0267698 0.5183719
1535224977.415684 0.5618880 0.4920081 0.0082678 -0.8471513 -0.0334627 0.0236046 0.5297714
1535224979.326100 0.5865980 0.9721320 0.0214220 -0.8227828 -0.0457912 0.0363731 0.5653394
1535224981.796659 0.5947918 1.5274158 0.0260496 -0.8375294 -0.0862875 0.0415381 0.5379346
1535224984.530769 0.4911664 2.0488944 0.1107314 -0.8326104 -0.1877631 0.0895236 0.5133133
1535224984.892663 0.4622845 2.1134143 0.1164825 -0.8246614 -0.2091504 0.1008694 0.5157666
1535224986.934984 0.2554765 2.4013462 0.1140456 -0.7765100 -0.3447874 0.1729510 0.4982387
1535224988.615411 0.0863591 2.5662642 0.1406829 -0.7477687 -0.4306419 0.2192949 0.4553013
1535224989.175553 0.0184317 2.6169457 0.1581073 -0.7369085 -0.4480531 0.2427826 0.4441519
1535224989.998207 -0.1145809 2.6796927 0.1856036 -0.7120129 -0.4877294 0.2623048 0.4316872
1535224990.854940 -0.2342308 2.7319400 0.2020509 -0.6914141 -0.5218329 0.2819703 0.4124679
1535224991.447605 -0.3121877 2.7642345 0.2105155 -0.6794831 -0.5460166 0.2853749 0.3984092
1535224991.876100 -0.3621621 2.7853415 0.2242290 -0.6724828 -0.5609406 0.2880492 0.3874792
1535224992.535367 -0.4371843 2.8040547 0.2480639 -0.6518352 -0.5877895 0.2988276 0.3745886
1535224992.897003 -0.4811404 2.8197880 0.2590322 -0.6418846 -0.5999218 0.2999083 0.3716626
1535224993.391841 -0.5513129 2.8595209 0.2708520 -0.6476387 -0.6004508 0.2978864 0.3623349
1535224993.819038 -0.6196797 2.8887935 0.2753049 -0.6521688 -0.6032882 0.2879528 0.3574948
1535224994.214754 -0.6881094 2.9165754 0.2828976 -0.6592286 -0.6017761 0.2834706 0.3506105
1535224994.478306 -0.7316885 2.9374771 0.2888994 -0.6637145 -0.6004065 0.2805538 0.3468208
1535224995.203135 -0.8490312 2.9707527 0.3102574 -0.6577411 -0.5998961 0.2914235 0.3501053
1535224995.515857 -0.8969710 2.9749100 0.3177533 -0.6581577 -0.5958560 0.3049927 0.3446208
1535224995.927703 -0.9706352 2.9782400 0.3200691 -0.6537846 -0.6034728 0.3065296 0.3382689
1535224996.323416 -1.0290990 2.9805944 0.3167341 -0.6214301 -0.6276593 0.3048456 0.3562833
1535224996.751655 -1.0878248 2.9912410 0.3143251 -0.6226790 -0.6304703 0.3140913 0.3407708
1535224997.014425 -1.1290381 2.9971664 0.3150442 -0.6248310 -0.6301352 0.3112391 0.3400679
1535224997.673691 -1.2560794 2.9994528 0.3305876 -0.6216478 -0.6277626 0.3162719 0.3456014
1535224997.920981 -1.3007252 3.0030098 0.3358543 -0.6151631 -0.6322972 0.3097545 0.3547207
1535224998.201052 -1.3565996 3.0038834 0.3448837 -0.6193922 -0.6324399 0.3113367 0.3456046
1535224998.562947 -1.4258842 2.9997358 0.3594558 -0.6262892 -0.6279058 0.3163259 0.3367996
1535224999.090309 -1.5204165 2.9821455 0.3753390 -0.6172895 -0.6316023 0.3298844 0.3334794
1535224999.534936 -1.5930455 2.9761684 0.3831742 -0.6122133 -0.6353620 0.3344330 0.3311566
1535225000.012344 -1.6790733 2.9897695 0.3927248 -0.6235350 -0.6250918 0.3324273 0.3315967
1535225000.671609 -1.8095980 3.0288172 0.3981233 -0.6367781 -0.6170195 0.3128303 0.3404963
1535225000.836039 -1.8463423 3.0418875 0.3983121 -0.6398461 -0.6143683 0.3062036 0.3455255
1535225000.967943 -1.8741701 3.0500634 0.4019144 -0.6417558 -0.6113790 0.3040569 0.3491630
1535225002.285693 -2.1818521 3.0708826 0.4283304 -0.6464151 -0.5909083 0.3222895 0.3593110
1535225004.425842 -2.6195817 3.1762791 0.4237218 -0.6652987 -0.5530080 0.3245868 0.3823653
1535225007.424020 -3.1691494 3.3100221 0.3904042 -0.6787043 -0.5731153 0.2450716 0.3883802
1535225007.852258 -3.2430656 3.3303528 0.3967819 -0.6927004 -0.5674459 0.2395302 0.3752287
1535225008.511523 -3.3599257 3.3541205 0.4210620 -0.7034574 -0.5610020 0.2392072 0.3649718
1535225009.663549 -3.5762906 3.3850331 0.4587302 -0.6932411 -0.5682164 0.2507562 0.3656067
1535225009.894578 -3.6227596 3.3897338 0.4656553 -0.6894560 -0.5691285 0.2607938 0.3643209
1535225010.322815 -3.7049007 3.4124200 0.4792018 -0.6854706 -0.5670220 0.2650439 0.3719784
1535225012.134108 -4.0734968 3.5201068 0.5257387 -0.6778424 -0.5819235 0.2561747 0.3691466
1535225012.233231 -4.0946198 3.5258830 0.5265107 -0.6775712 -0.5826061 0.2574239 0.3676961
1535225013.682630 -4.3820868 3.5905914 0.5800595 -0.6414225 -0.6089838 0.2383180 0.4011490
1535225013.978962 -4.4284258 3.6014454 0.5826545 -0.6364565 -0.6106175 0.2364684 0.4076176
1535225014.390938 -4.4926662 3.5956829 0.5792294 -0.6266683 -0.6219348 0.2529801 0.3955818
1535225015.066464 -4.6161957 3.5620084 0.5786195 -0.5968763 -0.6550609 0.2787196 0.3700666
1535225017.898920 -5.0047989 3.3248515 0.5806074 -0.4011981 -0.8019070 0.3802451 0.2267134
1535225019.051984 -5.1059723 3.2375464 0.6008179 -0.2830165 -0.8364906 0.4273320 0.1938363
1535225019.447442 -5.1469812 3.2107759 0.5986851 -0.2417346 -0.8481816 0.4337903 0.1843324
1535225019.776556 -5.1824036 3.1835613 0.5903932 -0.2181054 -0.8526128 0.4411389 0.1757212
1535225020.172271 -5.2235975 3.1445172 0.5833379 -0.2037420 -0.8581209 0.4442255 0.1574216
1535225020.665812 -5.2699099 3.0711880 0.5866023 -0.1886031 -0.8634366 0.4484790 0.1333143
1535225021.160649 -5.2925692 2.9883304 0.5800340 -0.1534347 -0.8682688 0.4575394 0.1149987
1535225022.642828 -5.3820987 2.7452369 0.5715390 -0.0810133 -0.8873013 0.4411986 0.1071316
1535225023.861198 -5.4528356 2.5282693 0.5628832 -0.0763688 -0.8807847 0.4640670 0.0550278
1535225024.240392 -5.4762087 2.4688387 0.5532930 -0.0709076 -0.8822365 0.4629251 0.0482822
1535225026.266195 -5.5511770 2.0974250 0.4981725 -0.0456129 -0.8989890 0.4353031 0.0157959
1535225028.473200 -5.6622462 1.6304318 0.4059547 -0.0354931 -0.9036849 0.4265336 0.0127681
1535225030.877161 -5.7987609 1.0227988 0.3501302 -0.0343221 -0.9111143 0.4094289 0.0325676
1535225033.545967 -5.8735852 0.2913947 0.2120589 -0.0169529 -0.8858926 0.4629060 0.0249975
1535225036.213733 -5.9560404 -0.3543057 0.0154041 -0.0117555 -0.9025463 0.4285021 0.0407185
1535225038.552645 -6.0479116 -0.9098630 -0.1596100 -0.0541409 -0.9133798 0.4006149 0.0481013
1535225039.772055 -6.0810761 -1.1960603 -0.2353897 -0.0252918 -0.9233743 0.3800892 0.0476700
1535225039.969263 -6.0857644 -1.2430587 -0.2473464 -0.0176437 -0.9237601 0.3796614 0.0470444
1535225040.793216 -6.0939083 -1.4634727 -0.2864203 -0.0008533 -0.9189914 0.3927316 0.0348716
1535225041.055728 -6.0953159 -1.5324618 -0.2970877 0.0059099 -0.9162152 0.3993262 0.0324580
1535225041.187633 -6.0927925 -1.5683712 -0.3021262 0.0148514 -0.9151546 0.4015660 0.0318794
1535225041.846900 -6.0549874 -1.7285043 -0.3735673 0.0732007 -0.9083701 0.4116251 0.0083825
1535225042.110710 -6.0319967 -1.7828493 -0.4242648 0.1053176 -0.9053184 0.4114692 -0.0002826
1535225042.571728 -5.9942679 -1.8728218 -0.4807222 0.1549054 -0.8992782 0.4082986 -0.0243990
1535225043.394384 -5.9051657 -1.9994638 -0.5591491 0.2712236 -0.8702267 0.4024164 -0.0848782
1535225043.592890 -5.8679929 -2.0175087 -0.5945046 0.3088992 -0.8572425 0.3987381 -0.1035588
1535225043.658193 -5.8526840 -2.0248876 -0.6294543 0.3227687 -0.8520015 0.3973814 -0.1095525
1535225043.988346 -5.7912922 -2.0499897 -0.6670747 0.3795556 -0.8261002 0.3932709 -0.1372375
1535225044.449364 -5.6997700 -2.0845685 -0.6996987 0.4344701 -0.7940683 0.3834189 -0.1835242
1535225044.581269 -5.6721120 -2.0935698 -0.7084427 0.4461370 -0.7866243 0.3790583 -0.1962113
1535225045.074811 -5.5801134 -2.1193335 -0.7184048 0.4794812 -0.7646746 0.3653341 -0.2278192
1535225045.470527 -5.5033307 -2.1303725 -0.7389050 0.5046909 -0.7472315 0.3524303 -0.2504498
1535225045.931545 -5.4174633 -2.1548586 -0.7490721 0.5239015 -0.7340549 0.3403289 -0.2662085
1535225046.260658 -5.3552775 -2.1689119 -0.7568421 0.5429102 -0.7205905 0.3285176 -0.2794173
1535225046.524209 -5.3077493 -2.1772213 -0.7647872 0.5638315 -0.7036268 0.3249860 -0.2852853
1535225046.985226 -5.2296438 -2.2092843 -0.7739286 0.5716832 -0.6925048 0.3191240 -0.3029445
1535225047.809180 -5.0728364 -2.2728536 -0.7845144 0.5909520 -0.6650518 0.3270813 -0.3185900
1535225048.072731 -5.0277929 -2.2790031 -0.7915540 0.6038027 -0.6508021 0.3292978 -0.3216240
1535225048.467407 -4.9666348 -2.2951474 -0.8006706 0.6189587 -0.6357868 0.3265131 -0.3256601
1535225048.797559 -4.9121161 -2.3169885 -0.8064275 0.6266422 -0.6299224 0.3234306 -0.3254380
1535225049.159455 -4.8454647 -2.3298779 -0.8117332 -0.6385874 0.6216237 -0.3163337 0.3251510
1535225049.423006 -4.7944827 -2.3381867 -0.8110938 -0.6421257 0.6192207 -0.3114560 0.3274683
1535225049.686817 -4.7423182 -2.3533807 -0.8034143 -0.6419463 0.6203445 -0.3107015 0.3264081
1535225050.147834 -4.6464047 -2.3798490 -0.7923269 -0.6448089 0.6158479 -0.3123194 0.3277337
1535225050.608852 -4.5462618 -2.3959947 -0.7854085 -0.6506438 0.6026886 -0.3177474 0.3353591
1535225050.872403 -4.4918709 -2.4086318 -0.7834382 -0.6498763 0.5986639 -0.3233315 0.3387020
1535225051.136213 -4.4360981 -2.4194140 -0.7822671 -0.6484857 0.5962688 -0.3229453 0.3458846
1535225051.498109 -4.3506913 -2.4220393 -0.7860742 -0.6539271 0.5863912 -0.3209555 0.3542771
1535225051.893566 -4.2569456 -2.4225602 -0.7914414 -0.6537983 0.5791120 -0.3254745 0.3622756
1535225052.354584 -4.1581159 -2.4380603 -0.7986012 -0.6446763 0.5842301 -0.3266037 0.3693206
1535225052.486488 -4.1296577 -2.4435363 -0.8015370 -0.6437604 0.5849168 -0.3269281 0.3695441
1535225052.882202 -4.0409102 -2.4458795 -0.8024669 -0.6436864 0.5857565 -0.3234891 0.3713650
1535225053.013849 -4.0108428 -2.4433389 -0.8009310 -0.6437613 0.5853741 -0.3205222 0.3743983
1535225053.375745 -3.9285426 -2.4335403 -0.7898531 -0.6458658 0.5790803 -0.3187370 0.3820081
1535225053.836763 -3.8289306 -2.4251189 -0.7754393 -0.6463657 0.5672185 -0.3156155 0.4010754
1535225054.232221 -3.7356782 -2.4375827 -0.7759576 -0.6405326 0.5611561 -0.3309551 0.4065596
1535225054.693239 -3.6354210 -2.4396844 -0.7771592 -0.6482710 0.5474852 -0.3391014 0.4062205
1535225055.022352 -3.5662508 -2.4546618 -0.7799430 -0.6464950 0.5580968 -0.3341651 0.3986300
1535225055.220858 -3.5240822 -2.4657371 -0.7815857 -0.6401278 0.5734009 -0.3301644 0.3904347
1535225055.649097 -3.4309292 -2.4655914 -0.7846112 -0.6371104 0.5901406 -0.3197877 0.3788934
1535225056.110115 -3.3273768 -2.4574757 -0.7739749 -0.6259934 0.6026261 -0.3158379 0.3810780
1535225056.505570 -3.2331128 -2.4709280 -0.7665386 0.6127527 -0.6185359 0.3181932 -0.3751007
1535225056.768341 -3.1725726 -2.4757895 -0.7657716 0.6116676 -0.6227179 0.3152077 -0.3724638
1535225057.163797 -3.0793614 -2.4827802 -0.7634652 0.6096916 -0.6274973 0.3132452 -0.3693246
1535225057.460389 -3.0099096 -2.4900305 -0.7594192 0.6110421 -0.6285084 0.3192964 -0.3600758
1535225057.592036 -2.9777009 -2.4960032 -0.7588341 0.6108217 -0.6294526 0.3196245 -0.3585057
1535225059.370805 -2.5260580 -2.5613694 -0.7525976 0.6153901 -0.6288702 0.3370500 -0.3349847
1535225060.721861 -2.2059538 -2.5681996 -0.7482038 0.6100337 -0.6248714 0.3484427 -0.3405618
1535225063.521533 -1.5546620 -2.5560417 -0.6920307 -0.6113975 0.5987418 -0.3574248 0.3740975
1535225064.740161 -1.2926869 -2.5682454 -0.6916139 -0.6224333 0.5926906 -0.3527758 0.3699241
1535225065.531332 -1.1162922 -2.5788255 -0.6871803 -0.6247166 0.6021618 -0.3491178 0.3539026
1535225067.606178 -0.6341414 -2.5487721 -0.6390336 -0.6521013 0.5611029 -0.3374316 0.3821876
1535225068.692644 -0.4237444 -2.4124684 -0.6342530 -0.7331528 0.4216782 -0.3056346 0.4373350
1535225069.088358 -0.3610094 -2.3554029 -0.6290448 -0.7499989 0.3856276 -0.2835434 0.4565043
1535225069.220262 -0.3397509 -2.3359008 -0.6254606 -0.7534227 0.3764687 -0.2777961 0.4620117
1535225069.615719 -0.2751912 -2.2726574 -0.6168075 -0.7622850 0.3488570 -0.2579167 0.4803118
1535225069.879528 -0.2361537 -2.2317152 -0.6088600 -0.7696981 0.3230932 -0.2491075 0.4910407
1535225070.043957 -0.2158928 -2.2060010 -0.6057918 -0.7763836 0.3027942 -0.2431904 0.4963896
1535225070.438633 -0.1687944 -2.1540527 -0.5929139 -0.7901955 0.2580201 -0.2280124 0.5069785
1535225070.834091 -0.1223801 -2.1105437 -0.5779233 -0.7991956 0.2268519 -0.2164659 0.5128033
1535225071.097900 -0.0884621 -2.0854666 -0.5633352 -0.8034422 0.2123301 -0.2082553 0.5157773
1535225071.361452 -0.0524446 -2.0631716 -0.5457153 -0.8048211 0.2042802 -0.1993079 0.5203931
1535225071.954374 0.0233975 -2.0019908 -0.4981611 -0.8059027 0.1772539 -0.1662635 0.5398688
1535225072.350088 0.0676885 -1.9523983 -0.4803395 -0.8036147 0.1520280 -0.1624095 0.5520092
1535225073.370992 0.1804426 -1.8316758 -0.4589493 -0.8107788 0.1417442 -0.1266383 0.5536326
1535225073.832010 0.2306295 -1.7806207 -0.4631962 -0.8172302 0.1405970 -0.1138802 0.5471733
1535225074.095819 0.2548970 -1.7517180 -0.4597075 -0.8207882 0.1294548 -0.1112681 0.5451308
1535225074.524058 0.2693010 -1.6978706 -0.4471833 -0.8229532 0.0943560 -0.0894023 0.5530391
1535225075.182286 0.2919607 -1.6070991 -0.4264596 -0.8212917 0.0730521 -0.0627045 0.5623268
1535225075.973456 0.3424328 -1.4948932 -0.3933575 -0.8238795 0.0777058 -0.0355386 0.5602868
1535225076.368131 0.3573433 -1.4339250 -0.3748138 -0.8275782 0.0680854 -0.0201532 0.5568416
1535225076.862714 0.3802869 -1.3647422 -0.3468863 -0.8295485 0.0479359 -0.0093290 0.5562952
1535225077.125484 0.3944373 -1.3287529 -0.3314041 -0.8318762 0.0423434 0.0010221 0.5533426
1535225077.389293 0.4049058 -1.2905861 -0.3178542 -0.8340484 0.0290744 0.0038286 0.5509114
1535225077.784750 0.4215156 -1.2321104 -0.3020306 -0.8363381 0.0065119 0.0016234 0.5481730
1535225078.245767 0.4481612 -1.1631505 -0.2784200 -0.8377542 -0.0141544 0.0043434 0.5458467
1535225078.377672 0.4570360 -1.1415291 -0.2716372 -0.8379043 -0.0190869 0.0031664 0.5454742
1535225078.805911 0.4873047 -1.0597423 -0.2573053 -0.8384140 -0.0192436 -0.0028796 0.5446864
1535225079.398835 0.5086038 -0.9421472 -0.2337372 -0.8368954 -0.0131434 -0.0006610 0.5472046
1535225079.530482 0.5089362 -0.9216177 -0.2238386 -0.8361112 -0.0154770 0.0032284 0.5483321
1535225079.926197 0.5076069 -0.8610815 -0.2011701 -0.8329716 -0.0276010 0.0114484 0.5525085
1535225080.320614 0.5073045 -0.8035079 -0.1794866 -0.8305706 -0.0338566 0.0262674 0.5552624
1535225080.568033 0.5069759 -0.7684349 -0.1705259 -0.8289794 -0.0408441 0.0297535 0.5569916
1535225080.848233 0.5055900 -0.7232472 -0.1621966 -0.8275198 -0.0499119 0.0350937 0.5581113
1535225081.276472 0.5137994 -0.6549539 -0.1542985 -0.8264433 -0.0569011 0.0405975 0.5586641
1535225082.297632 0.5229620 -0.5018607 -0.1474892 -0.8276062 -0.0896137 0.0618478 0.5506472
1535225082.956900 0.5481555 -0.3911141 -0.1354532 -0.8326486 -0.0989942 0.0722488 0.5400710
1535225083.253232 0.5584505 -0.3480130 -0.1312635 -0.8351526 -0.0983726 0.0694961 0.5366687
1535225084.108927 0.5892016 -0.2270991 -0.1294123 -0.8545658 -0.0844871 0.0560800 0.5093469
1535225084.471602 0.6027017 -0.1649484 -0.1329790 -0.8666410 -0.0758574 0.0394456 0.4915518
1535225084.867316 0.6163927 -0.0910614 -0.1329779 -0.8766273 -0.0554637 0.0242392 0.4773476
1535225085.360859 0.6106151 0.0109172 -0.1237781 -0.8813871 -0.0378178 0.0201538 0.4704471
1535225085.689972 0.5913932 0.0812234 -0.1173209 -0.8822977 -0.0354868 0.0243343 0.4687209
1535225086.152030 0.5669490 0.1884489 -0.1046465 -0.8813947 -0.0281895 0.0244474 0.4709045
1535225086.282895 0.5595896 0.2196463 -0.1022498 -0.8810439 -0.0244767 0.0252581 0.4717252
1535225086.744953 0.5372168 0.3226320 -0.0813781 -0.8797274 -0.0244634 0.0264321 0.4741124
1535225086.909641 0.5305828 0.3606346 -0.0759279 -0.8793904 -0.0287401 0.0269050 0.4744709
1535225087.041287 0.5275282 0.3907250 -0.0717342 -0.8786839 -0.0309556 0.0259327 0.4756931
1535225087.435962 0.5262646 0.4770149 -0.0589328 -0.8748995 -0.0213530 0.0272367 0.4830664
1535225087.831419 0.5258911 0.5573432 -0.0486121 -0.8696445 -0.0127783 0.0312860 0.4925204
1535225088.095229 0.5215366 0.6088482 -0.0466602 -0.8668110 -0.0124003 0.0365866 0.4971381
1535225088.424342 0.5237674 0.6697432 -0.0458050 -0.8629201 -0.0175707 0.0277851 0.5042699
1535225088.819798 0.5404450 0.7414132 -0.0420652 -0.8572116 -0.0160789 0.0283367 0.5139327
1535225089.215513 0.5600584 0.8108605 -0.0384712 -0.8505977 -0.0158114 0.0273914 0.5248650
1535225089.643752 0.5711954 0.8869624 -0.0360276 -0.8448805 -0.0247272 0.0318134 0.5334356
1535225090.104771 0.5878323 0.9697275 -0.0342799 -0.8414252 -0.0256280 0.0228442 0.5392819
1535225090.549398 0.6020530 1.0536062 -0.0363286 -0.8421016 -0.0205922 0.0164949 0.5386731
1535225090.795778 0.6050364 1.1084969 -0.0344020 -0.8427604 -0.0220044 0.0083610 0.5377739
1535225091.125932 0.6069983 1.1823647 -0.0295836 -0.8419334 -0.0251589 0.0011412 0.5389934
1535225091.520349 0.6175320 1.2711601 -0.0177695 -0.8383983 -0.0241395 -0.0132443 0.5443621
1535225091.965627 0.6275053 1.3675154 -0.0053338 -0.8347600 -0.0167490 -0.0244631 0.5498152
1535225092.410646 0.6262126 1.4630756 0.0111628 -0.8355113 -0.0220197 -0.0341027 0.5479717
1535225092.707236 0.6243273 1.5244017 0.0230889 -0.8366404 -0.0257725 -0.0364080 0.5459333
1535225092.904445 0.6223818 1.5661038 0.0296661 -0.8383847 -0.0312204 -0.0378146 0.5428687
1535225093.168255 0.6163523 1.6202831 0.0381687 -0.8421720 -0.0403407 -0.0389975 0.5362818
1535225093.596495 0.6094854 1.7049401 0.0528541 -0.8472728 -0.0529960 -0.0426402 0.5267847
1535225093.826484 0.6100004 1.7484314 0.0632348 -0.8480844 -0.0552891 -0.0438408 0.5251419
1535225094.024732 0.6098750 1.7864920 0.0758417 -0.8486661 -0.0562916 -0.0437910 0.5240986
1535225094.321064 0.6042417 1.8455653 0.0859284 -0.8467836 -0.0639351 -0.0358687 0.5268617
1535225094.749560 0.5865380 1.9332860 0.1055491 -0.8433669 -0.0871808 -0.0320387 0.5292498
1535225095.177797 0.5692645 2.0203085 0.1295185 -0.8375193 -0.1127455 -0.0253780 0.5340466
1535225095.375007 0.5575414 2.0596776 0.1417365 -0.8342026 -0.1232290 -0.0170127 0.5372441
1535225095.474131 0.5520518 2.0788980 0.1486619 -0.8321773 -0.1282292 -0.0137143 0.5393053
1535225095.704121 0.5390074 2.1248729 0.1615586 -0.8267210 -0.1380704 -0.0053773 0.5453807
1535225096.067057 0.5040858 2.1968331 0.1726017 -0.8155844 -0.1705238 0.0200908 0.5525759
1535225096.264265 0.4779411 2.2366581 0.1685135 -0.8074271 -0.1955649 0.0312879 0.5557310
1535225096.692502 0.4212978 2.3040690 0.1714509 -0.7884290 -0.2521811 0.0468785 0.5590947
1535225097.186301 0.3605648 2.3738074 0.1689973 -0.7731699 -0.3050332 0.0689230 0.5517360
1535225097.482634 0.3254279 2.4096510 0.1700120 -0.7663733 -0.3291657 0.0859137 0.5449228
1535225097.944692 0.2607505 2.4612765 0.1739049 -0.7548938 -0.3667627 0.1083245 0.5328099
1535225098.042777 0.2454399 2.4726450 0.1738391 -0.7533782 -0.3720898 0.1172680 0.5293568
1535225098.537616 0.1715273 2.5283217 0.1751561 -0.7441216 -0.3931610 0.1497769 0.5189165
1535225098.833949 0.1219548 2.5594785 0.1694393 -0.7352087 -0.4136117 0.1622039 0.5119408
1535225099.063939 0.0809695 2.5795810 0.1638792 -0.7255903 -0.4332991 0.1707505 0.5065717
1535225099.558779 -0.0022860 2.6151710 0.1569724 -0.7124571 -0.4599974 0.2014114 0.4901436
1535225099.953196 -0.0637078 2.6363816 0.1539719 -0.7095346 -0.4668771 0.2251848 0.4773660
1535225100.415254 -0.1399550 2.6613929 0.1475668 -0.7037604 -0.4803436 0.2468390 0.4615862
1535225100.547159 -0.1626351 2.6699584 0.1439233 -0.7007608 -0.4850674 0.2499359 0.4595391
1535225101.008177 -0.2423518 2.7024643 0.1363626 -0.6874979 -0.5026973 0.2634191 0.4530479
1535225101.402594 -0.3080509 2.7425189 0.1348484 -0.6805578 -0.5098143 0.2752194 0.4485362
1535225101.501718 -0.3247547 2.7528193 0.1348834 -0.6792121 -0.5109826 0.2776077 0.4477741
1535225101.864652 -0.3905325 2.7835615 0.1309090 -0.6704865 -0.5227540 0.2914116 0.4384695
1535225102.160987 -0.4455450 2.8005910 0.1262259 -0.6626862 -0.5336818 0.3003205 0.4310898
1535225102.654786 -0.5314524 2.8338463 0.1210878 -0.6479691 -0.5499644 0.3042862 0.4302152
1535225102.753910 -0.5482447 2.8432121 0.1174252 -0.6451989 -0.5528533 0.3053955 0.4298897
1535225103.017719 -0.5929110 2.8575885 0.1136627 -0.6355782 -0.5645198 0.3113418 0.4247635
1535225103.263969 -0.6330523 2.8639026 0.1124291 -0.6250935 -0.5775962 0.3154382 0.4196897
1535225103.610384 -0.6976428 2.8725517 0.1089790 -0.6166179 -0.5894154 0.3226483 0.4102072
1535225104.038881 -0.7786491 2.8897033 0.1021907 -0.6172009 -0.5919134 0.3336734 0.3966908
1535225104.169488 -0.8026919 2.8953314 0.1021228 -0.6172367 -0.5920610 0.3337201 0.3963755
1535225104.565204 -0.8763309 2.9103520 0.1006854 -0.6100482 -0.5974752 0.3375418 0.3961441
1535225104.697109 -0.9003139 2.9109497 0.1026230 -0.6056304 -0.6003997 0.3410251 0.3955172
1535225105.076175 -0.9671822 2.9154179 0.0990438 -0.5886289 -0.6121517 0.3467662 0.3981702
1535225105.488280 -1.0408576 2.9239025 0.0985298 -0.5734888 -0.6254036 0.3537213 0.3935253
1535225105.734531 -1.0788379 2.9326832 0.1006093 -0.5714783 -0.6282900 0.3565183 0.3893057
1535225106.146507 -1.1467087 2.9392586 0.1033654 -0.5684658 -0.6351074 0.3590008 0.3802679
1535225106.377538 -1.1835961 2.9390292 0.1055624 -0.5641095 -0.6419607 0.3541302 0.3798141
1535225106.755565 -1.2424600 2.9411049 0.1096516 -0.5605292 -0.6484656 0.3502115 0.3776921
1535225107.035765 -1.2897735 2.9464047 0.1151409 -0.5586236 -0.6518685 0.3473621 0.3772885
1535225107.299316 -1.3336861 2.9495034 0.1226747 -0.5582154 -0.6533734 0.3504487 0.3724037
1535225107.695030 -1.4057219 2.9521742 0.1308465 -0.5548116 -0.6561772 0.3515767 0.3714962
1535225107.991365 -1.4648228 2.9582520 0.1379147 -0.5549865 -0.6540530 0.3524085 0.3741832
1535225108.123270 -1.4903257 2.9621234 0.1434877 -0.5571069 -0.6506606 0.3524658 0.3768826
1535225108.255175 -1.5157158 2.9670610 0.1488695 -0.5604677 -0.6458129 0.3519897 0.3806636
1535225108.517945 -1.5648582 2.9792709 0.1591589 -0.5699348 -0.6332175 0.3560329 0.3839928
1535225108.781499 -1.6157491 2.9788527 0.1685021 -0.5743927 -0.6263433 0.3677505 0.3775273
1535225109.177212 -1.6917596 2.9754725 0.1778939 -0.5707958 -0.6230754 0.3697654 0.3863195
1535225109.572669 -1.7619948 2.9863238 0.1895487 -0.5714966 -0.6171349 0.3713833 0.3932056
1535225109.835439 -1.8073416 2.9916928 0.1966646 -0.5732604 -0.6151803 0.3761207 0.3891773
1535225110.033687 -1.8421862 2.9953647 0.1997530 -0.5759910 -0.6139205 0.3769987 0.3862745
1535225110.461925 -1.9179409 3.0030088 0.2019315 -0.5862405 -0.6115010 0.3715274 0.3799420
1535225110.856600 -1.9849000 3.0200524 0.2019258 -0.5958070 -0.6114292 0.3541914 0.3817288
1535225111.252057 -2.0466852 3.0462761 0.2142179 -0.6055702 -0.6010625 0.3471853 0.3891928
1535225111.696686 -2.1159739 3.0704699 0.2361033 -0.6059652 -0.5881595 0.3458481 0.4089788
1535225112.108532 -2.1852095 3.0799668 0.2583687 -0.5997669 -0.5935001 0.3372940 0.4174568
1535225112.339563 -2.2208695 3.0879452 0.2707968 -0.6002181 -0.5955784 0.3311748 0.4187456
1535225112.717847 -2.2771401 3.1005592 0.2938542 -0.6135598 -0.5847617 0.3365846 0.4102547
1535225112.932487 -2.3146522 3.1049910 0.3092761 -0.6226405 -0.5757445 0.3377704 0.4083482
1535225113.064391 -2.3378141 3.1082795 0.3175035 -0.6278358 -0.5699703 0.3363387 0.4096734
1535225113.788961 -2.4816628 3.1201124 0.3699188 -0.6352153 -0.5650969 0.3239043 0.4150337
1535225114.051731 -2.5309801 3.1257460 0.3912630 -0.6334180 -0.5671012 0.3199985 0.4180654
1535225114.381884 -2.5890009 3.1347315 0.4207764 -0.6345454 -0.5621408 0.3247102 0.4194199
1535225114.678219 -2.6424251 3.1505337 0.4436507 -0.6388713 -0.5513067 0.3254387 0.4266077
1535225115.072894 -2.7184677 3.1672678 0.4707561 -0.6401997 -0.5442570 0.3168046 0.4399585
1535225115.452090 -2.7864304 3.1814733 0.4959083 -0.6393373 -0.5455015 0.3093737 0.4449314
1535225115.583994 -2.8083982 3.1888449 0.5051327 -0.6416099 -0.5440849 0.3064986 0.4453840
1535225115.963189 -2.8731084 3.2074575 0.5301027 -0.6474231 -0.5431444 0.3040626 0.4397538
1535225116.556114 -2.9758844 3.2289038 0.5570197 -0.6436566 -0.5533373 0.2958355 0.4381842
1535225116.802364 -3.0177236 3.2385418 0.5682025 -0.6412477 -0.5585769 0.2960220 0.4349301
1535225117.642580 -3.1873212 3.2826560 0.6122770 -0.6464584 -0.5607496 0.2959402 0.4243476
1535225117.922651 -3.2450724 3.3003018 0.6180325 -0.6478401 -0.5636663 0.2919358 0.4211378
1535225118.202723 -3.3056922 3.3188875 0.6245661 -0.6474254 -0.5666435 0.2911004 0.4183493
1535225119.158323 -3.5336432 3.3825696 0.6478796 -0.6443160 -0.5625346 0.2990044 0.4230937
1535225119.520217 -3.6229722 3.4149408 0.6536469 -0.6425846 -0.5619420 0.2862017 0.4351951
1535225119.981236 -3.7258608 3.4501507 0.6691260 -0.6424090 -0.5573771 0.2861973 0.4412852
1535225120.442254 -3.8204377 3.4565663 0.6795645 -0.6269044 -0.5700345 0.2955834 0.4412277
1535225120.837712 -3.8998032 3.4522712 0.6847281 -0.6205164 -0.5738444 0.3188531 0.4289459
1535225121.200646 -3.9747567 3.4602363 0.6846266 -0.6185873 -0.5746098 0.3265617 0.4248892
1535225121.727228 -4.0882740 3.4786854 0.6832376 -0.6175396 -0.5766430 0.3346702 0.4172811
1535225122.155465 -4.1779857 3.4909270 0.6844730 -0.6139758 -0.5860488 0.3319236 0.4115911
1535225122.419017 -4.2327175 3.4992397 0.6807799 -0.6124598 -0.5951634 0.3301221 0.4021106
1535225123.209150 -4.4149923 3.5408022 0.6623583 -0.6109189 -0.6135907 0.3069366 0.3950627
1535225123.407656 -4.4633613 3.5484431 0.6592932 -0.6102559 -0.6173900 0.3037661 0.3926111
1535225123.736769 -4.5406070 3.5577674 0.6546159 -0.6044824 -0.6266301 0.3007736 0.3891928
1535225124.000321 -4.5993338 3.5603695 0.6522284 -0.5956725 -0.6357971 0.3019977 0.3869543
1535225124.264131 -4.6589241 3.5549858 0.6491437 -0.5833160 -0.6479918 0.3070279 0.3815534
1535225124.560463 -4.7265267 3.5420921 0.6460657 -0.5681568 -0.6608074 0.3166277 0.3745376
1535225125.021484 -4.8243837 3.5137546 0.6402960 -0.5329391 -0.6827548 0.3313066 0.3742430
1535225125.153388 -4.8479447 3.5037336 0.6370540 -0.5201547 -0.6908288 0.3369614 0.3723597
1535225125.285293 -4.8707576 3.4931192 0.6331277 -0.5056989 -0.7002499 0.3423789 0.3697237
1535225125.417198 -4.8938055 3.4820197 0.6291008 -0.4894702 -0.7112355 0.3482460 0.3650860
1535225125.713532 -4.9458055 3.4556451 0.6184096 -0.4505352 -0.7372778 0.3607987 0.3510894
1535225125.910741 -4.9780507 3.4354067 0.6097469 -0.4247260 -0.7543145 0.3692566 0.3380340
1535225126.272634 -5.0249047 3.3941545 0.5980449 -0.3766510 -0.7845309 0.3815099 0.3116014
1535225126.371759 -5.0369501 3.3814988 0.5929065 -0.3606707 -0.7930450 0.3831903 0.3068573
1535225126.700872 -5.0768194 3.3411112 0.5651319 -0.3096057 -0.8203775 0.3882168 0.2835717
1535225126.799996 -5.0857868 3.3314986 0.5595744 -0.2960127 -0.8265045 0.3935224 0.2727762
1535225126.931901 -5.0947165 3.3206744 0.5488696 -0.2798644 -0.8350512 0.3968178 0.2586524
1535225127.327360 -5.1061940 3.2913048 0.5178659 -0.2399283 -0.8486643 0.4159196 0.2218430
1535225127.392922 -5.1137009 3.2837601 0.5161705 -0.2339260 -0.8505017 0.4190567 0.2152140
1535225127.524827 -5.1267920 3.2676988 0.5132992 -0.2228827 -0.8538752 0.4248167 0.2018693
1535225128.018368 -5.1561842 3.2025237 0.4918405 -0.1626837 -0.8721519 0.4357172 0.1517750
1535225128.315998 -5.1707959 3.1683855 0.4821536 -0.1323252 -0.8801250 0.4388243 0.1237063
1535225128.628720 -5.1921082 3.1374216 0.4775763 -0.1106585 -0.8853922 0.4392016 0.1045820
1535225129.467767 -5.2501731 3.0427394 0.4493734 -0.0732618 -0.8914768 0.4430699 0.0599253
1535225129.797921 -5.2746286 3.0009634 0.4390817 -0.0692047 -0.8903633 0.4467776 0.0534203
1535225130.258940 -5.2950749 2.9314389 0.4445717 -0.0463610 -0.8894115 0.4541017 0.0242816
1535225130.456407 -5.2913651 2.9011364 0.4520624 -0.0249278 -0.8879668 0.4590176 0.0140121
1535225131.312882 -5.2842884 2.8115473 0.4764547 -0.0018710 -0.8830703 0.4690883 -0.0118107
1535225131.675817 -5.3088880 2.7538724 0.4628701 -0.0199651 -0.8853106 0.4644431 -0.0109164
1535225132.136836 -5.3821683 2.6414971 0.4534373 -0.0579826 -0.8871425 0.4578381 0.0007027
1535225132.663157 -5.4360075 2.5064456 0.4529318 -0.0507815 -0.8881277 0.4564823 0.0165681
1535225132.926709 -5.4595594 2.4465010 0.4553114 -0.0501363 -0.8873737 0.4581145 0.0136150
1535225133.289644 -5.4938078 2.3589075 0.4536673 -0.0443519 -0.8862540 0.4606164 0.0204804
1535225133.684320 -5.5289421 2.2652640 0.4530786 -0.0382882 -0.8825582 0.4679044 0.0262777
1535225134.540797 -5.5788708 2.0963604 0.4459966 -0.0367671 -0.8783743 0.4763972 0.0123438
1535225135.463872 -5.6206264 1.9263930 0.4219311 -0.0364939 -0.8783748 0.4764234 0.0121137
1535225136.485034 -5.6606593 1.7246950 0.3868598 -0.0290135 -0.8894879 0.4559577 0.0084971
1535225137.011356 -5.6870818 1.6124651 0.3780609 -0.0413433 -0.8969189 0.4401805 0.0082659
1535225137.703405 -5.7061448 1.4612162 0.3684529 -0.0406614 -0.9054201 0.4225058 0.0070735
1535225138.230768 -5.7208385 1.3448792 0.3656686 -0.0375531 -0.9099438 0.4129707 0.0068705
1535225138.559881 -5.7199054 1.2649605 0.3621789 -0.0331579 -0.9122393 0.4083113 0.0014523
1535225138.955595 -5.7219553 1.1713526 0.3602245 -0.0361218 -0.9140297 0.4040325 -0.0016226
1535225139.350012 -5.7439146 1.0702009 0.3531542 -0.0466698 -0.9176061 0.3947344 0.0024163
1535225139.680165 -5.7601504 0.9831428 0.3410082 -0.0493283 -0.9203018 0.3880805 0.0022070
1535225140.305872 -5.7963810 0.8174879 0.3164096 -0.0564924 -0.9212850 0.3845839 0.0117370
1535225140.701328 -5.8056250 0.7149188 0.2946701 -0.0468846 -0.9208691 0.3869275 0.0094387
1535225141.030442 -5.8035879 0.6268275 0.2755500 -0.0354908 -0.9199117 0.3904836 0.0050481
1535225141.294251 -5.8065977 0.5565020 0.2636637 -0.0349841 -0.9185710 0.3936814 0.0042910
1535225141.722490 -5.8084545 0.4437404 0.2458829 -0.0328071 -0.9191146 0.3926195 -0.0013578
1535225141.986300 -5.8057828 0.3734054 0.2321495 -0.0300632 -0.9202319 0.3901307 -0.0082165
1535225142.315413 -5.8065128 0.2889388 0.2133008 -0.0238513 -0.9216700 0.3872367 -0.0018239
1535225143.039985 -5.8010201 0.1063403 0.1842549 -0.0071464 -0.9238797 0.3824575 -0.0110264
1535225143.369099 -5.7978487 0.0163992 0.1774469 0.0099439 -0.9242774 0.3814194 -0.0114758
1535225143.698212 -5.8074207 -0.0746813 0.1686866 0.0181376 -0.9239344 0.3820585 -0.0068949
1535225144.456605 -5.8709006 -0.2759647 0.1173402 -0.0125101 -0.9219999 0.3866661 0.0157798
1535225145.049528 -5.9137588 -0.4237738 0.0784787 -0.0272386 -0.9231232 0.3828338 0.0232355
1535225145.444203 -5.9339309 -0.5270675 0.0504380 -0.0296063 -0.9246488 0.3791001 0.0207631
1535225145.774356 -5.9482927 -0.6130759 0.0269090 -0.0285103 -0.9225962 0.3835036 0.0304695
1535225146.070690 -5.9605141 -0.6899078 0.0087441 -0.0264952 -0.9200639 0.3887866 0.0403185
1535225146.333461 -5.9745698 -0.7566216 -0.0048324 -0.0196047 -0.9178569 0.3930140 0.0519075
1535225146.663615 -5.9894757 -0.8405396 -0.0147848 -0.0086424 -0.9145205 0.4005952 0.0556879
1535225146.992729 -6.0067477 -0.9211689 -0.0210706 -0.0108723 -0.9094745 0.4123356 0.0521277
1535225147.453747 -6.0260463 -1.0354621 -0.0376852 -0.0042416 -0.9022186 0.4275593 0.0563628
1535225147.914765 -6.0324783 -1.1570301 -0.0600176 0.0201641 -0.8940666 0.4441093 0.0548216
1535225148.409347 -6.0387411 -1.2743541 -0.0805941 0.0635198 -0.8853636 0.4583011 0.0453497
1535225148.606555 -6.0456486 -1.3155835 -0.0953776 0.0816024 -0.8821712 0.4623577 0.0366103
1535225148.935669 -6.0398550 -1.3908567 -0.1206757 0.1147597 -0.8744411 0.4708671 0.0216120
1535225149.199479 -6.0291739 -1.4529122 -0.1463035 0.1415998 -0.8656776 0.4799929 0.0125924
1535225149.726841 -5.9629374 -1.5900142 -0.1888412 0.2049243 -0.8409014 0.5008559 -0.0058473
1535225150.286985 -5.8539572 -1.7298927 -0.2232575 0.2675281 -0.8165118 0.5067126 -0.0705673
1535225150.813564 -5.7206340 -1.8406082 -0.2602706 0.3535184 -0.7829391 0.5010624 -0.1047261
1535225151.340927 -5.6013222 -1.9163578 -0.2932172 0.4226524 -0.7589636 0.4738262 -0.1443196
1535225151.868288 -5.5049815 -1.9779323 -0.3092914 0.4497516 -0.7438713 0.4592967 -0.1828263
1535225152.394868 -5.4209423 -2.0363007 -0.3062801 0.4665229 -0.7278877 0.4580211 -0.2067669
1535225152.955013 -5.3230791 -2.0861514 -0.3134298 0.4843480 -0.7153657 0.4453838 -0.2351430
1535225153.284127 -5.2634602 -2.1004372 -0.3318286 0.5136288 -0.6997847 0.4332128 -0.2425151
1535225153.547678 -5.1675920 -2.1473739 -0.3837695 0.5368784 -0.6875499 0.4194820 -0.2511404
1535225153.943393 -5.0686011 -2.1655312 -0.4498577 0.5515171 -0.6754323 0.4069152 -0.2721031
1535225154.436935 -4.9660816 -2.1790991 -0.4890170 0.5712911 -0.6582687 0.3942275 -0.2913647
1535225154.766049 -4.8956251 -2.1990767 -0.4897265 0.5734065 -0.6530370 0.3921007 -0.3016699
1535225155.096204 -4.8176641 -2.2197073 -0.4859724 0.5758021 -0.6518920 0.3838785 -0.3100420
1535225155.490879 -4.7241869 -2.2431090 -0.4893570 0.5831350 -0.6523443 0.3702178 -0.3119923
1535225156.018240 -4.5966787 -2.2869997 -0.5077710 0.5887920 -0.6593726 0.3592219 -0.2991845
1535225156.545602 -4.4688253 -2.3302655 -0.5362396 0.5901750 -0.6637375 0.3516312 -0.2958064
1535225157.105746 -4.3401079 -2.3543513 -0.5656877 0.6047523 -0.6498571 0.3509508 -0.2979831
1535225157.566764 -4.2291751 -2.3641357 -0.5733151 0.6174600 -0.6322478 0.3494366 -0.3112875
1535225157.895878 -4.1394935 -2.3640182 -0.5737562 0.6205214 -0.6219115 0.3449407 -0.3304470
1535225158.159687 -4.0727973 -2.3661339 -0.5703239 0.6176414 -0.6181107 0.3487118 -0.3389076
1535225158.488801 -3.9907773 -2.3740034 -0.5733027 0.6176072 -0.6189789 0.3487546 -0.3373377
1535225158.785135 -3.9279056 -2.3648949 -0.5983362 0.6136834 -0.6263137 0.3481396 -0.3315458
1535225159.641870 -3.7236953 -2.4014049 -0.6148775 0.6275215 -0.6387687 0.3233657 -0.3059835
1535225160.169231 -3.5781164 -2.4146628 -0.6083412 0.6315264 -0.6416157 0.3109853 -0.3046176
1535225160.498344 -3.4887772 -2.4191885 -0.5986378 0.6317644 -0.6426154 0.3075566 -0.3054966
1535225161.058488 -3.3238285 -2.4475555 -0.5758762 0.6348538 -0.6450302 0.3054674 -0.2959499
1535225161.322298 -3.2472486 -2.4674764 -0.5721345 0.6262926 -0.6551021 0.3021807 -0.2954416
1535225161.584810 -3.1693938 -2.4870915 -0.5738988 0.6167824 -0.6641972 0.3029340 -0.2943681
1535225161.914963 -3.0766306 -2.5041387 -0.5722539 0.6044140 -0.6711791 0.3074574 -0.2994533
1535225162.309639 -2.9693620 -2.5243540 -0.5719061 0.6037061 -0.6661602 0.3257293 -0.2926945
1535225162.804479 -2.8357511 -2.5534055 -0.5827696 0.5958880 -0.6665203 0.3343428 -0.2981327
1535225163.001688 -2.7810097 -2.5620394 -0.5882633 0.5936945 -0.6659694 0.3373331 -0.3003632
1535225163.397144 -2.6679010 -2.5664518 -0.5918198 0.5911841 -0.6645215 0.3411695 -0.3041643
1535225163.792860 -2.5524132 -2.5698342 -0.5995986 0.5933216 -0.6601492 0.3444109 -0.3058656
1535225164.187277 -2.4436209 -2.5810175 -0.6077242 0.5923272 -0.6566639 0.3501449 -0.3087712
1535225164.648295 -2.3238628 -2.5940897 -0.6185789 0.5917396 -0.6505190 0.3536784 -0.3187176
1535225164.912105 -2.2760341 -2.5909920 -0.6551383 0.5851676 -0.6460835 0.3620209 -0.3302965
1535225165.044009 -2.2431736 -2.5923009 -0.6574769 0.5861636 -0.6436090 0.3639500 -0.3312402
1535225165.538593 -2.1243110 -2.6117229 -0.6655419 0.5858382 -0.6419953 0.3691763 -0.3291572
1535225165.669458 -2.0938470 -2.6170068 -0.6675475 0.5852785 -0.6425000 0.3686962 -0.3297057
1535225166.394286 -1.9184103 -2.6326268 -0.6753421 0.5920860 -0.6403118 0.3633765 -0.3277079
1535225166.856086 -1.8071334 -2.6483006 -0.6747119 0.5902265 -0.6441155 0.3606228 -0.3266486
1535225167.020773 -1.7682824 -2.6565037 -0.6741978 0.5879343 -0.6459112 0.3621428 -0.3255529
1535225167.284583 -1.7043040 -2.6688907 -0.6742361 0.5813646 -0.6505649 0.3599854 -0.3304407
1535225167.547095 -1.6409431 -2.6760545 -0.6746945 0.5759546 -0.6522720 0.3603202 -0.3361354
1535225168.338268 -1.4564679 -2.6798255 -0.6775270 0.5805752 -0.6363338 0.3695190 -0.3485217
1535225168.470173 -1.4283388 -2.6809528 -0.6779206 0.5815730 -0.6327364 0.3718998 -0.3508674
1535225168.864591 -1.3425171 -2.6851861 -0.6808370 0.5810214 -0.6250609 0.3765272 -0.3604724
1535225169.260305 -1.2539616 -2.6782737 -0.6842030 0.5811791 -0.6193017 0.3664670 -0.3799976
1535225169.754888 -1.1464126 -2.6640253 -0.7013402 0.5961627 -0.6022514 0.3649749 -0.3855861
1535225170.017659 -1.0898814 -2.6592946 -0.7043546 -0.6053951 0.5919541 -0.3682559 0.3840244
1535225170.413373 -1.0035343 -2.6455715 -0.7044148 -0.6153601 0.5809378 -0.3569177 0.3955413
1535225170.808829 -0.9191992 -2.6281235 -0.7015052 -0.6262411 0.5700161 -0.3461128 0.4038681
1535225170.940734 -0.8914423 -2.6224189 -0.6997409 -0.6292757 0.5667992 -0.3436183 0.4058044
1535225171.368974 -0.8036931 -2.6016312 -0.6911427 -0.6415743 0.5533260 -0.3401760 0.4080357
1535225172.225451 -0.6225495 -2.5560095 -0.6564810 -0.6735870 0.5166036 -0.3203674 0.4204356
1535225172.620126 -0.5459218 -2.5227559 -0.6368337 -0.6868598 0.4934627 -0.3128035 0.4322871
1535225172.752030 -0.5225096 -2.5106850 -0.6311321 -0.6900542 0.4859118 -0.3099392 0.4377815
1535225173.213048 -0.4485979 -2.4771216 -0.6149359 -0.6980104 0.4611240 -0.3126902 0.4498566
1535225173.344695 -0.4300855 -2.4688265 -0.6095845 -0.6997528 0.4542920 -0.3112939 0.4550394
1535225173.707630 -0.3860955 -2.4302485 -0.5963571 -0.7077044 0.4331835 -0.2913544 0.4760453
1535225174.168649 -0.3336475 -2.3718412 -0.5977335 -0.7324674 0.3895209 -0.2792826 0.4834937
1535225174.564106 -0.2852805 -2.3210938 -0.6024275 -0.7536187 0.3538141 -0.2653253 0.4862890
1535225174.958781 -0.2482519 -2.2546141 -0.5973668 -0.7747205 0.3202229 -0.2235163 0.4972985
1535225175.222591 -0.2259943 -2.2134323 -0.5895784 -0.7887653 0.2904978 -0.2101131 0.4993124
1535225175.650830 -0.1805493 -2.1477067 -0.5776389 -0.8030205 0.2497195 -0.1842462 0.5087746
1535225175.782735 -0.1657618 -2.1300406 -0.5702784 -0.8046398 0.2395591 -0.1802234 0.5125287
1535225176.178193 -0.1247315 -2.0780706 -0.5430131 -0.8063413 0.2140665 -0.1652038 0.5260199
1535225176.572868 -0.0899073 -2.0233634 -0.5160697 -0.8103650 0.1893405 -0.1506291 0.5336381
1535225176.968324 -0.0538932 -1.9744190 -0.4986913 -0.8158745 0.1715540 -0.1384886 0.5345456
1535225177.297438 -0.0213336 -1.9384177 -0.4792356 -0.8203912 0.1616328 -0.1310202 0.5326038
1535225177.693152 0.0181655 -1.8933475 -0.4532743 -0.8262494 0.1509814 -0.1227131 0.5286379
1535225177.989488 0.0436911 -1.8547223 -0.4299881 -0.8309535 0.1412598 -0.1126253 0.5261916
1535225178.384944 0.0766842 -1.8020680 -0.4012061 -0.8365859 0.1234469 -0.1116959 0.5219281
1535225178.780659 0.1026094 -1.7512597 -0.3771229 -0.8402066 0.1083388 -0.1029072 0.5212731
1535225179.175076 0.1259229 -1.7043357 -0.3554660 -0.8388456 0.1028711 -0.0910868 0.5267437
1535225179.669916 0.1464848 -1.6272821 -0.3404381 -0.8372577 0.0951550 -0.0642350 0.5346203
1535225180.130934 0.1125858 -1.5286813 -0.4429109 -0.8375469 0.0847259 -0.0566125 0.5367791
1535225180.394488 0.1432112 -1.4899604 -0.4295256 -0.8359212 0.0861863 -0.0593922 0.5387765
1535225181.316525 0.2088034 -1.3608820 -0.3723739 -0.8289220 0.0779656 -0.0151274 0.5536973
1535225181.580335 0.2178981 -1.3325906 -0.3621588 -0.8306738 0.0551887 -0.0221633 0.5535740
1535225181.843887 0.2322262 -1.3085712 -0.3534083 -0.8326960 0.0314582 -0.0344301 0.5517631
1535225182.205782 0.2539829 -1.2721258 -0.3381245 -0.8360381 0.0128229 -0.0251695 0.5479438
1535225182.601498 0.2818782 -1.2208831 -0.3218194 -0.8403611 -0.0080109 -0.0307642 0.5410939
1535225182.996953 0.3311889 -1.1474137 -0.2994647 -0.8418964 -0.0109827 -0.0509423 0.5371172
1535225183.391629 0.3876731 -1.0651441 -0.2689295 -0.8408431 0.0024954 -0.0661581 0.5372149
1535225183.655181 0.4106865 -1.0165209 -0.2455633 -0.8412228 0.0068189 -0.0628483 0.5369804
1535225184.083421 0.4356161 -0.9443076 -0.2140476 -0.8446946 0.0116409 -0.0544180 0.5323478
1535225184.479135 0.4502182 -0.8792377 -0.1943719 -0.8472433 0.0021930 -0.0609476 0.5276926
1535225184.742947 0.4621217 -0.8358077 -0.1799324 -0.8482291 -0.0057550 -0.0641202 0.5257023
1535225185.187445 0.4887523 -0.7567766 -0.1503764 -0.8481370 -0.0179694 -0.0662841 0.5253068
1535225185.533078 0.5028503 -0.6895726 -0.1225212 -0.8474788 -0.0236585 -0.0589393 0.5270162
1535225185.993838 0.5208445 -0.6040791 -0.0900438 -0.8489345 -0.0239673 -0.0474603 0.5258167
1535225186.192344 0.5308599 -0.5692634 -0.0782270 -0.8494534 -0.0246670 -0.0459343 0.5250814
1535225186.553982 0.5447878 -0.5042062 -0.0586371 -0.8510849 -0.0338234 -0.0426314 0.5222000
1535225187.345154 0.5608292 -0.3684473 -0.0132686 -0.8499566 -0.0608311 -0.0218035 0.5228746
1535225187.723439 0.5778422 -0.3061385 0.0052541 -0.8481824 -0.0635683 -0.0170095 0.5256009
1535225188.102766 0.5956107 -0.2400440 0.0244373 -0.8469241 -0.0635376 -0.0049718 0.5278805
1535225188.827337 0.6106176 -0.1074056 0.0492578 -0.8420099 -0.0888727 0.0052398 0.5320653
1535225189.271964 0.6297655 -0.0167830 0.0598402 -0.8412648 -0.0798167 0.0085615 0.5346303
1535225189.683811 0.6454086 0.0789726 0.0667270 -0.8400937 -0.0672592 0.0081437 0.5381938
1535225190.573070 0.6847626 0.2678261 0.0681623 -0.8358783 -0.0566668 -0.0035679 0.5459703
1535225191.561708 0.7042449 0.4766272 0.0593890 -0.8236708 -0.0834368 -0.0100532 0.5608063
1535225191.956126 0.7135373 0.5548010 0.0598142 -0.8187386 -0.0897690 0.0021088 0.5671015
1535225192.417146 0.7225649 0.6520071 0.0584635 -0.8139062 -0.0981608 0.0063247 0.5726091
1535225192.911984 0.7224715 0.7638062 0.0555703 -0.8104318 -0.1085175 0.0158014 0.5754777
1535225193.801243 0.7442336 0.9700772 0.0553260 -0.8074622 -0.0828437 0.0492816 0.5819907
1535225193.900367 0.7447822 0.9923426 0.0562658 -0.8069653 -0.0793465 0.0590685 0.5822560
1535225194.328605 0.7414031 1.0920833 0.0593625 -0.8035560 -0.0794162 0.0914441 0.5827768
1535225195.053178 0.7277869 1.2488532 0.0706462 -0.7969248 -0.1185220 0.1325819 0.5773088
1535225195.349769 0.7214250 1.3076365 0.0772040 -0.7913864 -0.1346069 0.1502200 0.5770810
1535225196.271806 0.7045828 1.4797630 0.0945692 -0.7781808 -0.1832524 0.1866468 0.5709781
1535225196.633444 0.7107099 1.5313194 0.0918411 -0.7798143 -0.1849469 0.2076167 0.5608740
1535225197.128283 0.7329177 1.6163039 0.0805318 -0.7914333 -0.1585543 0.2045907 0.5537478
1535225197.654607 0.7575452 1.7091348 0.0650028 -0.8027952 -0.1281963 0.1803064 0.5536922
1535225198.149446 0.7954044 1.7964394 0.0613908 -0.8097539 -0.0956177 0.1591942 0.5566087
1535225198.577683 0.8103449 1.8767059 0.0671978 -0.8123403 -0.0919151 0.1361202 0.5595767
1535225198.906797 0.8005587 1.9284555 0.0783091 -0.8088057 -0.1160887 0.1310353 0.5614148
1535225199.104007 0.7932582 1.9581031 0.0849857 -0.8053430 -0.1279190 0.1333996 0.5632619
1535225199.434160 0.7826921 2.0096774 0.0881786 -0.8026789 -0.1463762 0.1353207 0.5621111
1535225199.862398 0.7560304 2.0766602 0.0841284 -0.8085639 -0.1752645 0.1515883 0.5408583
1535225200.356199 0.7056278 2.1532636 0.0762990 -0.8172582 -0.2187177 0.1600938 0.5085484
1535225200.751915 0.6618776 2.2103529 0.0829756 -0.8147458 -0.2452894 0.1749486 0.4953942
1535225201.015466 0.6294873 2.2443166 0.0902150 -0.8118191 -0.2678722 0.1908794 0.4824512
1535225201.312057 0.5877357 2.2832532 0.1016665 -0.8052024 -0.2903838 0.2077324 0.4734697
1535225201.608391 0.5424938 2.3215158 0.1142409 -0.7951227 -0.3097736 0.2197026 0.4728115
1535225202.053019 0.4759213 2.3799782 0.1245019 -0.7838413 -0.3400632 0.2289314 0.4664121
1535225202.332961 0.4345516 2.4134851 0.1268654 -0.7791850 -0.3609842 0.2353041 0.4551848
1535225202.595731 0.3966018 2.4411378 0.1277989 -0.7737507 -0.3794300 0.2449854 0.4442125
1535225202.843151 0.3606931 2.4647799 0.1260822 -0.7676061 -0.3984286 0.2497745 0.4354861
1535225203.222219 0.2995492 2.5012312 0.1174062 -0.7573045 -0.4296000 0.2529602 0.4218352
1535225203.354124 0.2810109 2.5132930 0.1142272 -0.7541120 -0.4392416 0.2548855 0.4164317
1535225203.748800 0.2285097 2.5509903 0.1070285 -0.7489484 -0.4550101 0.2668885 0.4010145
1535225204.144256 0.1729114 2.5928760 0.1045368 -0.7452840 -0.4592483 0.2749737 0.3975327
1535225204.408066 0.1296124 2.6181965 0.1018155 -0.7388403 -0.4664357 0.2785398 0.3987085
1535225204.803523 0.0666325 2.6595728 0.0957891 -0.7307070 -0.4767072 0.2851711 0.3968561
1535225205.100115 0.0211546 2.6911225 0.0888424 -0.7276193 -0.4847085 0.2855478 0.3925433
1535225205.494532 -0.0426574 2.7217433 0.0799668 -0.7221708 -0.4983329 0.2909206 0.3814431
1535225205.890248 -0.1053669 2.7489991 0.0687369 -0.7163767 -0.5132928 0.2955616 0.3687523
1535225206.285706 -0.1594849 2.7771912 0.0522743 -0.7187629 -0.5243470 0.2955158 0.3480096
1535225206.681421 -0.2218702 2.8000836 0.0397047 -0.7175645 -0.5354477 0.2926554 0.3357826
1535225206.812028 -0.2441649 2.8039408 0.0367794 -0.7145201 -0.5405992 0.2934323 0.3333334
1535225207.207743 -0.3127377 2.8082042 0.0330172 -0.7021444 -0.5549782 0.3111672 0.3196365
1535225207.570678 -0.3729856 2.8163581 0.0305766 -0.6941385 -0.5687377 0.3168067 0.3071525
1535225207.702326 -0.3942537 2.8196216 0.0317352 -0.6907294 -0.5723053 0.3191955 0.3057352
1535225207.899792 -0.4258864 2.8232725 0.0346272 -0.6836598 -0.5773365 0.3239881 0.3071215
1535225208.228906 -0.4811478 2.8325818 0.0372468 -0.6730782 -0.5860721 0.3264336 0.3113300
1535225208.427154 -0.5155079 2.8416646 0.0378664 -0.6671430 -0.5904830 0.3278423 0.3142760
1535225208.558020 -0.5376904 2.8471797 0.0386542 -0.6633856 -0.5926739 0.3301058 0.3157332
1535225208.821571 -0.5796671 2.8550057 0.0410674 -0.6568950 -0.5964990 0.3365492 0.3152976
1535225209.085381 -0.6250901 2.8633893 0.0438244 -0.6558460 -0.5953134 0.3416065 0.3142818
1535225209.184507 -0.6425538 2.8661976 0.0462780 -0.6550661 -0.5948055 0.3425863 0.3157998
1535225209.579183 -0.7151594 2.8653526 0.0607852 -0.6449694 -0.5974571 0.3514583 0.3217712
1535225210.041242 -0.8007054 2.8686013 0.0799656 -0.6311474 -0.6016623 0.3594998 0.3322881
1535225210.303754 -0.8461738 2.8758948 0.0883490 -0.6361573 -0.5927600 0.3655263 0.3321599
1535225210.699469 -0.9060898 2.8742502 0.0904722 -0.6377389 -0.5952522 0.3663483 0.3236555
1535225210.831374 -0.9229307 2.8688474 0.0910289 -0.6336301 -0.6013568 0.3667793 0.3199311
1535225210.963021 -0.9391270 2.8624208 0.0922599 -0.6268939 -0.6091064 0.3669088 0.3183890
1535225211.424038 -1.0000930 2.8423719 0.0981539 -0.6106792 -0.6268396 0.3750637 0.3057292
1535225211.918879 -1.0808322 2.8322246 0.1090299 -0.6056248 -0.6358853 0.3828641 0.2868510
1535225212.049744 -1.1015148 2.8291936 0.1143817 -0.6005090 -0.6400873 0.3842682 0.2863826
1535225212.116087 -1.1117866 2.8278518 0.1172119 -0.5973530 -0.6425543 0.3847265 0.2868430
1535225212.511545 -1.1754127 2.8253348 0.1365925 -0.5858077 -0.6497498 0.3868831 0.2915064
1535225212.906220 -1.2436309 2.8312211 0.1569830 -0.5823292 -0.6488863 0.3858069 0.3016496
1535225213.301677 -1.3133452 2.8315003 0.1785588 -0.5819728 -0.6462290 0.3900827 0.3025413
1535225213.532708 -1.3546622 2.8234460 0.1938626 -0.5789822 -0.6468505 0.3962210 0.2989534
1535225213.664612 -1.3787487 2.8176904 0.2019001 -0.5750678 -0.6491375 0.3982777 0.2988184
1535225213.795478 -1.4033940 2.8121316 0.2095375 -0.5706788 -0.6515104 0.3997484 0.3001016
1535225214.191194 -1.4771683 2.8089292 0.2291332 -0.5665393 -0.6490082 0.4034052 0.3083599
1535225214.322841 -1.5012975 2.8129563 0.2338347 -0.5698466 -0.6440407 0.4047114 0.3109586
1535225214.718555 -1.5711637 2.8276126 0.2398479 -0.5895328 -0.6232477 0.4103136 0.3092832
1535225215.114012 -1.6311598 2.8356788 0.2441370 -0.6061044 -0.6058639 0.4199607 0.2986627
1535225215.508687 -1.6933584 2.8536820 0.2483697 -0.6229861 -0.5872059 0.4142233 0.3090255
1535225215.936928 -1.7604747 2.8743501 0.2525423 -0.6362629 -0.5730535 0.4041278 0.3216518
1535225216.068832 -1.7807465 2.8804994 0.2544441 -0.6374270 -0.5718870 0.3999398 0.3266196
1535225216.464289 -1.8420825 2.8967850 0.2604556 -0.6351916 -0.5705238 0.3899617 0.3449116
1535225216.860004 -1.9013400 2.9095266 0.2729743 -0.6314554 -0.5647081 0.3914434 0.3593621
1535225217.122516 -1.9407513 2.9185100 0.2784531 -0.6338748 -0.5583391 0.3904014 0.3661242
1535225217.617356 -2.0107031 2.9314258 0.2860491 -0.6437384 -0.5455372 0.3888888 0.3698049
1535225217.749261 -2.0288866 2.9335368 0.2881019 -0.6478453 -0.5412501 0.3896132 0.3681664
1535225218.407491 -2.1336510 2.9477305 0.2988334 -0.6698683 -0.5185469 0.3803411 0.3711149
1535225218.539395 -2.1548288 2.9514813 0.3043308 -0.6736783 -0.5129834 0.3811152 0.3711561
1535225218.918462 -2.2135336 2.9565904 0.3201663 -0.6768742 -0.5062184 0.3808085 0.3749257
1535225219.330567 -2.2781646 2.9519889 0.3416450 -0.6743664 -0.5096197 0.3806009 0.3750476
1535225219.807719 -2.3510606 2.9520998 0.3579969 -0.6708037 -0.5187520 0.3714603 0.3780688
1535225220.153224 -2.4074183 2.9599547 0.3694444 -0.6741168 -0.5167620 0.3698466 0.3764799
1535225220.417034 -2.4489422 2.9653864 0.3770280 -0.6748326 -0.5155640 0.3655825 0.3809780
1535225220.713366 -2.4934025 2.9738922 0.3833394 -0.6749048 -0.5125944 0.3601576 0.3899193
1535225221.207166 -2.5701308 2.9993567 0.3909850 -0.6784623 -0.5008003 0.3517330 0.4064134
1535225221.306289 -2.5848682 3.0028062 0.3938251 -0.6781429 -0.4990706 0.3510605 0.4096430
1535225222.162767 -2.7200763 3.0377672 0.4209070 -0.6798316 -0.4836671 0.3529083 0.4234983
1535225222.459358 -2.7682738 3.0460093 0.4294071 -0.6795718 -0.4859040 0.3516347 0.4224127
1535225222.952901 -2.8579106 3.0710571 0.4418359 -0.6911889 -0.4837100 0.3483902 0.4085424
1535225223.118626 -2.8894715 3.0802569 0.4454966 -0.6938176 -0.4854355 0.3437139 0.4059930
1535225223.480520 -2.9570165 3.1033552 0.4579425 -0.7002522 -0.4848536 0.3422734 0.3967528
1535225223.908757 -3.0353317 3.1260641 0.4710717 -0.6979272 -0.4905447 0.3370515 0.3983212
1535225224.304216 -3.1095972 3.1517944 0.4777112 -0.6976462 -0.4924638 0.3288831 0.4032434
1535225224.732453 -3.2132015 3.2057426 0.4755430 -0.7138976 -0.4800950 0.3070700 0.4068992
1535225225.160692 -3.3473952 3.2482421 0.4696383 -0.7227192 -0.4935694 0.2852896 0.3907379
1535225225.654492 -3.5038366 3.2888515 0.4745550 -0.7259645 -0.5019574 0.2951761 0.3659034
1535225225.950824 -3.5917573 3.3190210 0.4963379 -0.7221160 -0.4926168 0.3099086 0.3739438
1535225226.050208 -3.6169515 3.3273513 0.5051742 -0.7173381 -0.4926474 0.3161630 0.3778433
1535225226.181855 -3.6479483 3.3373728 0.5161729 -0.7095641 -0.4957337 0.3240497 0.3817837
1535225226.444625 -3.7071860 3.3543873 0.5332727 -0.6904750 -0.5116094 0.3303947 0.3903069
1535225226.774779 -3.7857366 3.3727155 0.5446515 -0.6708285 -0.5352412 0.3301260 0.3930940
1535225226.906684 -3.8186636 3.3846600 0.5449100 -0.6688884 -0.5401256 0.3261774 0.3930151
1535225227.038589 -3.8539052 3.3999567 0.5434752 -0.6708176 -0.5416473 0.3202217 0.3925304
1535225227.334922 -3.9463472 3.4409754 0.5329599 -0.6814121 -0.5408365 0.3072461 0.3857114
1535225227.631254 -4.0478821 3.4804909 0.5231113 -0.6892968 -0.5407421 0.2968888 0.3799013
1535225228.059750 -4.1853094 3.5192652 0.5263572 -0.6883429 -0.5479037 0.2950271 0.3727528
1535225228.190358 -4.2259154 3.5285707 0.5302081 -0.6863917 -0.5511395 0.2973205 0.3697462
1535225228.356083 -4.2778831 3.5390368 0.5357723 -0.6796649 -0.5582823 0.2983248 0.3706465
1535225228.520513 -4.3322263 3.5466089 0.5394802 -0.6720272 -0.5647168 0.3032023 0.3708676
1535225228.915189 -4.4485807 3.5555577 0.5502315 -0.6495776 -0.5818446 0.3276537 0.3635232
1535225229.080656 -4.4891462 3.5562577 0.5547976 -0.6376107 -0.5917440 0.3347903 0.3622254
1535225229.377247 -4.5589695 3.5564501 0.5605698 -0.6170924 -0.6092551 0.3425776 0.3614497
1535225229.805484 -4.6530571 3.5600884 0.5651937 -0.5950867 -0.6273581 0.3495878 0.3606689
1535225229.970170 -4.6859999 3.5614030 0.5676560 -0.5859417 -0.6353347 0.3498169 0.3614558
1535225230.463713 -4.7780733 3.5529189 0.5774045 -0.5514802 -0.6672432 0.3576103 0.3503867
1535225230.595618 -4.8011608 3.5488064 0.5797367 -0.5409641 -0.6766564 0.3601654 0.3460853
1535225230.760303 -4.8298321 3.5431633 0.5828080 -0.5283091 -0.6880203 0.3629164 0.3403077
1535225230.991076 -4.8687782 3.5309157 0.5843215 -0.5071233 -0.7065472 0.3654137 0.3317980
1535225231.122981 -4.8888025 3.5209155 0.5849280 -0.4933109 -0.7177057 0.3699558 0.3235361
1535225231.600391 -4.9489040 3.4795330 0.5940609 -0.4365026 -0.7555037 0.3868765 0.2983395
1535225231.764948 -4.9699368 3.4655662 0.6014152 -0.4178231 -0.7655830 0.3927788 0.2916017
1535225232.209705 -5.0246668 3.4196012 0.6215558 -0.3765349 -0.7879494 0.4137349 0.2572562
1535225232.325091 -5.0343504 3.4094529 0.6254106 -0.3687137 -0.7912268 0.4203198 0.2476725
1535225232.737069 -5.0663953 3.3635859 0.6318715 -0.3319896 -0.8040821 0.4353621 0.2317214
1535225232.934278 -5.0784860 3.3374982 0.6270201 -0.3040802 -0.8140516 0.4383978 0.2294832
1535225233.214350 -5.0936852 3.2935741 0.6214409 -0.2657396 -0.8281778 0.4469856 0.2090644
1535225233.659106 -5.1313405 3.2126863 0.6175303 -0.2053924 -0.8483515 0.4576504 0.1693217
1535225234.251772 -5.1841602 3.1297255 0.6166136 -0.1508080 -0.8584341 0.4742132 0.1243774
1535225234.548364 -5.2131639 3.0889690 0.6202561 -0.1420809 -0.8577882 0.4809919 0.1125133
1535225234.877478 -5.2415600 3.0383151 0.6248780 -0.1378951 -0.8562388 0.4881409 0.0977683
1535225235.339538 -5.2713728 2.9706669 0.6348224 -0.1279878 -0.8565029 0.4934857 0.0805847
1535225235.833080 -5.3111782 2.8989687 0.6485024 -0.1261561 -0.8596670 0.4907997 0.0645985
1535225236.212404 -5.3299837 2.8392029 0.6398205 -0.1093016 -0.8676687 0.4820091 0.0535837
1535225236.426003 -5.3413396 2.8044324 0.6312423 -0.0976170 -0.8717608 0.4772955 0.0518940
1535225236.738725 -5.3629789 2.7562222 0.6238960 -0.0904966 -0.8743833 0.4749088 0.0415447
1535225237.018928 -5.3834629 2.7035663 0.6231987 -0.0834783 -0.8756727 0.4740532 0.0387605
1535225237.397994 -5.4012465 2.6350372 0.6244987 -0.0741056 -0.8756562 0.4764198 0.0275448
1535225237.595332 -5.4109945 2.5977361 0.6246126 -0.0721185 -0.8749650 0.4783338 0.0207874
1535225237.941747 -5.4321961 2.5316720 0.6196370 -0.0725255 -0.8737011 0.4804745 0.0230406
1535225238.320032 -5.4525127 2.4645779 0.6110420 -0.0710407 -0.8714005 0.4851226 0.0164451
1535225238.764662 -5.4689369 2.3791008 0.6033992 -0.0584276 -0.8676257 0.4937045 0.0082272
1535225239.143857 -5.4932675 2.3105381 0.5935934 -0.0579975 -0.8643404 0.4994380 0.0106707
1535225239.621138 -5.5247030 2.2254813 0.5763671 -0.0633822 -0.8609378 0.5045631 0.0135934
1535225239.884948 -5.5328999 2.1820524 0.5632493 -0.0584178 -0.8606732 0.5056201 0.0133207
1535225240.197671 -5.5413141 2.1336508 0.5495352 -0.0523748 -0.8596990 0.5079632 0.0121633
1535225240.395529 -5.5487752 2.1013882 0.5434092 -0.0502144 -0.8589332 0.5095043 0.0108553
1535225240.725162 -5.5598783 2.0468664 0.5339389 -0.0404103 -0.8602972 0.5081666 0.0047483
1535225241.169664 -5.5720654 1.9720960 0.5155278 -0.0248927 -0.8654849 0.5002415 -0.0086494
1535225241.433474 -5.5851841 1.9257920 0.5085232 -0.0224125 -0.8683204 0.4954622 -0.0058905
1535225241.762587 -5.6034136 1.8712678 0.5024241 -0.0244067 -0.8716987 0.4894269 -0.0026509
1535225242.158302 -5.6172762 1.7983657 0.4953792 -0.0215890 -0.8763636 0.4811588 -0.0026518
1535225242.552719 -5.6341510 1.7144816 0.4956828 -0.0258442 -0.8794373 0.4752806 -0.0055267
1535225242.980959 -5.6495285 1.6169816 0.5003079 -0.0258695 -0.8817310 0.4709615 -0.0087433
1535225243.376673 -5.6586857 1.5316236 0.5069726 -0.0189522 -0.8852160 0.4640339 -0.0265672
1535225243.705789 -5.6764274 1.4570360 0.5011362 -0.0116281 -0.8879673 0.4597288 -0.0053304
1535225243.904037 -5.6898427 1.4127007 0.4995230 -0.0127858 -0.8871493 0.4612697 0.0057237
1535225244.298712 -5.7097692 1.3290936 0.5003679 -0.0239149 -0.8836243 0.4675851 0.0005184
1535225244.759474 -5.7395229 1.2467999 0.5026534 -0.0281372 -0.8818935 0.4704396 0.0126012
1535225245.221532 -5.7654309 1.1575642 0.5046812 -0.0293724 -0.8842409 0.4655295 0.0231882
1535225245.583428 -5.7922807 1.0809895 0.5039067 -0.0314991 -0.8870124 0.4588436 0.0409814
1535225245.979143 -5.8273511 0.9976810 0.5065079 -0.0352077 -0.8888675 0.4528193 0.0602478
1535225246.110790 -5.8361702 0.9684959 0.5080737 -0.0378162 -0.8891298 0.4520797 0.0603507
1535225246.505466 -5.8473854 0.8811960 0.5186121 -0.0365734 -0.8862571 0.4580393 0.0584023
1535225246.900922 -5.8492742 0.7978209 0.5354117 -0.0360798 -0.8805208 0.4699029 0.0507214
1535225247.197515 -5.8536487 0.7371672 0.5465870 -0.0393974 -0.8773335 0.4757173 0.0492636
1535225247.592972 -5.8629231 0.6593850 0.5627052 -0.0423509 -0.8743968 0.4804551 0.0529098
1535225247.988689 -5.8765531 0.5791695 0.5819767 -0.0528051 -0.8695498 0.4881833 0.0526497
1535225248.449449 -5.8888483 0.4845738 0.6060398 -0.0630244 -0.8621962 0.5001724 0.0497306
1535225248.910467 -5.9035974 0.3922462 0.6270590 -0.0548408 -0.8590267 0.5050078 0.0635044
1535225249.107934 -5.9124994 0.3558544 0.6361822 -0.0482991 -0.8598489 0.5037007 0.0679168
1535225249.668078 -5.9407539 0.2648275 0.6660802 -0.0433805 -0.8609196 0.5018400 0.0713594
1535225250.195440 -5.9522228 0.1674773 0.7015906 -0.0493896 -0.8584958 0.5056184 0.0699702
1535225250.721763 -5.9568758 0.0601081 0.7429539 -0.0599362 -0.8539520 0.5131420 0.0621209
1535225251.249125 -5.9379807 -0.0324107 0.7617832 -0.0538129 -0.8566239 0.5114934 0.0409168
1535225251.809269 -5.9378633 -0.1240948 0.7848647 -0.0439293 -0.8576376 0.5091521 0.0573766
1535225252.336890 -5.9552665 -0.2235604 0.8179153 -0.0481917 -0.8578599 0.5074357 0.0652913
1535225252.863212 -5.9764333 -0.3029073 0.8391004 -0.0682157 -0.8634534 0.4979041 0.0434312
1535225253.390574 -5.9889441 -0.3675778 0.8078189 -0.1008082 -0.8766243 0.4704923 0.0021115
1535225253.950719 -5.9971347 -0.4474275 0.7336707 -0.0927503 -0.8958577 0.4340614 0.0206671
1535225264.458420 -4.6343579 -2.3013608 -0.4985380 -0.5978231 0.6624490 -0.3280342 0.3101006
1535225264.722231 -4.5661325 -2.3100972 -0.5113940 0.5889314 -0.6682878 0.3353464 -0.3067475
1535225264.986041 -4.5004120 -2.3252811 -0.5193143 0.5843713 -0.6714410 0.3372220 -0.3065268
1535225265.248553 -4.4337740 -2.3397675 -0.5257158 0.5865327 -0.6699840 0.3383997 -0.3042804
1535225265.512362 -4.3690267 -2.3598971 -0.5301275 0.5916712 -0.6664274 0.3401270 -0.3001891
1535225265.776172 -4.3063078 -2.3838623 -0.5311360 0.5958523 -0.6629065 0.3462675 -0.2925985
1535225266.039725 -4.2407231 -2.4041402 -0.5278316 0.5895906 -0.6674792 0.3375762 -0.3047898
1535225266.303535 -4.1762424 -2.4251676 -0.5260959 0.5827810 -0.6710533 0.3346082 -0.3131952
1535225266.599870 -4.1010771 -2.4406571 -0.5285926 0.5815554 -0.6707730 0.3311413 -0.3196910
1535225266.994545 -4.0025783 -2.4552937 -0.5362000 0.5873884 -0.6653418 0.3333806 -0.3180448
1535225267.456603 -3.8900969 -2.4783258 -0.5450678 0.5866173 -0.6636599 0.3325399 -0.3238100
1535225267.719116 -3.8233316 -2.4887562 -0.5526352 0.5904799 -0.6589642 0.3339361 -0.3249407
1535225268.049269 -3.7406979 -2.5043740 -0.5632486 0.5939947 -0.6544291 0.3399651 -0.3214290
1535225268.543070 -3.6205227 -2.5424285 -0.5707960 0.5938043 -0.6518337 0.3474813 -0.3190081
1535225269.004090 -3.4975464 -2.5758343 -0.5727434 0.5846530 -0.6544898 0.3439414 -0.3339585
1535225269.399547 -3.3855565 -2.5979335 -0.5742240 0.5742487 -0.6550813 0.3464715 -0.3479432
1535225269.663357 -3.3127108 -2.6108334 -0.5772982 0.5668395 -0.6549171 0.3538091 -0.3529814
1535225269.992471 -3.2296126 -2.6336985 -0.5817411 0.5542454 -0.6582452 0.3579805 -0.3624573
1535225270.189680 -3.1865690 -2.6516256 -0.5859277 0.5459884 -0.6608766 0.3589382 -0.3691912
1535225270.321585 -3.1556060 -2.6617825 -0.5880561 0.5418274 -0.6618527 0.3596071 -0.3729034
1535225270.749825 -3.0476906 -2.6780767 -0.5966141 0.5453861 -0.6524922 0.3655774 -0.3783664
1535225271.078939 -2.9656992 -2.6898458 -0.6031318 0.5604914 -0.6368749 0.3782274 -0.3703835
1535225271.277445 -2.9192605 -2.7034197 -0.6052272 0.5649920 -0.6319429 0.3820132 -0.3681008
1535225271.738206 -2.8112774 -2.7379615 -0.6155567 0.5590326 -0.6384612 0.3708741 -0.3772298
1535225272.067319 -2.7298293 -2.7582653 -0.6259248 0.5576378 -0.6429077 0.3703247 -0.3722490
1535225272.430255 -2.6351335 -2.7738945 -0.6391182 0.5579354 -0.6469398 0.3667180 -0.3683682
1535225272.824931 -2.5290406 -2.7958813 -0.6494353 0.5495753 -0.6559469 0.3673517 -0.3643537
1535225273.286991 -2.4020529 -2.8211815 -0.6559470 0.5329858 -0.6674174 0.3676469 -0.3678531
1535225273.418638 -2.3636770 -2.8252831 -0.6573272 0.5289912 -0.6700336 0.3637287 -0.3727262
1535225273.813313 -2.2491136 -2.8382823 -0.6614993 0.5266874 -0.6701431 0.3644861 -0.3750445
1535225274.077123 -2.1787951 -2.8562152 -0.6629622 0.5196719 -0.6729600 0.3705148 -0.3738781
1535225274.537883 -2.0579424 -2.8894703 -0.6626124 0.5084420 -0.6773755 0.3736018 -0.3782471
1535225274.736389 -2.0037935 -2.8945637 -0.6631453 0.5106807 -0.6743076 0.3726170 -0.3816685
1535225275.098027 -1.9097755 -2.8994899 -0.6648257 0.5216697 -0.6643673 0.3780168 -0.3789200
1535225275.493742 -1.8187039 -2.9163587 -0.6631486 0.5240566 -0.6626731 0.3823369 -0.3742295
1535225275.889200 -1.7260196 -2.9305296 -0.6590712 0.5311532 -0.6604167 0.3770095 -0.3736173
1535225276.218314 -1.6423330 -2.9294405 -0.6533229 0.5492287 -0.6468333 0.3754851 -0.3727810
1535225276.712115 -1.5144401 -2.9322562 -0.6401784 0.5669299 -0.6288781 0.3723074 -0.3801183
1535225276.844020 -1.4820356 -2.9359777 -0.6363091 0.5685656 -0.6255993 0.3744667 -0.3809639
1535225277.305038 -1.3689015 -2.9494815 -0.6358283 0.5653934 -0.6284282 0.3686613 -0.3866485
1535225277.503288 -1.3213713 -2.9536803 -0.6436372 0.5653167 -0.6332414 0.3619526 -0.3852438
1535225277.964306 -1.2134585 -2.9504414 -0.6598909 0.5810618 -0.6228192 0.3636208 -0.3771517
1535225278.227858 -1.1545227 -2.9405966 -0.6595410 0.5939121 -0.6058224 0.3618466 -0.3864126
1535225278.622533 -1.0674000 -2.9176137 -0.6540399 -0.6129654 0.5771712 -0.3502674 0.4104384
1535225278.754439 -1.0387452 -2.9084749 -0.6506062 -0.6198635 0.5670769 -0.3450894 0.4184572
1535225279.182679 -0.9499457 -2.8768952 -0.6411843 -0.6391021 0.5376640 -0.3340136 0.4369221
1535225279.314584 -0.9238508 -2.8666873 -0.6371560 -0.6446289 0.5298603 -0.3275131 0.4432118
1535225279.710041 -0.8492384 -2.8310049 -0.6279380 -0.6701326 0.4941037 -0.3190607 0.4527518
1535225280.105756 -0.7639523 -2.7980523 -0.6131206 -0.6872646 0.4701628 -0.3007295 0.4649473
1535225280.434869 -0.6863350 -2.7729502 -0.6001582 -0.6939700 0.4607551 -0.2852329 0.4740807
1535225280.698421 -0.6276176 -2.7445946 -0.5887737 -0.7035966 0.4450704 -0.2727057 0.4821781
1535225280.995013 -0.5671479 -2.7047584 -0.5755632 -0.7136847 0.4258797 -0.2492752 0.4971345
1535225281.126918 -0.5418327 -2.6864641 -0.5697618 -0.7182717 0.4171721 -0.2355543 0.5045467
1535225281.521336 -0.4720933 -2.6253796 -0.5568743 -0.7357119 0.3895704 -0.1878718 0.5212171
1535225281.785147 -0.4277550 -2.5842035 -0.5509593 -0.7496973 0.3676109 -0.1640581 0.5252629
1535225282.180605 -0.3646420 -2.5234332 -0.5425074 -0.7680447 0.3364091 -0.1467741 0.5247797
1535225282.641624 -0.2961804 -2.4523113 -0.5288742 -0.7869406 0.2947723 -0.1301696 0.5262031
1535225282.905434 -0.2600605 -2.4150798 -0.5206506 -0.7973668 0.2699536 -0.1241586 0.5252771
1535225283.037081 -0.2425796 -2.3968902 -0.5160449 -0.8018185 0.2594255 -0.1188886 0.5250248
1535225283.530882 -0.1822810 -2.3287313 -0.4977648 -0.8161071 0.2208031 -0.1064287 0.5233433
1535225283.859996 -0.1436667 -2.2800040 -0.4825509 -0.8227070 0.1970913 -0.1008019 0.5235908
1535225284.255710 -0.0931854 -2.2209942 -0.4625685 -0.8263954 0.1842938 -0.0876728 0.5248047
1535225284.387358 -0.0751171 -2.2018101 -0.4558010 -0.8273546 0.1818512 -0.0862495 0.5243812
1535225284.651167 -0.0406519 -2.1605563 -0.4431691 -0.8277912 0.1784436 -0.0733020 0.5268268
1535225284.914978 -0.0044001 -2.1172547 -0.4312453 -0.8278610 0.1731068 -0.0665013 0.5293938
1535225285.211312 0.0338984 -2.0648484 -0.4174862 -0.8273456 0.1658036 -0.0599008 0.5333108
1535225285.605988 0.0808858 -1.9930441 -0.3996551 -0.8262955 0.1573835 -0.0497370 0.5385095
1535225285.804238 0.1069097 -1.9618938 -0.3914580 -0.8262200 0.1553448 -0.0485104 0.5393286
1535225286.594370 0.1825410 -1.8452517 -0.3606293 -0.8333739 0.1235234 -0.0358056 0.5375388
1535225286.923484 0.1948695 -1.7951856 -0.3418484 -0.8370857 0.0994086 -0.0236962 0.5374420
1535225287.385541 0.2259884 -1.7273346 -0.3126116 -0.8407189 0.0755577 -0.0122486 0.5360344
1535225287.615533 0.2482841 -1.6955897 -0.2985187 -0.8419625 0.0722918 -0.0029404 0.5346629
1535225287.944646 0.2815189 -1.6508720 -0.2792300 -0.8427587 0.0694526 0.0125140 0.5336456
1535225288.340104 0.3132075 -1.5911766 -0.2586999 -0.8449058 0.0552129 0.0216025 0.5316194
1535225288.801123 0.3494163 -1.5133420 -0.2316267 -0.8487799 0.0310158 0.0210947 0.5274143
1535225289.295964 0.3952092 -1.4172806 -0.1950507 -0.8469540 0.0210468 0.0408968 0.5296729
1535225289.493172 0.4135898 -1.3732527 -0.1808327 -0.8457822 0.0177600 0.0439338 0.5314199
1535225289.625077 0.4254296 -1.3419387 -0.1722306 -0.8451648 0.0137366 0.0409900 0.5327547
1535225290.020535 0.4661230 -1.2467768 -0.1455873 -0.8433225 0.0117096 0.0218498 0.5368356
1535225290.152440 0.4795342 -1.2155981 -0.1366037 -0.8427002 0.0128066 0.0196109 0.5378734
1535225290.613459 0.5304438 -1.1153923 -0.1051682 -0.8397017 0.0304304 0.0258179 0.5415797
1535225290.942573 0.5571196 -1.0456690 -0.0895565 -0.8402972 0.0355306 0.0300623 0.5401245
1535225291.206125 0.5784682 -0.9921007 -0.0770870 -0.8401625 0.0399433 0.0327201 0.5398713
1535225291.667144 0.6093452 -0.8936664 -0.0528889 -0.8402847 0.0249830 0.0243525 0.5410217
1535225291.963737 0.6318852 -0.8301164 -0.0380055 -0.8420331 0.0132696 0.0191877 0.5389212
1535225292.211027 0.6491596 -0.7732071 -0.0268838 -0.8449623 0.0057706 0.0238377 0.5342633
1535225292.491099 0.6687998 -0.7024790 -0.0135225 -0.8487752 0.0066336 0.0321743 0.5277324
1535225292.935727 0.7029068 -0.5739685 0.0039470 -0.8575013 0.0150271 0.0211710 0.5138264
1535225293.067632 0.7151104 -0.5318990 0.0107664 -0.8590330 0.0208874 0.0164079 0.5112308
1535225293.215927 0.7293361 -0.4836142 0.0195253 -0.8607097 0.0294388 0.0133220 0.5080696
1535225293.577566 0.7587673 -0.3611726 0.0431812 -0.8590047 0.0385306 0.0081558 0.5104506
1535225293.956890 0.7794235 -0.2473961 0.0556351 -0.8582385 0.0461760 0.0304570 0.5102615
1535225294.088795 0.7836711 -0.2113154 0.0570849 -0.8585125 0.0508274 0.0489166 0.5079175
1535225294.236834 0.7863008 -0.1727249 0.0606002 -0.8589704 0.0556184 0.0748887 0.5034562
1535225294.631510 0.7968351 -0.0779436 0.0675806 -0.8356539 0.1043136 0.1960149 0.5023738
1535225294.961663 0.8233094 -0.0128750 0.0561942 -0.8167508 0.1688759 0.2583874 0.4874783
1535225295.225474 0.8390910 0.0285628 0.0202203 -0.8509564 0.1564367 0.1930722 0.4627354
1535225295.538197 0.8190659 0.0687099 -0.0136189 -0.8918313 0.0907239 0.1512509 0.4165685
1535225295.669453 0.8079579 0.0864103 -0.0253721 -0.9016294 0.0719829 0.1528846 0.3981321
1535225295.801358 0.7980464 0.1058400 -0.0344634 -0.9072435 0.0560328 0.1572549 0.3860578
1535225295.867311 0.7929884 0.1166833 -0.0374323 -0.9083562 0.0498195 0.1623784 0.3821523
1535225295.982827 0.7829711 0.1377100 -0.0384878 -0.9071922 0.0437919 0.1792340 0.3781003
