1494876479.722076 0.0000000 0.0000000 0.0000000 -0.0000000 -0.0000000 -0.0000000 1.0000000
1494876493.092717 0.0507123 -0.1901922 -0.1132538 -0.0792831 0.0900537 -0.1462363 0.9819468
1494876494.128546 0.0375562 -0.2860662 -0.0837392 -0.0841346 0.0688386 -0.1498440 0.9827154
1494876494.446543 0.0355648 -0.3205206 -0.0619427 -0.0763020 0.0632826 -0.1545674 0.9829966
1494876494.605618 0.0332672 -0.3358192 -0.0516045 -0.0759030 0.0623894 -0.1538940 0.9831902
1494876495.959906 0.0153611 -0.4302858 -0.0488891 -0.0886326 0.0640730 -0.1315199 0.9852622
1494876496.119083 0.0151031 -0.4398618 -0.0552369 -0.0872006 0.0655609 -0.1331238 0.9850766
1494876496.278233 0.0147612 -0.4509324 -0.0580789 -0.0872794 0.0684057 -0.1308074 0.9851865
1494876496.357833 0.0181618 -0.4530463 -0.0608570 -0.0845086 0.0679194 -0.1300492 0.9855620
1494876496.437439 0.0170484 -0.4557195 -0.0632143 -0.0838502 0.0682523 -0.1318069 0.9853618
1494876496.758065 0.0136392 -0.4548946 -0.0687124 -0.0975582 0.0609137 -0.1405083 0.9833765
1494876496.917325 0.0088138 -0.4430847 -0.0727967 -0.1078077 0.0558925 -0.1480556 0.9814953
1494876497.076569 0.0042324 -0.4309396 -0.0749490 -0.1189971 0.0448414 -0.1524221 0.9801002
1494876497.872405 -0.0562546 -0.3917832 -0.1138346 -0.1432765 -0.0161055 -0.1388399 0.9797632
1494876497.954011 -0.0675508 -0.3901113 -0.1163724 -0.1466130 -0.0181192 -0.1311266 0.9802970
1494876498.351930 -0.1130109 -0.3623806 -0.1369879 -0.1378182 -0.0500922 -0.1335081 0.9801390
1494876498.511067 -0.1351000 -0.3502641 -0.1462233 -0.1327431 -0.0666000 -0.1415450 0.9787281
1494876498.749798 -0.1585184 -0.3373441 -0.1555049 -0.1228519 -0.0907636 -0.1367826 0.9787543
1494876498.908933 -0.1743313 -0.3310365 -0.1593553 -0.1128774 -0.1041399 -0.1301987 0.9795213
1494876499.388498 -0.2088782 -0.2959786 -0.1940790 -0.1097195 -0.1663859 -0.1347219 0.9706324
1494876500.504532 -0.2919712 -0.2421003 -0.2245067 -0.1290791 -0.2508206 -0.1212527 0.9516961
1494876500.663647 -0.3042507 -0.2339888 -0.2228366 -0.1238678 -0.2627013 -0.1199118 0.9493503
1494876500.743225 -0.3075400 -0.2320571 -0.2220546 -0.1223727 -0.2697083 -0.1185751 0.9477459
1494876500.981881 -0.3305945 -0.2317289 -0.2181182 -0.1202152 -0.2855126 -0.1136130 0.9439931
1494876501.220490 -0.3583963 -0.2382014 -0.2128812 -0.1193738 -0.3001499 -0.1056203 0.9404809
1494876501.697779 -0.4047927 -0.2358722 -0.1892560 -0.1169813 -0.3204080 -0.0937530 0.9353419
1494876502.574767 -0.4797569 -0.2225050 -0.1615007 -0.1108439 -0.3542406 -0.0831172 0.9248344
1494876505.683405 -0.7098555 -0.1034455 -0.0438785 -0.1332280 -0.4419895 -0.0726264 0.8840933
1494876506.958335 -0.8261730 -0.0703726 -0.0138673 -0.1481951 -0.4827575 -0.0589318 0.8611100
1494876507.992623 -0.8993173 -0.0256812 0.0279909 -0.1565627 -0.4952491 -0.0674645 0.8518597
1494876510.543053 -1.0804504 0.0432094 0.1494702 -0.1393908 -0.5077660 -0.0823816 0.8461426
1494876510.783841 -1.0913024 0.0577635 0.1700950 -0.1479441 -0.5060089 -0.0837568 0.8456076
1494876510.942961 -1.1103828 0.0591983 0.1771457 -0.1439852 -0.5025109 -0.0906549 0.8476631
1494876512.377175 -1.2239816 0.0850873 0.2646570 -0.1495765 -0.5122313 -0.0967070 0.8401748
1494876513.493084 -1.3270252 0.0915072 0.3476557 -0.1507330 -0.5086845 -0.0907581 0.8427827
1494876513.652200 -1.3410798 0.0880587 0.3583248 -0.1535292 -0.5069431 -0.0863927 0.8437854
1494876514.129599 -1.3844130 0.0993497 0.3764895 -0.1602767 -0.5122955 -0.0721813 0.8406276
1494876515.883320 -1.5056250 0.1926325 0.4187379 -0.1434726 -0.5320852 -0.0761598 0.8309637
1494876516.201055 -1.5312562 0.1999795 0.4321886 -0.1446204 -0.5318997 -0.0756148 0.8309333
1494876516.280471 -1.5361419 0.2043246 0.4379175 -0.1422121 -0.5321463 -0.0742431 0.8313146
1494876516.518763 -1.5560004 0.2083647 0.4502078 -0.1428556 -0.5307885 -0.0756935 0.8319413
1494876516.995370 -1.6044413 0.2097517 0.4840934 -0.1457891 -0.5310005 -0.0756712 0.8312989
1494876517.394590 -1.6515257 0.2057046 0.5006232 -0.1416415 -0.5363267 -0.0699801 0.8290924
1494876517.632900 -1.6804790 0.2043865 0.5145364 -0.1447645 -0.5401061 -0.0701657 0.8260784
1494876517.950668 -1.7147824 0.2011180 0.5357596 -0.1454022 -0.5402045 -0.0712512 0.8258091
1494876518.188987 -1.7440107 0.2039724 0.5498686 -0.1456328 -0.5420516 -0.0684604 0.8247936
1494876518.268420 -1.7518477 0.2044152 0.5571750 -0.1479619 -0.5434062 -0.0662988 0.8236635
1494876518.667567 -1.8113570 0.2115643 0.5661441 -0.1627199 -0.5510721 -0.0625951 0.8160415
1494876518.826421 -1.8377160 0.2229988 0.5704864 -0.1617316 -0.5575271 -0.0655792 0.8116070
1494876519.064871 -1.8689754 0.2383571 0.5807147 -0.1621403 -0.5612759 -0.0653738 0.8089538
1494876519.303620 -1.9021665 0.2550774 0.5924711 -0.1677453 -0.5633900 -0.0741420 0.8055782
1494876519.383186 -1.9122479 0.2613122 0.6002787 -0.1699627 -0.5647900 -0.0754437 0.8040107
1494876519.703528 -1.9544915 0.2770758 0.6175429 -0.1759696 -0.5690048 -0.0737017 0.7998977
1494876519.862706 -1.9794936 0.2910857 0.6195248 -0.1791231 -0.5725448 -0.0750615 0.7965382
1494876520.738070 -2.0987215 0.3474195 0.6722450 -0.1956214 -0.5725353 -0.0839149 0.7917663
1494876521.217372 -2.1681795 0.3721678 0.7088143 -0.1969329 -0.5696153 -0.0915507 0.7927007
1494876521.456047 -2.2038317 0.3868862 0.7218889 -0.2022220 -0.5725248 -0.0893394 0.7895188
1494876522.092624 -2.3135624 0.4091591 0.7609502 -0.1930961 -0.5787449 -0.0867755 0.7875520
1494876522.492506 -2.3750291 0.4311391 0.7832663 -0.1879608 -0.5761220 -0.0851552 0.7908872
1494876522.731251 -2.4151452 0.4421422 0.7940809 -0.1916133 -0.5745062 -0.0826241 0.7914546
1494876523.288280 -2.4953148 0.4610721 0.8171065 -0.2020106 -0.5789328 -0.0740391 0.7864774
1494876523.449494 -2.5205147 0.4682812 0.8245559 -0.2035398 -0.5784774 -0.0706149 0.7867332
1494876523.847326 -2.5750844 0.4835722 0.8448474 -0.2036865 -0.5822075 -0.0748325 0.7835473
1494876524.724384 -2.6885643 0.5107833 0.8939302 -0.1864859 -0.5810001 -0.0946653 0.7865751
1494876524.803897 -2.6961756 0.5133216 0.8992467 -0.1848925 -0.5813894 -0.0965795 0.7864310
1494876525.121747 -2.7344096 0.5197710 0.9222763 -0.1811749 -0.5810968 -0.0977941 0.7873618
1494876525.598454 -2.7951617 0.5264576 0.9395542 -0.1775592 -0.5788419 -0.0892550 0.7908530
1494876527.510662 -2.9825602 0.5801728 1.0009809 -0.1411690 -0.5634308 -0.0774646 0.8103186
1494876527.749237 -3.0088644 0.5863385 1.0195997 -0.1442902 -0.5573786 -0.0826169 0.8134395
1494876529.182441 -3.1765170 0.5969701 1.1099434 -0.1645702 -0.5380975 -0.0754079 0.8232141
1494876529.341482 -3.1982501 0.6057484 1.1130502 -0.1726829 -0.5340850 -0.0769514 0.8240221
1494876529.659540 -3.2305999 0.6144392 1.1119192 -0.1802610 -0.5418394 -0.0730096 0.8176709
1494876530.138642 -3.2809832 0.6143230 1.1008103 -0.1937810 -0.5426911 -0.0737284 0.8139407
1494876530.536197 -3.3219337 0.6127070 1.1038537 -0.1990665 -0.5406072 -0.0694171 0.8144310
1494876531.253863 -3.3881059 0.6403328 1.1169765 -0.1995833 -0.5399315 -0.0777106 0.8140034
1494876531.571933 -3.4243543 0.6614038 1.1141620 -0.2012481 -0.5424048 -0.0841429 0.8113053
1494876532.208131 -3.4858935 0.6851271 1.1006238 -0.2005197 -0.5435300 -0.0880004 0.8103227
1494876532.687230 -3.5318201 0.7060652 1.1068809 -0.1928639 -0.5480658 -0.1027665 0.8073825
1494876533.164337 -3.5938570 0.7371200 1.1000769 -0.1879616 -0.5618492 -0.1171214 0.7970436
1494876533.961883 -3.6864538 0.7740176 1.1249535 -0.2114821 -0.5453278 -0.1200719 0.8021694
1494876534.041432 -3.6957312 0.7758452 1.1299114 -0.2112945 -0.5437849 -0.1186551 0.8034759
1494876534.200522 -3.7187769 0.7738719 1.1347518 -0.2133252 -0.5409598 -0.1154273 0.8053145
1494876534.359627 -3.7431822 0.7779758 1.1323929 -0.2168800 -0.5400615 -0.1153265 0.8049823
1494876534.677842 -3.7871151 0.7903768 1.1225789 -0.2225075 -0.5394936 -0.1200027 0.8031417
1494876534.998079 -3.8203940 0.7996914 1.1240406 -0.2252993 -0.5357256 -0.1199130 0.8048970
1494876536.032320 -3.9438043 0.8309908 1.1652796 -0.2098872 -0.5184361 -0.1367969 0.8175928
1494876536.273027 -3.9750271 0.8276594 1.1699629 -0.2164991 -0.5124505 -0.1251200 0.8215032
1494876536.432179 -3.9946332 0.8275409 1.1744943 -0.2224151 -0.5083435 -0.1176246 0.8235794
1494876536.670889 -4.0192857 0.8278190 1.1833110 -0.2204942 -0.5026625 -0.1004267 0.8298357
1494876537.227990 -4.0852208 0.8413036 1.2126925 -0.2208608 -0.4910571 -0.0999424 0.8367168
1494876537.627949 -4.1218276 0.8359007 1.2188077 -0.2231852 -0.4963329 -0.0981606 0.8331906
1494876538.264524 -4.1823978 0.8309251 1.2092814 -0.2277554 -0.5020246 -0.0502312 0.8328119
1494876538.744047 -4.2192302 0.8712186 1.2227037 -0.2122410 -0.5061411 -0.0824419 0.8318523
1494876539.221482 -4.2618656 0.8943118 1.2228105 -0.2118239 -0.4965129 -0.0862819 0.8373536
1494876540.576144 -4.3724265 0.9565015 1.2273479 -0.2123971 -0.4881897 -0.0923462 0.8414454
1494876541.453006 -4.4459410 0.9751875 1.2377970 -0.2172980 -0.4761215 -0.0748049 0.8488193
1494876541.771200 -4.4748402 0.9857400 1.2426014 -0.2113371 -0.4739472 -0.0742756 0.8515831
1494876542.009853 -4.4898653 0.9913920 1.2474251 -0.2076616 -0.4698721 -0.0703982 0.8550678
1494876542.727980 -4.5437369 1.0296240 1.2580874 -0.1957588 -0.4701196 -0.0820454 0.8566998
1494876545.834766 -4.7246585 1.2015156 1.2954657 -0.1819368 -0.4663222 -0.0848516 0.8615351
1494876546.073454 -4.7377381 1.2096138 1.3067336 -0.1847135 -0.4640618 -0.0885084 0.8617969
1494876549.182817 -4.9984927 1.2468843 1.4093480 -0.1323818 -0.4794552 -0.0892119 0.8629247
1494876550.219182 -5.0786161 1.2810462 1.4410558 -0.1448173 -0.4702908 -0.0661283 0.8680331
1494876551.014997 -5.1290412 1.3503028 1.4518099 -0.1460552 -0.4825291 -0.0719713 0.8606124
1494876551.412913 -5.1541777 1.3923117 1.4636366 -0.1546635 -0.4809833 -0.0828158 0.8589970
1494876552.688032 -5.2389326 1.4567509 1.5286324 -0.1498961 -0.4800768 -0.0780440 0.8607941
1494876553.247078 -5.2814207 1.4731488 1.5545292 -0.1563060 -0.4799587 -0.0721156 0.8602368
1494876554.283588 -5.3614707 1.5047338 1.5733242 -0.1490190 -0.4949303 -0.0610219 0.8538815
1494876554.920389 -5.4013152 1.5377517 1.5944681 -0.1471535 -0.4945328 -0.0569502 0.8547162
1494876555.479598 -5.4378657 1.5803653 1.6252904 -0.1546083 -0.4916832 -0.0675336 0.8542734
1494876556.036680 -5.4691806 1.5933857 1.6453972 -0.1553935 -0.4894960 -0.0638634 0.8556682
1494876557.710017 -5.5843396 1.6427242 1.6724434 -0.1512283 -0.5057611 -0.0537906 0.8476098
1494876558.905741 -5.6713333 1.6625952 1.7021546 -0.1676335 -0.5300781 -0.0545099 0.8294245
1494876559.464584 -5.7249413 1.6662986 1.7487760 -0.1855246 -0.5254499 -0.0660928 0.8277166
1494876560.579828 -5.8558974 1.6176599 1.8384621 -0.1854758 -0.5165002 -0.0910982 0.8309798
1494876560.659332 -5.8652501 1.6179714 1.8430760 -0.1853705 -0.5180292 -0.0935906 0.8297737
1494876560.818387 -5.8884149 1.6133733 1.8511231 -0.1932216 -0.5210121 -0.0962173 0.8258051
1494876561.215985 -5.9513822 1.5936960 1.8842287 -0.2059334 -0.5261702 -0.0920860 0.8199125
1494876561.375046 -5.9723721 1.5813941 1.8930316 -0.2040039 -0.5242882 -0.0897613 0.8218560
1494876561.534083 -5.9933829 1.5662122 1.8996000 -0.2026088 -0.5239059 -0.0901939 0.8223973
1494876562.092812 -6.0665240 1.5477144 1.9235783 -0.1914739 -0.5278879 -0.0906575 0.8224678
1494876562.410911 -6.1027184 1.5428549 1.9428358 -0.2012716 -0.5159738 -0.0750731 0.8292314
1494876562.490446 -6.1110682 1.5425382 1.9469967 -0.2050903 -0.5164618 -0.0741869 0.8280709
1494876562.888124 -6.1631651 1.5394720 1.9640675 -0.2069946 -0.5173876 -0.0813749 0.8263422
1494876562.969703 -6.1743922 1.5360446 1.9665756 -0.2007007 -0.5198057 -0.0813195 0.8263827
1494876563.049220 -6.1824131 1.5330604 1.9725237 -0.1934117 -0.5216905 -0.0803752 0.8270252
1494876563.128747 -6.1882229 1.5309463 1.9802723 -0.1878389 -0.5219821 -0.0808199 0.8280818
1494876565.358159 -6.3820686 1.5327797 2.0958343 -0.1891630 -0.5111012 -0.0909050 0.8335041
1494876565.678343 -6.4015627 1.5340849 2.1048594 -0.1829147 -0.5104508 -0.0854323 0.8358729
1494876567.429297 -6.5028119 1.6302322 2.1342239 -0.1858312 -0.5235752 -0.0760859 0.8279775
1494876568.225616 -6.5433183 1.6819931 2.1474938 -0.1828589 -0.5291348 -0.0839867 0.8243332
1494876568.702295 -6.5733638 1.6934536 2.1657796 -0.1870120 -0.5246622 -0.0784115 0.8268057
1494876569.179000 -6.6021814 1.7095747 2.1819825 -0.1783381 -0.5284923 -0.0866938 0.8254548
1494876569.578241 -6.6368465 1.7284398 2.1881547 -0.1837762 -0.5323320 -0.0920765 0.8212008
1494876570.612995 -6.7211423 1.7353952 2.2319770 -0.1815867 -0.5423734 -0.0819533 0.8161746
1494876571.089612 -6.7644176 1.7563148 2.2485552 -0.1805527 -0.5482049 -0.0819212 0.8125029
1494876571.886671 -6.8283648 1.7682629 2.3005304 -0.1826331 -0.5412229 -0.0833594 0.8165624
1494876572.523077 -6.8749728 1.7774944 2.3257308 -0.1808325 -0.5455415 -0.0891348 0.8134735
1494876572.920745 -6.9030266 1.7832539 2.3390746 -0.1829287 -0.5456630 -0.0844929 0.8134187
1494876573.320482 -6.9305010 1.7936826 2.3521223 -0.1889890 -0.5459994 -0.0826745 0.8119931
1494876573.877376 -6.9589963 1.8029460 2.3716865 -0.1929039 -0.5470330 -0.0761277 0.8110164
1494876574.834109 -6.9990115 1.8403292 2.3834796 -0.1961057 -0.5505152 -0.0805218 0.8074601
1494876575.311529 -7.0254474 1.8626599 2.3818660 -0.2020044 -0.5547869 -0.0796849 0.8031538
1494876575.950137 -7.0517688 1.8747976 2.3858781 -0.1952220 -0.5589203 -0.0662452 0.8031862
1494876576.987236 -7.1029177 1.9536853 2.3844266 -0.1990053 -0.5674881 -0.0741727 0.7955204
1494876577.624024 -7.1209579 1.9566216 2.3861880 -0.1924653 -0.5708930 -0.0723067 0.7948648
1494876578.101541 -7.1372490 1.9702036 2.3951769 -0.2001319 -0.5687464 -0.0741515 0.7943402
1494876578.660667 -7.1738000 1.9661951 2.4045892 -0.2079352 -0.5711795 -0.0774413 0.7902656
1494876579.058611 -7.1912832 1.9500008 2.4106364 -0.2055415 -0.5728250 -0.0706436 0.7903377
1494876579.538327 -7.2191453 1.9435713 2.4205585 -0.2025883 -0.5721993 -0.0738213 0.7912626
1494876579.936480 -7.2398086 1.9422764 2.4235506 -0.1964600 -0.5765110 -0.0769883 0.7893740
1494876583.282446 -7.4090924 1.9850866 2.4564619 -0.1806347 -0.5911511 -0.0829544 0.7816841
1494876583.682422 -7.4285483 1.9938999 2.4619441 -0.1732768 -0.6027464 -0.0796432 0.7748089
1494876584.639511 -7.4756918 2.0465798 2.4716263 -0.2081722 -0.6060358 -0.1045211 0.7605659
1494876584.719076 -7.4805355 2.0500698 2.4777255 -0.2085132 -0.6063758 -0.1060499 0.7599896
1494876584.878269 -7.4903097 2.0516562 2.4848762 -0.2094126 -0.6049117 -0.1063955 0.7608602
1494876585.994627 -7.5926857 2.0469012 2.5206456 -0.1835560 -0.6223180 -0.1164184 0.7519802
1494876586.710898 -7.6704311 2.0367675 2.5489445 -0.1782691 -0.6233605 -0.1040522 0.7541983
1494876587.667791 -7.7688732 2.0387607 2.5626307 -0.2012097 -0.6260774 -0.0733320 0.7497761
1494876589.102602 -7.9008017 2.0410471 2.5479121 -0.1976741 -0.6053889 -0.0782459 0.7670116
1494876589.341238 -7.9225454 2.0525365 2.5364995 -0.2040855 -0.6066875 -0.0688637 0.7652040
1494876589.420827 -7.9318485 2.0542717 2.5299983 -0.2048757 -0.6088492 -0.0587002 0.7641222
1494876590.218385 -8.0293894 2.0951328 2.4941049 -0.1885219 -0.6262359 -0.0828377 0.7519481
1494876590.695714 -8.0793896 2.1132016 2.5132546 -0.1705476 -0.6119809 -0.0773129 0.7683851
1494876591.015926 -8.1099396 2.1407886 2.5008345 -0.1798183 -0.5867682 -0.0959359 0.7836867
1494876591.095500 -8.1166553 2.1474700 2.5055380 -0.1854600 -0.5804194 -0.0895438 0.7878450
1494876591.413695 -8.1567698 2.1605983 2.5200853 -0.1937781 -0.5633523 -0.0788479 0.7992917
1494876591.652398 -8.1929846 2.1585789 2.5247583 -0.1896523 -0.5509055 -0.0801141 0.8087749
1494876592.129791 -8.2655096 2.1691647 2.5342226 -0.1757256 -0.5331443 -0.0893841 0.8227322
1494876592.209356 -8.2774830 2.1706479 2.5372171 -0.1736112 -0.5316413 -0.0916200 0.8239068
1494876592.370497 -8.2973614 2.1743982 2.5443349 -0.1706364 -0.5294800 -0.0944910 0.8255942
1494876593.963109 -8.5396175 2.2224560 2.5688167 -0.1848670 -0.4933874 -0.1160499 0.8419772
1494876594.281180 -8.5778360 2.2318885 2.5850730 -0.1878641 -0.4779556 -0.1218806 0.8493590
1494876595.157999 -8.6993418 2.2343605 2.6239085 -0.1880856 -0.4383655 -0.1172859 0.8710359
1494876595.873883 -8.8021584 2.2941225 2.5840249 -0.1907754 -0.4539793 -0.1565165 0.8561602
1494876596.432695 -8.8755360 2.2977440 2.6082139 -0.2013718 -0.4318146 -0.1597921 0.8645530
1494876596.671376 -8.8990040 2.3053141 2.6178460 -0.2008187 -0.4268856 -0.1462414 0.8695137
1494876597.069023 -8.9673309 2.3242962 2.6169462 -0.2091112 -0.4075066 -0.1560241 0.8751385
1494876597.307622 -9.0124893 2.3379171 2.6242685 -0.2033956 -0.4024857 -0.1719890 0.8758169
1494876597.548270 -9.0559387 2.3446603 2.6363158 -0.1935998 -0.3983098 -0.1729682 0.8797445
1494876597.627795 -9.0699282 2.3482356 2.6391854 -0.1931337 -0.3917352 -0.1696286 0.8834416
1494876597.786882 -9.0868883 2.3595605 2.6475968 -0.1913903 -0.3776593 -0.1618667 0.8913711
1494876597.945960 -9.0915880 2.3923652 2.6482084 -0.1853765 -0.3642327 -0.1432156 0.9013653
1494876598.105044 -9.1329727 2.3562427 2.6635034 -0.1951276 -0.3538202 -0.1452415 0.9031287
1494876598.264094 -9.1609793 2.3574734 2.6687787 -0.1921427 -0.3411086 -0.1440216 0.9088365
1494876598.423172 -9.1846085 2.3711033 2.6686087 -0.1813461 -0.3290581 -0.1405610 0.9160115
1494876598.663774 -9.2082615 2.3801646 2.6792641 -0.1637607 -0.3099837 -0.1368715 0.9264765
1494876599.061380 -9.2276554 2.3912766 2.7061059 -0.1636197 -0.2788611 -0.1518816 0.9340219
1494876655.494117 -8.1892681 3.3423629 7.4263277 0.0030001 -0.8493614 0.1844314 -0.4945315
1494876655.891853 -8.1521740 3.3280103 7.4256401 0.0059716 -0.8593380 0.1868743 -0.4760047
1494876656.211780 -8.1436844 3.3117349 7.4240713 -0.0025680 -0.8627859 0.1897248 -0.4686134
1494876656.370727 -8.1469669 3.3051476 7.4335489 -0.0112698 -0.8647606 0.1889780 -0.4651337
1494876657.485925 -8.0610094 3.2649758 7.4993839 -0.0187459 -0.8658338 0.1740206 -0.4687189
1494876657.963275 -8.0399685 3.2563896 7.5217905 -0.0433189 -0.8685659 0.1762599 -0.4611390
1494876658.202162 -8.0222282 3.2564974 7.5211506 -0.0403775 -0.8698525 0.1872309 -0.4546106
1494876658.281768 -8.0175390 3.2564328 7.5255394 -0.0364135 -0.8699295 0.1910391 -0.4532117
1494876658.361399 -8.0074892 3.2681189 7.5326796 -0.0334358 -0.8707291 0.1930070 -0.4510667
1494876658.441024 -7.9969816 3.2745209 7.5358744 -0.0288022 -0.8717211 0.1912971 -0.4501980
1494876658.681929 -7.9687405 3.2801695 7.5319605 -0.0126023 -0.8727673 0.1832091 -0.4522753
1494876658.761542 -7.9565248 3.2863226 7.5313015 -0.0101494 -0.8728170 0.1842960 -0.4517992
1494876659.478025 -7.8995304 3.2944334 7.5474129 0.0120925 -0.8619505 0.2333018 -0.4499615
1494876659.557607 -7.8939161 3.2976570 7.5474710 0.0139989 -0.8600702 0.2402844 -0.4498298
1494876659.637146 -7.8900433 3.3005879 7.5475416 0.0145230 -0.8581191 0.2453291 -0.4508153
1494876659.716733 -7.8842745 3.2986722 7.5575562 0.0137917 -0.8577701 0.2455360 -0.4513894
1494876659.796300 -7.8765945 3.3032699 7.5606451 0.0135095 -0.8569778 0.2462678 -0.4525028
1494876659.877890 -7.8685503 3.3048265 7.5554047 0.0124266 -0.8557541 0.2463023 -0.4548248
1494876660.991765 -7.7439833 3.3149183 7.5624790 -0.0160914 -0.8685234 0.2156380 -0.4459915
1494876661.630480 -7.6790209 3.3270414 7.5612450 -0.0227222 -0.8748783 0.2168858 -0.4324722
1494876661.948692 -7.6482754 3.3309195 7.5538282 -0.0182812 -0.8795998 0.2107219 -0.4261062
1494876662.346564 -7.6120324 3.3446264 7.5432892 -0.0163742 -0.8836399 0.2075764 -0.4193143
1494876662.746516 -7.5717807 3.3565457 7.5489111 -0.0182933 -0.8822290 0.2028946 -0.4244658
1494876663.223948 -7.5221472 3.3672140 7.5530691 -0.0216409 -0.8772169 0.2006566 -0.4356136
1494876663.862593 -7.4574575 3.3769841 7.5616217 -0.0263673 -0.8726307 0.1971377 -0.4460462
1494876664.419667 -7.4159226 3.3770990 7.5527439 -0.0245919 -0.8699297 0.2017127 -0.4493658
1494876664.978874 -7.3781853 3.3828454 7.5423470 -0.0203505 -0.8652868 0.2106681 -0.4544048
1494876665.138072 -7.3634009 3.3879991 7.5398540 -0.0152355 -0.8653866 0.2096589 -0.4548813
1494876665.297264 -7.3515215 3.3929539 7.5364475 -0.0125901 -0.8671135 0.2016851 -0.4552788
1494876665.456414 -7.3347650 3.3969345 7.5427074 0.0005048 -0.8708137 0.1807327 -0.4571858
1494876665.774771 -7.3117428 3.3753047 7.5450354 0.0146486 -0.8638934 0.1849702 -0.4682518
1494876666.013544 -7.3019295 3.3615084 7.5463381 -0.0025320 -0.8543571 0.2027080 -0.4785155
1494876666.333940 -7.2809043 3.3514335 7.5430951 0.0093630 -0.8476648 0.2052593 -0.4891272
1494876666.811455 -7.2409892 3.3390670 7.5449181 0.0337720 -0.8439975 0.1923253 -0.4995385
1494876667.129763 -7.2214985 3.3232827 7.5462346 0.0252724 -0.8380916 0.1857591 -0.5123059
1494876667.927679 -7.1590161 3.2603917 7.5370111 -0.0225653 -0.8472103 0.1645219 -0.5046366
1494876668.086828 -7.1414747 3.2388666 7.5456486 -0.0292477 -0.8467147 0.1551887 -0.5080702
1494876668.484803 -7.1236920 3.2039609 7.5481353 -0.0244674 -0.8398516 0.1541105 -0.5199045
1494876668.644010 -7.1253242 3.2036078 7.5442657 -0.0160197 -0.8318322 0.1523002 -0.5334822
1494876668.723633 -7.1293764 3.2071331 7.5406027 -0.0191957 -0.8270292 0.1482814 -0.5419104
1494876670.399595 -6.9863019 2.9916067 7.6057467 -0.0025005 -0.8529346 0.1219379 -0.5075703
1494876670.638392 -6.9646602 2.9657145 7.5958843 0.0026854 -0.8520839 0.1231433 -0.5087059
1494876671.116123 -6.9366808 2.9058170 7.5816727 -0.0031140 -0.8689964 0.1152014 -0.4812112
1494876671.357114 -6.9324498 2.8485374 7.5773506 0.0043458 -0.8752999 0.1228122 -0.4677055
1494876671.516434 -6.9279699 2.8306613 7.5745888 0.0018327 -0.8802138 0.1229584 -0.4583683
1494876671.755387 -6.9148030 2.7821984 7.5781193 -0.0064389 -0.8853063 0.1073510 -0.4524015
1494876672.073947 -6.9031258 2.7415669 7.5617533 -0.0166684 -0.8901234 0.1115701 -0.4415366
1494876672.392498 -6.8815756 2.7131405 7.5676556 -0.0099669 -0.8921534 0.1044117 -0.4393873
1494876672.713002 -6.8659368 2.6787634 7.5815744 -0.0182703 -0.8913312 0.1005727 -0.4416786
1494876673.668547 -6.8300247 2.5824628 7.5610514 -0.0299055 -0.8965881 0.1075535 -0.4285647
1494876673.827754 -6.8308492 2.5678089 7.5557671 -0.0306349 -0.8960474 0.1140352 -0.4279680
1494876674.227758 -6.8074527 2.5429137 7.5583677 -0.0298469 -0.8966299 0.1099879 -0.4278629
1494876675.103200 -6.7643738 2.5083914 7.5243130 -0.0373912 -0.8978215 0.1074192 -0.4254168
1494876675.184819 -6.7596874 2.5028083 7.5183029 -0.0385359 -0.8973595 0.1061790 -0.4265994
1494876675.503098 -6.7340255 2.4993165 7.5190878 -0.0371030 -0.8939267 0.1084949 -0.4332982
1494876676.778329 -6.6580043 2.5184495 7.4740572 -0.0363573 -0.8947111 0.1075522 -0.4319753
1494876676.937585 -6.6403627 2.5086341 7.4860516 -0.0376770 -0.8965831 0.1081360 -0.4278152
1494876677.176481 -6.6294565 2.5045516 7.4734697 -0.0358483 -0.8928742 0.1191159 -0.4327839
1494876677.415364 -6.5986967 2.5256851 7.4673853 -0.0292992 -0.8942987 0.1299992 -0.4271669
1494876677.574605 -6.5927558 2.5273204 7.4640846 -0.0201976 -0.8940499 0.1439611 -0.4237240
1494876677.654235 -6.5786419 2.5290086 7.4709911 -0.0148158 -0.8953850 0.1498038 -0.4190765
1494876678.134021 -6.5591359 2.5230622 7.4252195 -0.0148792 -0.8902406 0.1484202 -0.4303741
1494876680.047010 -6.4349108 2.5138123 7.3902054 -0.0388776 -0.8911787 0.1331297 -0.4319322
1494876682.121609 -6.3313231 2.3604536 7.3414679 -0.0299475 -0.8913700 0.1248087 -0.4347247
1494876682.599522 -6.2907085 2.3240840 7.3298817 -0.0257723 -0.8911888 0.1309268 -0.4335625
1494876684.594460 -6.1728091 2.2677243 7.2873793 -0.0218844 -0.8907241 0.1545162 -0.4269150
1494876684.992549 -6.1499224 2.2897689 7.2729912 -0.0290246 -0.8959235 0.1508324 -0.4168073
1494876685.710913 -6.0978775 2.2772825 7.2294188 -0.0179692 -0.8957378 0.1465714 -0.4193421
1494876686.029221 -6.0761695 2.2641535 7.2133884 -0.0173236 -0.8973676 0.1500937 -0.4146121
1494876686.108819 -6.0721855 2.2577860 7.2083254 -0.0177594 -0.8977279 0.1513650 -0.4133496
1494876686.985963 -6.0013371 2.2065120 7.1802378 -0.0238988 -0.8932421 0.1651343 -0.4174662
1494876687.701946 -5.9494858 2.1658995 7.1501589 -0.0351295 -0.8924495 0.1641819 -0.4187411
1494876687.942693 -5.9332104 2.1524596 7.1392736 -0.0377180 -0.8928355 0.1585014 -0.4198803
1494876689.135576 -5.8425193 2.1182370 7.1044564 -0.0365720 -0.8852525 0.1496000 -0.4388740
1494876689.852662 -5.7838593 2.0873513 7.0843840 -0.0417427 -0.8801001 0.1429851 -0.4508178
1494876690.011538 -5.7667785 2.0890610 7.0773530 -0.0393779 -0.8792986 0.1459155 -0.4516548
1494876690.249991 -5.7458363 2.0781600 7.0789528 -0.0359025 -0.8789856 0.1456508 -0.4526381
1494876690.649890 -5.7097387 2.0739396 7.0462685 -0.0268250 -0.8785298 0.1487705 -0.4531369
1494876691.765840 -5.6424656 2.0106816 7.0120454 -0.0442973 -0.8784701 0.1468694 -0.4525013
1494876691.845425 -5.6380081 2.0027390 7.0103970 -0.0439025 -0.8783944 0.1451177 -0.4532513
1494876692.084068 -5.6224236 1.9968815 7.0031004 -0.0427356 -0.8783102 0.1421680 -0.4544591
1494876692.561390 -5.5898247 1.9862323 6.9820123 -0.0338328 -0.8788264 0.1404287 -0.4547518
1494876692.879606 -5.5723181 1.9740733 6.9726429 -0.0338560 -0.8792004 0.1393249 -0.4543666
1494876693.199847 -5.5574231 1.9588670 6.9589767 -0.0416469 -0.8778691 0.1356584 -0.4573929
1494876693.279398 -5.5524478 1.9648983 6.9621782 -0.0421856 -0.8773049 0.1372689 -0.4579451
1494876693.358972 -5.5481744 1.9616817 6.9618959 -0.0424961 -0.8769532 0.1359971 -0.4589684
1494876693.677258 -5.5283208 1.9570782 6.9558325 -0.0428190 -0.8756322 0.1311492 -0.4628549
1494876693.756851 -5.5231404 1.9607524 6.9496341 -0.0425487 -0.8747097 0.1312901 -0.4645810
1494876695.591566 -5.4113121 1.9417498 6.8848529 -0.0260060 -0.8723099 0.1091485 -0.4759052
1494876697.900701 -5.2841725 1.8609467 6.8590918 -0.0238121 -0.8668387 0.1171668 -0.4840409
1494876700.210618 -5.1684256 1.8730829 6.8157291 -0.0171336 -0.8687536 0.1193388 -0.4803456
1494876700.528907 -5.1437254 1.8845974 6.7916369 -0.0078562 -0.8704563 0.1113504 -0.4794218
1494876700.690114 -5.1369724 1.8782138 6.7850904 -0.0097640 -0.8710152 0.1083985 -0.4790480
1494876702.601984 -5.0326943 1.7973967 6.7547674 -0.0178961 -0.8609902 0.0699534 -0.5034702
1494876702.681565 -5.0265632 1.7936817 6.7461410 -0.0097377 -0.8601823 0.0721154 -0.5047683
1494876703.399767 -4.9940004 1.7333518 6.7215686 -0.0153117 -0.8614713 0.1163863 -0.4940516
1494876703.479330 -4.9867487 1.7313595 6.7187610 -0.0140544 -0.8613222 0.1175788 -0.4940665
1494876703.558879 -4.9838586 1.7281753 6.7198982 -0.0135803 -0.8614321 0.1181066 -0.4937624
1494876703.638480 -4.9832168 1.7232981 6.7175837 -0.0138093 -0.8618343 0.1172757 -0.4932519
1494876704.195443 -4.9486251 1.7062476 6.6972151 -0.0272470 -0.8746364 0.1170952 -0.4696356
1494876704.595276 -4.9236016 1.7056245 6.6876087 -0.0331825 -0.8755739 0.1223531 -0.4661534
1494876705.311424 -4.8781233 1.7043601 6.6643362 -0.0302281 -0.8772196 0.1250748 -0.4625241
1494876705.550154 -4.8660579 1.7021551 6.6550255 -0.0317944 -0.8772377 0.1216591 -0.4632950
1494876706.427394 -4.8137798 1.7049651 6.6319251 -0.0307617 -0.8791698 0.1121060 -0.4621108
1494876706.586530 -4.8076949 1.7074629 6.6210208 -0.0294566 -0.8806182 0.1093117 -0.4601031
1494876708.179800 -4.7018666 1.6601720 6.5722046 -0.0270002 -0.8805593 0.1086406 -0.4605253
1494876709.057142 -4.6396832 1.6410598 6.5421882 -0.0360640 -0.8783149 0.1124781 -0.4632614
1494876710.570268 -4.5157576 1.6439059 6.4792485 -0.0319717 -0.8768190 0.0955654 -0.4701420
1494876710.970041 -4.4778228 1.6397071 6.4596233 -0.0265991 -0.8770157 0.0999145 -0.4692047
1494876711.606376 -4.4352546 1.6205423 6.4298196 -0.0266616 -0.8803094 0.1007351 -0.4628142
1494876711.844950 -4.4200931 1.6101278 6.4209099 -0.0265307 -0.8799140 0.1032270 -0.4630245
1494876712.642292 -4.3522778 1.5907903 6.3951969 -0.0267358 -0.8777707 0.1064113 -0.4663481
1494876714.075956 -4.2357774 1.5854628 6.3413997 -0.0214222 -0.8765858 0.0975094 -0.4707763
1494876715.111975 -4.1446357 1.5978622 6.2922845 -0.0153905 -0.8823354 0.0987228 -0.4598925
1494876716.068414 -4.0579596 1.5892265 6.2569566 -0.0172796 -0.8802670 0.1021899 -0.4630214
1494876716.466088 -4.0240941 1.5790334 6.2474909 -0.0206867 -0.8809127 0.0907432 -0.4640372
1494876717.581711 -3.9241066 1.5799376 6.2019310 -0.0236522 -0.8786744 0.0955203 -0.4671700
1494876717.979446 -3.8875532 1.5877140 6.1856594 -0.0239769 -0.8785428 0.0934911 -0.4678110
1494876719.095428 -3.8008394 1.5965509 6.1542931 -0.0211541 -0.8742992 0.1062695 -0.4731388
1494876719.893375 -3.7460241 1.5905474 6.1195407 -0.0268376 -0.8772505 0.1031289 -0.4680554
1494876720.530186 -3.6953411 1.5905007 6.1054626 -0.0257767 -0.8746455 0.1094040 -0.4715524
1494876722.682478 -3.5469756 1.5516137 6.0557504 -0.0258132 -0.8698411 0.1288823 -0.4754992
1494876722.762025 -3.5414200 1.5504099 6.0563974 -0.0274411 -0.8699828 0.1268405 -0.4756978
1494876723.080239 -3.5215383 1.5384452 6.0481224 -0.0367240 -0.8688849 0.1262054 -0.4772449
1494876723.477942 -3.4932518 1.5242329 6.0526795 -0.0445000 -0.8644820 0.1222959 -0.4855247
1494876724.036817 -3.4560061 1.5105172 6.0517907 -0.0416360 -0.8615724 0.1261773 -0.4899374
1494876725.470710 -3.3351350 1.5097164 5.9977407 -0.0224143 -0.8679017 0.1224406 -0.4808872
1494876725.629834 -3.3188453 1.5054541 5.9833374 -0.0166790 -0.8666671 0.1219065 -0.4834757
1494876725.868518 -3.2994003 1.5069976 5.9784226 -0.0124576 -0.8648171 0.1300234 -0.4847991
1494876726.586563 -3.2447186 1.5074271 5.9507766 -0.0167332 -0.8725057 0.1286145 -0.4710756
1494876727.223069 -3.1929345 1.4966667 5.9297552 -0.0197383 -0.8725011 0.1252735 -0.4718674
1494876729.773880 -2.9831786 1.4382145 5.8560123 -0.0301336 -0.8779156 0.1275040 -0.4605421
1494876730.253238 -2.9415965 1.4347080 5.8354392 -0.0392904 -0.8729842 0.1371430 -0.4664189
1494876730.412331 -2.9212465 1.4337167 5.8412819 -0.0404805 -0.8729352 0.1408686 -0.4652972
1494876730.571463 -2.9087963 1.4240553 5.8312688 -0.0468588 -0.8711540 0.1395117 -0.4684351
1494876732.164743 -2.7699208 1.4332430 5.7617083 -0.0394725 -0.8706717 0.1537547 -0.4655450
1494876732.882904 -2.7331061 1.4106097 5.7561226 -0.0365868 -0.8664328 0.1751783 -0.4661204
1494876733.280842 -2.6991692 1.4196951 5.7616367 -0.0237198 -0.8679672 0.1716927 -0.4653944
1494876733.599090 -2.6801324 1.4073700 5.7506208 -0.0188375 -0.8726736 0.1519144 -0.4636896
1494876733.678650 -2.6701069 1.4097545 5.7378964 -0.0149897 -0.8724887 0.1512066 -0.4644088
1494876734.873672 -2.5742888 1.3056682 5.7367496 -0.0177747 -0.8692452 0.1545606 -0.4692632
1494876734.953196 -2.5806127 1.3023936 5.7218943 -0.0178036 -0.8667078 0.1547649 -0.4738654
1494876735.032736 -2.5751343 1.2947491 5.7251701 -0.0165397 -0.8666409 0.1545309 -0.4741100
1494876735.273392 -2.5538292 1.2847716 5.7267947 -0.0133045 -0.8667959 0.1515619 -0.4748861
1494876735.432464 -2.5372162 1.2747456 5.7275438 -0.0142577 -0.8683115 0.1427601 -0.4748172
1494876735.988847 -2.4939737 1.2464073 5.7111888 -0.0203128 -0.8674672 0.1414454 -0.4765305
1494876736.547429 -2.4393878 1.2348413 5.7045670 -0.0231969 -0.8653023 0.1389160 -0.4810575
1494876737.502003 -2.3485537 1.2205528 5.6688290 -0.0206770 -0.8615023 0.1385465 -0.4880483
1494876737.663163 -2.3342414 1.2082258 5.6736741 -0.0223831 -0.8616827 0.1369127 -0.4881156
1494876738.219997 -2.2691317 1.2041954 5.6574593 -0.0255388 -0.8596894 0.1407840 -0.4903691
1494876738.379125 -2.2489829 1.2072041 5.6536055 -0.0261918 -0.8603386 0.1419978 -0.4888437
1494876738.458681 -2.2423601 1.2005750 5.6476445 -0.0250785 -0.8599804 0.1405035 -0.4899628
1494876738.777017 -2.2099500 1.1888667 5.6369419 -0.0249057 -0.8605534 0.1364185 -0.4901199
1494876739.176868 -2.1637249 1.1718150 5.6311426 -0.0280005 -0.8601081 0.1353012 -0.4910434
1494876739.256430 -2.1597080 1.1681719 5.6336403 -0.0280447 -0.8595611 0.1357263 -0.4918806
1494876739.495127 -2.1312618 1.1595148 5.6205082 -0.0271866 -0.8617712 0.1354262 -0.4881302
1494876740.928870 -1.9912038 1.0934694 5.5650291 -0.0436027 -0.8829212 0.1358990 -0.4473037
1494876742.601378 -1.8159413 1.0723107 5.5259686 -0.0316209 -0.8903616 0.1269637 -0.4360465
1494876742.680951 -1.8099909 1.0748973 5.5239768 -0.0320513 -0.8902180 0.1266959 -0.4363861
1494876742.842172 -1.7932343 1.0698782 5.5168486 -0.0372740 -0.8910740 0.1231431 -0.4352396
1494876743.797100 -1.7179947 1.0511203 5.4698553 -0.0324978 -0.8976815 0.1108262 -0.4252404
1494876743.956180 -1.7036738 1.0477537 5.4674368 -0.0329886 -0.8990566 0.1075750 -0.4231271
1494876744.117312 -1.6902089 1.0387170 5.4597301 -0.0310315 -0.9001474 0.1012444 -0.4225177
1494876744.912684 -1.6212411 1.0097401 5.4395380 -0.0305770 -0.9006873 0.0906244 -0.4238096
1494876746.905755 -1.4727721 0.9467717 5.4150009 -0.0155552 -0.8984506 0.1136333 -0.4238303
1494876747.064835 -1.4604063 0.9432909 5.4117866 -0.0180088 -0.8984431 0.1138926 -0.4236793
1494876747.462538 -1.4302368 0.9425066 5.4022875 -0.0126006 -0.8967852 0.1178664 -0.4262922
1494876748.975779 -1.3372822 0.9356261 5.3695736 0.0128745 -0.8952951 0.1337669 -0.4247203
1494876749.296045 -1.3209987 0.9214580 5.3646717 0.0080615 -0.9000157 0.1248399 -0.4175188
1494876750.091543 -1.2723904 0.8796375 5.3262424 0.0201114 -0.9038067 0.1335744 -0.4060625
1494876750.250617 -1.2609119 0.8692828 5.3178515 0.0197897 -0.9050885 0.1394938 -0.4012040
1494876750.650284 -1.2419324 0.8417123 5.3160586 0.0104534 -0.9058283 0.1413166 -0.3992436
1494876751.286447 -1.1963687 0.8098940 5.3023596 -0.0008253 -0.9083031 0.1272349 -0.3984923
1494876752.720096 -1.0802550 0.7610224 5.2796998 -0.0009995 -0.9052134 0.1175935 -0.4083620
1494876752.960757 -1.0602522 0.7526024 5.2749138 -0.0027696 -0.9042267 0.1123308 -0.4120051
1494876753.358473 -1.0235195 0.7521434 5.2626133 -0.0017550 -0.9028760 0.1105888 -0.4154299
1494876753.676719 -0.9964557 0.7493861 5.2552195 -0.0001092 -0.9036092 0.1103864 -0.4138904
1494876754.553829 -0.9208851 0.7101794 5.2276411 -0.0004819 -0.9056578 0.1024464 -0.4114469
1494876754.713001 -0.9069462 0.7071476 5.2196617 0.0011834 -0.9044773 0.1034896 -0.4137745
1494876755.749043 -0.7960877 0.6871694 5.2036781 0.0113463 -0.9012281 0.1010253 -0.4212518
1494876757.103238 -0.6404724 0.6799053 5.1419921 0.0067299 -0.8995940 0.0794634 -0.4293845
1494876757.819239 -0.5716066 0.6747412 5.1129169 0.0139869 -0.9015855 0.0699352 -0.4266814
1494876758.059923 -0.5427728 0.6647691 5.1113639 0.0051474 -0.9017019 0.0682710 -0.4269033
1494876758.298538 -0.5176754 0.6595282 5.0986371 0.0010089 -0.9023275 0.0690822 -0.4254783
1494876758.457663 -0.5037651 0.6560103 5.0934744 0.0012085 -0.9023417 0.0698511 -0.4253221
1494876758.775841 -0.4665012 0.6492667 5.0860605 0.0078548 -0.9017511 0.0702378 -0.4264386
1494876758.934910 -0.4502354 0.6457124 5.0778193 0.0176262 -0.9028811 0.0803422 -0.4219480
1494876759.093970 -0.4396701 0.6417190 5.0687523 0.0161816 -0.9059030 0.0866448 -0.4142107
1494876760.368545 -0.2846265 0.6381316 5.0220146 0.0042006 -0.9057493 0.0676219 -0.4183633
1494876760.527600 -0.2626371 0.6426976 5.0187368 0.0019330 -0.9046736 0.0678924 -0.4206575
1494876760.847803 -0.2150578 0.6537684 5.0110192 0.0108487 -0.9015875 0.0737506 -0.4261257
1494876761.006862 -0.1954484 0.6560842 5.0115347 0.0106314 -0.9017978 0.0744365 -0.4255666
1494876761.404620 -0.1453476 0.6593751 4.9913387 0.0069768 -0.9050447 0.0653196 -0.4202129
1494876763.159199 0.0611787 0.6500796 4.9230642 -0.0006392 -0.9073761 0.0653239 -0.4152120
1494876763.397854 0.0946417 0.6531292 4.9174471 -0.0034284 -0.9085649 0.0644093 -0.4127342
1494876763.636501 0.1200967 0.6490002 4.9008389 -0.0037906 -0.9091812 0.0660677 -0.4111086
1494876764.513690 0.2273674 0.6475461 4.8527665 0.0082032 -0.9116502 0.0749928 -0.4039836
1494876765.627369 0.3594313 0.6135221 4.8177948 -0.0052993 -0.9151838 0.0612921 -0.3983136
1494876766.186265 0.4302816 0.5931568 4.8044386 0.0058247 -0.9171306 0.0775690 -0.3909226
1494876766.345378 0.4438238 0.5899853 4.7989802 0.0058073 -0.9191173 0.0746121 -0.3868110
1494876766.743114 0.4832520 0.5724815 4.7797375 0.0043276 -0.9224843 0.0690646 -0.3797816
1494876766.822641 0.4919386 0.5682098 4.7773628 0.0034271 -0.9231193 0.0692096 -0.3782184
1494876766.902200 0.4999647 0.5651724 4.7743931 0.0024029 -0.9236543 0.0694068 -0.3768816
1494876767.142909 0.5198445 0.5547271 4.7603083 -0.0003259 -0.9251036 0.0675327 -0.3736610
1494876768.258886 0.6170764 0.5239108 4.7099714 -0.0042957 -0.9342157 0.0694935 -0.3498477
1494876768.656868 0.6553741 0.5133960 4.6969638 -0.0135345 -0.9364094 0.0664199 -0.3443002
1494876769.054757 0.6989484 0.5140374 4.6859479 -0.0115870 -0.9328111 0.0646250 -0.3543343
1494876769.452669 0.7669644 0.5153604 4.6907544 -0.0170194 -0.9308714 0.0588293 -0.3601775
1494876769.534303 0.7788253 0.5200454 4.6857057 -0.0168296 -0.9304723 0.0569907 -0.3615110
1494876769.693443 0.8002853 0.5168935 4.6709313 -0.0194622 -0.9289529 0.0586702 -0.3650010
1494876769.932209 0.8232656 0.5194877 4.6594238 -0.0296535 -0.9310857 0.0693289 -0.3569224
1494876770.968714 0.9280610 0.5081360 4.6282859 -0.0518519 -0.9389839 0.0838181 -0.3295380
1494876771.127862 0.9524794 0.5079861 4.6201358 -0.0474988 -0.9384748 0.0844165 -0.3314858
1494876771.923685 1.0306430 0.5002939 4.5659876 -0.0334192 -0.9452677 0.1087530 -0.3058186
1494876772.244021 1.0554709 0.4951209 4.5505095 -0.0270827 -0.9480966 0.1269645 -0.2902747
1494876772.482697 1.0819488 0.4989839 4.5429845 -0.0280608 -0.9493075 0.1475567 -0.2761430
1494876773.119264 1.1530514 0.5277499 4.5051012 -0.0045774 -0.9589485 0.1477518 -0.2420046
1494876774.075978 1.2726359 0.5366424 4.4474177 -0.0169965 -0.9658884 0.1421745 -0.2157711
1494876775.032892 1.3692434 0.5140212 4.3613873 -0.0149070 -0.9741410 0.1482759 -0.1698273
1494876775.989784 1.4801495 0.5219202 4.2858586 -0.0057577 -0.9820622 0.1283640 -0.1379981
1494876776.626368 1.5620198 0.5090590 4.2568765 -0.0245455 -0.9845569 0.1204674 -0.1246312
1494876776.865023 1.5991838 0.5008581 4.2523108 -0.0316397 -0.9834436 0.1206008 -0.1315034
1494876777.185307 1.6462498 0.4920779 4.2311659 -0.0303664 -0.9850874 0.1125279 -0.1265631
1494876777.503645 1.6953890 0.4806812 4.2128839 -0.0032095 -0.9854962 0.1167951 -0.1230685
1494876777.662779 1.7274573 0.4700854 4.2050619 0.0079134 -0.9856682 0.1161456 -0.1220893
1494876778.219743 1.8435106 0.4453761 4.1780968 0.0149579 -0.9866390 0.1157306 -0.1136941
1494876778.378857 1.8688784 0.4403703 4.1686406 0.0156651 -0.9868225 0.1155578 -0.1121711
1494876778.460479 1.8798645 0.4411944 4.1635084 0.0151521 -0.9866529 0.1193760 -0.1097085
1494876778.937876 1.9271302 0.4072111 4.1117601 0.0082118 -0.9911612 0.1121446 -0.0703959
1494876779.335772 1.9877229 0.3737628 4.0881882 0.0011568 -0.9914302 0.1179802 -0.0560861
1494876779.494915 2.0172725 0.3651706 4.0786295 -0.0027979 -0.9911650 0.1193144 -0.0578634
1494876779.735698 2.0564017 0.3600751 4.0589733 -0.0108725 -0.9920673 0.1157608 -0.0477877
1494876780.054017 2.0919209 0.3473132 4.0271606 -0.0136369 -0.9937648 0.1071798 -0.0275312
1494876780.770305 2.1487777 0.2857213 3.9786425 -0.0299803 -0.9929251 0.1144833 0.0097238
1494876780.929469 2.1707656 0.2793672 3.9701376 -0.0373114 -0.9925402 0.1158940 0.0063611
1494876781.011076 2.1845291 0.2739945 3.9681911 -0.0414501 -0.9926222 0.1138453 0.0047352
1494876781.170323 2.2123690 0.2667778 3.9570975 -0.0491978 -0.9928876 0.1084087 0.0011933
1494876781.329500 2.2428434 0.2567584 3.9452851 -0.0498662 -0.9934191 0.1029760 -0.0052688
1494876781.409077 2.2553043 0.2563413 3.9390268 -0.0473333 -0.9936305 0.1017478 -0.0102664
1494876781.488666 2.2728915 0.2506174 3.9340525 -0.0456302 -0.9940122 0.0983562 -0.0135553
1494876781.647841 2.3001897 0.2457161 3.9190269 -0.0412785 -0.9945608 0.0936246 -0.0194763
1494876781.807002 2.3154495 0.2346904 3.9026728 -0.0352933 -0.9949031 0.0906247 -0.0266338
1494876782.045739 2.3409104 0.2182760 3.8821809 -0.0293654 -0.9953554 0.0869542 -0.0290580
1494876782.204907 2.3572865 0.2004583 3.8719692 -0.0361015 -0.9952899 0.0857338 -0.0272850
1494876782.366156 2.3652096 0.1886722 3.8595662 -0.0419422 -0.9947153 0.0883974 -0.0311157
1494876782.525357 2.3846655 0.1721346 3.8487785 -0.0417342 -0.9944459 0.0913116 -0.0315898
1494876782.764163 2.4153292 0.1469212 3.8338141 -0.0407501 -0.9939190 0.0982703 -0.0284185
1494876782.923351 2.4339013 0.1314915 3.8219910 -0.0389825 -0.9937199 0.1007434 -0.0291892
1494876783.241681 2.4619513 0.1095133 3.7909331 -0.0363861 -0.9941002 0.0991362 -0.0247552
1494876783.641577 2.4879763 0.0782861 3.7593255 -0.0292925 -0.9945644 0.0977745 -0.0205878
1494876785.155426 2.5884418 0.0125487 3.6462941 -0.0502091 -0.9937230 0.0976916 0.0212168
1494876785.632828 2.6217902 -0.0030548 3.6097627 -0.0634016 -0.9924269 0.0961469 0.0427193
1494876786.112396 2.6539788 -0.0085450 3.5601110 -0.0676791 -0.9900579 0.0991072 0.0733661
1494876786.191978 2.6550021 -0.0074232 3.5546079 -0.0667313 -0.9894556 0.1006550 0.0799569
1494876786.430632 2.6722474 -0.0108670 3.5302820 -0.0633824 -0.9882736 0.1035642 0.0925881
1494876786.828482 2.6848106 -0.0114385 3.4931965 -0.0664920 -0.9860356 0.0972026 0.1177461
1494876787.146748 2.6883795 -0.0262817 3.4688373 -0.0769732 -0.9825276 0.0935621 0.1412825
1494876787.626250 2.6913795 -0.0605736 3.4327312 -0.0811839 -0.9781477 0.0971812 0.1649003
1494876787.865058 2.6941724 -0.0757138 3.4142618 -0.0675583 -0.9758617 0.1012417 0.1813284
1494876788.263021 2.6871755 -0.0997878 3.3931179 -0.0815712 -0.9697378 0.1029095 0.2058264
1494876789.060896 2.6955681 -0.1387755 3.3346839 -0.1123806 -0.9592870 0.1165527 0.2314184
1494876790.097446 2.7264397 -0.1786289 3.2420468 -0.0842496 -0.9564282 0.1057843 0.2587599
1494876791.292761 2.7731500 -0.2237229 3.1168685 -0.0814527 -0.9553513 0.0796677 0.2726215
1494876792.406315 2.8100300 -0.2820383 3.0066109 -0.0944952 -0.9499175 0.0829135 0.2860993
1494876794.160748 2.8543086 -0.3488636 2.8335972 -0.1112595 -0.9376891 0.0800821 0.3192918
1494876795.753936 2.8653946 -0.4138942 2.6612296 -0.0890003 -0.9260653 0.0737839 0.3592186
1494876797.666329 2.8809605 -0.4924493 2.4738357 -0.0984071 -0.9143668 0.0743868 0.3856370
1494876799.815023 2.9077597 -0.5104535 2.2352211 -0.1115885 -0.9050372 0.0721702 0.4040385
1494876802.204682 2.8909221 -0.5486527 1.9445868 -0.0836079 -0.8919188 0.0530559 0.4412206
1494876806.182693 2.8235517 -0.6585983 1.5831368 -0.0807562 -0.8547739 0.0047697 0.5126569
1494876809.527308 2.6846781 -0.7326348 1.1941831 -0.1204557 -0.8183767 -0.0362855 0.5607436
1494876812.554247 2.4637547 -0.6804287 0.7949710 -0.0895641 -0.7540959 -0.0609561 0.6477670
1494876814.944704 2.2766881 -0.6473075 0.5208849 -0.1115433 -0.7029874 -0.0458740 0.7009011
1494876817.176167 2.0845022 -0.5796937 0.3052711 -0.1144279 -0.6581669 -0.0657501 0.7412149
1494876819.487077 1.8816056 -0.5184512 0.1288863 -0.0530655 -0.5793729 -0.0651336 0.8107210
1494876821.879129 1.6928831 -0.4354104 -0.0246356 -0.0714409 -0.5284545 -0.0805444 0.8421073
1494876822.436307 1.6519984 -0.4125186 -0.0670995 -0.0805100 -0.5331736 -0.0710674 0.8391625
1494876822.675079 1.6326447 -0.3963945 -0.0933706 -0.0798732 -0.5403292 -0.0749695 0.8342927
1494876822.834291 1.6201718 -0.3837781 -0.1103771 -0.0830799 -0.5424480 -0.0799860 0.8321359
1494876822.993501 1.6062107 -0.3714183 -0.1248605 -0.0858250 -0.5443145 -0.0868408 0.8299485
1494876823.313843 1.5838693 -0.3571416 -0.1532819 -0.0820064 -0.5509701 -0.0953556 0.8249935
1494876823.473018 1.5746245 -0.3510043 -0.1680276 -0.0835523 -0.5512394 -0.0931130 0.8249146
1494876823.632187 1.5622046 -0.3491539 -0.1817570 -0.0926192 -0.5489211 -0.0913574 0.8256882
1494876823.791396 1.5481160 -0.3459194 -0.1933836 -0.1010438 -0.5474946 -0.0871865 0.8260983
1494876824.030199 1.5242403 -0.3462756 -0.2077188 -0.1063845 -0.5466785 -0.0774683 0.8269364
1494876825.464907 1.3639703 -0.3553022 -0.2792270 -0.0906066 -0.5276919 -0.0956454 0.8391565
1494876826.422056 1.2603285 -0.3627186 -0.3096452 -0.1031575 -0.5201631 -0.0868306 0.8433561
1494876827.299128 1.1762838 -0.3656489 -0.3166801 0.1046616 0.4953429 0.0863999 -0.8580306
1494876830.166067 0.9066842 -0.3061673 -0.3117141 0.0936105 0.4054497 0.1065734 -0.9030448
1494876831.520829 0.7439449 -0.3235037 -0.2929151 0.1246612 0.3322293 0.0996317 -0.9296003
1494876832.238838 0.6847385 -0.3194728 -0.2625655 0.0993699 0.2941757 0.1134807 -0.9437736
1494876833.034420 0.6040817 -0.2747270 -0.2488186 0.1068018 0.2626212 0.1086238 -0.9527982
1494876833.593364 0.5472303 -0.2492325 -0.2159171 0.1050634 0.2342892 0.1182259 -0.9592147
1494876834.389074 0.4625828 -0.2305124 -0.2047266 -0.1194914 -0.2022229 -0.1054392 0.9662868
1494876837.975547 0.2547148 -0.2284572 0.0391590 -0.0634887 -0.0199282 -0.0976298 0.9929957
1494876839.409683 0.2367656 -0.2529409 0.1065622 -0.0709468 0.0076731 -0.0772437 0.9944552
1494876839.489271 0.2392598 -0.2527664 0.1138739 -0.0684165 0.0117309 -0.0759346 0.9946937
1494876839.650448 0.2347887 -0.2523963 0.1275695 -0.0704590 0.0166858 -0.0749470 0.9945552
1494876840.207446 0.2424196 -0.2414650 0.1653356 -0.0638034 0.0035412 -0.1008132 0.9928511
1494876840.843985 0.2273593 -0.2492762 0.1402217 -0.0945021 -0.0337044 -0.0595345 0.9931712
1494876842.598745 0.2406840 -0.2128762 0.0760934 -0.0197212 -0.0098557 -0.1246191 0.9919597
1494876845.305829 0.1950202 -0.1116301 -0.0697837 -0.0809253 -0.0178680 -0.1225499 0.9889962
1494876846.659956 0.1659686 -0.0872535 -0.1811723 -0.0761281 -0.0374012 -0.0914653 0.9921894
1494876846.819069 0.1618385 -0.0853945 -0.1896497 -0.0755574 -0.0403573 -0.0900823 0.9922437
1494876846.898638 0.1609001 -0.0848413 -0.1937551 -0.0757930 -0.0419812 -0.0890575 0.9922509
1494876846.978173 0.1629654 -0.0839445 -0.1970590 -0.0752662 -0.0427220 -0.0874394 0.9924033
1494876848.573236 0.1848162 0.0050065 -0.2517894 -0.0449914 -0.0443877 -0.1087655 0.9920563
1494876848.732365 0.1846595 0.0164931 -0.2504202 -0.0472300 -0.0445576 -0.1081495 0.9920119
1494876848.811990 0.1809402 0.0218834 -0.2508962 -0.0503372 -0.0460030 -0.1088594 0.9917155
1494876849.130338 0.1711428 0.0195281 -0.2544135 -0.0590459 -0.0561349 -0.0987392 0.9917727
1494876849.289505 0.1610068 0.0140392 -0.2575880 -0.0605781 -0.0624764 -0.0934386 0.9918146
1494876849.528245 0.1414848 0.0059482 -0.2660978 -0.0547953 -0.0798326 -0.0890591 0.9913086
1494876849.767001 0.1175881 -0.0022618 -0.2755048 -0.0545485 -0.1036573 -0.0850762 0.9894654
1494876850.087375 0.0829759 -0.0084001 -0.2880295 -0.0529364 -0.1299671 -0.0763073 0.9871593
1494876850.644518 0.0525369 -0.0247707 -0.2801224 -0.0588666 -0.1423352 -0.0801317 0.9848118
1494876852.317872 0.0253499 -0.1709660 -0.1949104 -0.0643937 -0.1139026 -0.1301405 0.9828240
1494876853.035841 -0.0282477 -0.2109965 -0.1903819 -0.0771904 -0.1756699 -0.1174771 0.9743618
1494876855.585588 -0.1854793 -0.1960972 -0.1895413 -0.1227085 -0.3073706 -0.0820290 0.9400730
1494876856.622007 -0.2542335 -0.1747968 -0.1997252 -0.1253219 -0.3542136 -0.0700685 0.9240766
1494876857.738317 -0.3417009 -0.1745568 -0.1839680 -0.1173630 -0.3763132 -0.0525379 0.9175261
1494876857.977031 -0.3711524 -0.1839248 -0.1861125 -0.1233556 -0.3900141 -0.0403964 0.9116143
1494876858.056608 -0.3777047 -0.1854878 -0.1875731 -0.1247674 -0.3966604 -0.0376540 0.9086671
1494876858.215758 -0.3987464 -0.1859128 -0.1902599 -0.1256480 -0.4042352 -0.0392327 0.9051338
1494876858.374930 -0.4185812 -0.1876204 -0.1861472 -0.1277276 -0.4118019 -0.0417697 0.9013103
1494876858.774728 -0.4646910 -0.1792955 -0.1769081 -0.1294539 -0.4276657 -0.0501303 0.8932137
1494876858.933809 -0.4790412 -0.1796479 -0.1700071 -0.1314269 -0.4316403 -0.0524729 0.8908761
1494876859.013379 -0.4866417 -0.1814747 -0.1642928 -0.1318486 -0.4310859 -0.0532817 0.8910342
1494876860.686129 -0.6357217 -0.1474427 -0.0944584 -0.1283484 -0.4517661 -0.0456623 0.8816740
1494876861.004420 -0.6655446 -0.1320002 -0.0794437 -0.1267826 -0.4533415 -0.0470344 0.8810196
1494876861.642841 -0.7259958 -0.0776165 -0.0674674 -0.1286700 -0.4649422 -0.0609024 0.8738213
1494876862.438442 -0.7972885 -0.0455141 -0.0567356 -0.1425937 -0.4862231 -0.0449201 0.8609508
1494876862.997356 -0.8502833 -0.0406543 -0.0571015 -0.1592038 -0.5062275 -0.0421418 0.8465294
1494876866.583776 -1.2117116 -0.1072389 0.0974317 -0.1763822 -0.5144308 -0.0289718 0.8386959
1494876867.537995 -1.3139795 -0.1231497 0.1469843 -0.1838328 -0.5051541 -0.0392601 0.8423083
1494876868.176177 -1.3785697 -0.1470759 0.1867021 -0.1834958 -0.5050850 -0.0447905 0.8421475
1494876869.451014 -1.5284984 -0.1956020 0.2428743 -0.1973803 -0.5078292 -0.0347833 0.8378190
1494876869.610113 -1.5454177 -0.1941181 0.2475359 -0.1958587 -0.5092881 -0.0385837 0.8371239
1494876870.646220 -1.6687294 -0.2134387 0.2669283 -0.1975207 -0.5211230 -0.0448345 0.8290997
1494876870.884838 -1.6896712 -0.2192161 0.2757077 -0.1940861 -0.5226671 -0.0497054 0.8286610
1494876872.239067 -1.8330853 -0.2151987 0.3286026 -0.1971717 -0.5303757 -0.0460960 0.8232255
1494876874.947519 -2.1118360 -0.1213938 0.3951219 -0.1844701 -0.5107872 -0.0523728 0.8380479
1494876875.347224 -2.1584852 -0.1133772 0.4122453 -0.1902007 -0.5032425 -0.0564256 0.8410629
1494876875.824421 -2.2158730 -0.0993818 0.4230059 -0.1978056 -0.5005583 -0.0582308 0.8407875
1494876876.142615 -2.2541835 -0.0979428 0.4378786 -0.1977025 -0.5031555 -0.0581423 0.8392662
1494876877.019470 -2.3580561 -0.0743902 0.4596628 -0.1811371 -0.5026526 -0.0666557 0.8426664
1494876877.337557 -2.3930290 -0.0623936 0.4718906 -0.1809007 -0.5022251 -0.0706879 0.8426436
1494876877.735184 -2.4429641 -0.0496880 0.4751133 -0.1758744 -0.5049552 -0.0673616 0.8423485
1494876878.055370 -2.4775395 -0.0293714 0.4761056 -0.1790655 -0.5033204 -0.0622448 0.8430479
1494876878.532668 -2.5219805 -0.0115501 0.4889790 -0.1799121 -0.5054151 -0.0599509 0.8417797
1494876879.808092 -2.6540909 0.0275509 0.5212581 -0.1779198 -0.4994078 -0.0711241 0.8449129
1494876881.322904 -2.8112519 0.0792497 0.5665039 -0.1723138 -0.4927616 -0.0711938 0.8499562
1494876882.519191 -2.9285848 0.1431454 0.5834134 -0.1626862 -0.4962274 -0.0712687 0.8498308
1494876882.598805 -2.9402373 0.1476281 0.5809437 -0.1603258 -0.4975345 -0.0709643 0.8495406
1494876882.757967 -2.9556918 0.1582668 0.5858896 -0.1600563 -0.5000636 -0.0689930 0.8482679
1494876882.917165 -2.9736011 0.1718563 0.5825809 -0.1641547 -0.4994657 -0.0654286 0.8481194
1494876883.078370 -2.9880464 0.1835573 0.5828656 -0.1675476 -0.5008413 -0.0645603 0.8467100
1494876883.396740 -3.0215871 0.2088965 0.5829369 -0.1715514 -0.5045755 -0.0684010 0.8433831
1494876884.274264 -3.1235108 0.2850316 0.5832529 -0.1662487 -0.5098510 -0.0763325 0.8405871
1494876884.831408 -3.1876009 0.3206849 0.5948064 -0.1708785 -0.5056816 -0.0760418 0.8422021
1494876885.788533 -3.3006017 0.3965887 0.5995533 -0.1743920 -0.5173152 -0.0736258 0.8345967
1494876886.186538 -3.3487167 0.4231633 0.6028168 -0.1729780 -0.5201598 -0.0752017 0.8329808
1494876886.743203 -3.4127171 0.4511302 0.6228132 -0.1738671 -0.5177976 -0.0690910 0.8347949
1494876889.053660 -3.6448722 0.6280558 0.6843467 -0.1087743 -0.4836397 -0.0763297 0.8651212
1494876890.487675 -3.7663567 0.7171536 0.7278765 -0.0723847 -0.4538449 -0.0989805 0.8826030
1494876890.567235 -3.7761879 0.7213677 0.7263514 -0.0815041 -0.4522976 -0.0922705 0.8833290
1494876891.126105 -3.8515925 0.7515719 0.7486492 -0.1034016 -0.4324935 -0.0753770 0.8925110
1494876891.285164 -3.8654361 0.7579504 0.7554572 -0.1003670 -0.4306484 -0.0648148 0.8945767
1494876891.682918 -3.9110608 0.7712112 0.7631662 -0.0896800 -0.4243701 -0.0622661 0.8988829
1494876892.003193 -3.9511292 0.7780629 0.7670794 -0.0934100 -0.4263906 -0.0692594 0.8970333
1494876892.241877 -3.9735003 0.7762499 0.7647333 -0.0868952 -0.4375064 -0.0639634 0.8927183
1494876892.480584 -4.0155783 0.7775712 0.7574425 -0.0889011 -0.4422982 -0.0669580 0.8899357
1494876892.878394 -4.0724416 0.7941183 0.7648304 -0.1084033 -0.4389679 -0.0676250 0.8893722
1494876894.791840 -4.3276963 0.9221249 0.8121140 -0.1231481 -0.4984264 -0.0926325 0.8531266
1494876895.030518 -4.3665667 0.9146291 0.8075888 -0.1221833 -0.4995402 -0.0966135 0.8521718
1494876896.146002 -4.5172496 0.9673469 0.8545516 -0.1190839 -0.4852317 -0.1241309 0.8572986
1494876899.332876 -4.9828448 1.0236074 1.0040959 -0.1213436 -0.3339179 -0.1798679 0.9172906
1494876899.412430 -4.9978743 1.0224295 1.0096452 -0.1235568 -0.3291037 -0.1796398 0.9187786
1494876900.130341 -5.1189842 1.0547321 1.0403620 -0.1395049 -0.3107149 -0.1734826 0.9240662
1494876900.368993 -5.1593909 1.0531869 1.0490514 -0.1441806 -0.2982372 -0.1721968 0.9276932
1494876901.087003 -5.2635174 1.0622218 1.1064681 -0.1293240 -0.2602631 -0.1883701 0.9381125
1494876901.405135 -5.3055463 1.0427456 1.1303267 -0.1195731 -0.2368804 -0.1926370 0.9447121
1494876902.202483 -5.4148254 1.0356957 1.1882720 -0.1156609 -0.1882063 -0.1803273 0.9584795
1494876903.795515 -5.5704565 1.0178568 1.2863271 -0.1192715 -0.1163723 -0.1607058 0.9728337
1494876905.309420 -5.6753159 1.0643920 1.3705466 -0.1107930 -0.0391776 -0.1554130 0.9808348
1494876908.175971 -5.8038678 1.1528081 1.5311863 -0.0960747 0.0254539 -0.0866706 0.9912668
1494876908.654856 -5.8020873 1.1630112 1.5535263 -0.0406156 0.0428034 -0.0971533 0.9935188
1494876910.643859 -5.8127961 1.3367213 1.6210921 -0.0007497 0.0995673 -0.1553567 0.9828277
1494876911.361086 -5.7989054 1.3570065 1.6643815 0.0137210 0.1173366 -0.1662166 0.9789872
1494876911.520006 -5.7991900 1.3597680 1.6734492 0.0135602 0.1204051 -0.1607535 0.9795290
1494876911.599469 -5.8004127 1.3614378 1.6789836 0.0151306 0.1221820 -0.1584315 0.9796643
1494876911.758445 -5.8023691 1.3633339 1.6863279 0.0198404 0.1186632 -0.1563285 0.9803504
1494876912.155736 -5.8104148 1.3771467 1.7049137 0.0245783 0.1084965 -0.1605903 0.9807320
1494876912.555044 -5.8115463 1.3932589 1.7291920 0.0185900 0.1094235 -0.1627461 0.9804053
1494876913.749499 -5.8001375 1.3895800 1.8447151 -0.0001784 0.1229803 -0.1585041 0.9796695
1494876916.138269 -5.7827263 1.3513813 1.9991733 -0.0034808 0.1378594 -0.1410801 0.9803464
1494876916.376701 -5.7740870 1.3447354 2.0062141 -0.0035361 0.1365446 -0.1390152 0.9808251
1494876916.774300 -5.7659030 1.3426205 2.0197692 0.0026167 0.1307179 -0.1495951 0.9800650
1494876922.349954 -5.6632462 1.2821226 2.4097810 -0.0065749 0.1327842 -0.1492135 0.9798267
1494876924.736771 -5.6083517 1.2743614 2.5861559 -0.0194302 0.1326626 -0.1436993 0.9804966
1494876926.648285 -5.5579834 1.2496424 2.7250607 -0.0319845 0.1329338 -0.1389189 0.9808196
1494876928.320019 -5.5377998 1.2321649 2.8361371 -0.0460393 0.1237551 -0.1373023 0.9816890
1494876929.753040 -5.5202041 1.2192335 2.9478726 -0.0380804 0.1093402 -0.1412785 0.9831760
1494876932.540061 -5.4596615 1.2294775 3.1403675 -0.0487576 0.1092837 -0.1396238 0.9829471
1494876933.655110 -5.4482956 1.2016504 3.2160633 -0.0487215 0.1121053 -0.1434031 0.9820867
1494876935.806163 -5.4033532 1.2191019 3.3634908 -0.0655763 0.1170403 -0.1377564 0.9813381
1494876936.203773 -5.4035521 1.2313005 3.3997407 -0.0711808 0.1172977 -0.1376288 0.9809347
1494876936.762079 -5.3859572 1.2485380 3.4390955 -0.0871810 0.1074386 -0.1455523 0.9796280
1494876936.920969 -5.3796420 1.2413564 3.4604883 -0.0983035 0.1072249 -0.1409910 0.9792655
1494876937.000417 -5.3742037 1.2430862 3.4694960 -0.0984970 0.1068057 -0.1388073 0.9796038
1494876937.079888 -5.3729067 1.2422059 3.4761946 -0.0966607 0.1075779 -0.1372788 0.9799175
1494876937.397702 -5.3547225 1.2379370 3.5004439 -0.0940626 0.1073923 -0.1374899 0.9801611
1494876937.477153 -5.3548436 1.2431890 3.5130849 -0.0937545 0.1099750 -0.1360779 0.9801012
1494876937.556621 -5.3503990 1.2432078 3.5224144 -0.0918196 0.1096756 -0.1346911 0.9805095
1494876937.715540 -5.3615685 1.2334083 3.5423524 -0.0876058 0.1098831 -0.1364083 0.9806343
1494876938.670999 -5.3509989 1.2123300 3.6393895 -0.0909729 0.1130840 -0.1353229 0.9801141
1494876938.750450 -5.3489885 1.2094228 3.6493471 -0.0922032 0.1148910 -0.1340283 0.9799669
1494876938.829902 -5.3484125 1.2109818 3.6577146 -0.0928044 0.1159762 -0.1336188 0.9798382
1494876938.909354 -5.3464026 1.2113612 3.6648550 -0.0929024 0.1161067 -0.1335003 0.9798296
1494876939.070290 -5.3480053 1.2059644 3.6847727 -0.0940218 0.1157939 -0.1345766 0.9796126
1494876939.388103 -5.3398066 1.2025594 3.7123861 -0.0951836 0.1164850 -0.1322853 0.9797305
1494876939.705876 -5.3391099 1.2011112 3.7470505 -0.0952087 0.1178916 -0.1296962 0.9799060
1494876940.262215 -5.2959666 1.2523866 3.7939978 -0.0946028 0.1161881 -0.1356289 0.9793648
1494876940.502700 -5.3068290 1.2575275 3.8197994 -0.0950117 0.1177934 -0.1364860 0.9790143
1494876940.820663 -5.2977619 1.2637739 3.8531711 -0.0959283 0.1178799 -0.1369631 0.9788479
1494876941.059178 -5.2884221 1.2629803 3.8707371 -0.0967609 0.1180113 -0.1361412 0.9788648
1494876941.297684 -5.2852325 1.2680975 3.9051712 -0.0977228 0.1182976 -0.1395025 0.9782612
1494876941.456705 -5.3038445 1.2722952 3.9062061 -0.0973369 0.1206883 -0.1368561 0.9783815
1494876941.617753 -5.2989445 1.2863238 3.9235599 -0.0951611 0.1206989 -0.1366996 0.9786161
1494876941.697240 -5.2998109 1.2870826 3.9270689 -0.0966568 0.1212924 -0.1390979 0.9780580
1494876941.935724 -5.2989445 1.2927572 3.9444776 -0.0988668 0.1199296 -0.1461238 0.9769801
1494876942.015191 -5.2989569 1.2936616 3.9450865 -0.0989818 0.1192600 -0.1474392 0.9768528
1494876942.094675 -5.3017135 1.2942852 3.9472866 -0.0990762 0.1199865 -0.1477938 0.9767007
1494876942.174192 -5.2991943 1.2942355 3.9520204 -0.0999165 0.1192224 -0.1492877 0.9764814
1494876942.253657 -5.2985077 1.2929730 3.9580197 -0.1008889 0.1191346 -0.1503445 0.9762300
1494876942.333155 -5.2955446 1.2937641 3.9736636 -0.1007883 0.1193378 -0.1495026 0.9763448
1494876942.492136 -5.2943530 1.2941970 3.9804685 -0.1018119 0.1189702 -0.1506565 0.9761061
1494876942.571622 -5.2907400 1.2970164 3.9883716 -0.1021697 0.1191787 -0.1517080 0.9758804
1494876942.730585 -5.2867327 1.2981938 3.9944403 -0.1016729 0.1190029 -0.1511913 0.9760339
1494876942.810071 -5.2833886 1.2978522 3.9970815 -0.1022991 0.1190666 -0.1507954 0.9760219
1494876943.050564 -5.2694836 1.2986075 4.0139413 -0.1040009 0.1172000 -0.1537535 0.9756064
1494876943.368550 -5.2633147 1.3197381 4.0265865 -0.1042341 0.1157875 -0.1620783 0.9744020
1494876943.448064 -5.2635493 1.3214639 4.0269623 -0.1045171 0.1154703 -0.1630957 0.9742395
1494876943.686606 -5.2633085 1.3217285 4.0266619 -0.1036200 0.1158799 -0.1621527 0.9744441
1494876943.766121 -5.2632675 1.3211536 4.0268798 -0.1036599 0.1158716 -0.1616630 0.9745222
1494876943.925142 -5.2618303 1.3213737 4.0275097 -0.1037230 0.1154183 -0.1616993 0.9745632
1494876944.084159 -5.2609210 1.3208187 4.0281963 -0.1038055 0.1155967 -0.1612034 0.9746155
1494876944.960944 -5.2634149 1.3198164 4.0269060 -0.1040807 0.1158725 -0.1613709 0.9745257
1494876945.279006 -5.2634916 1.3197079 4.0263352 -0.1041676 0.1155782 -0.1613585 0.9745533
1494876945.837638 -5.2635241 1.3191015 4.0267596 -0.1036784 0.1159515 -0.1601845 0.9747549
1494876946.076210 -5.2627692 1.3201060 4.0266795 -0.1037871 0.1157841 -0.1610310 0.9746237
1494876946.794019 -5.2627206 1.3202962 4.0273380 -0.1040684 0.1156725 -0.1616256 0.9745085
1494876947.748276 -5.2618713 1.3194745 4.0280571 -0.1037795 0.1159461 -0.1601017 0.9747583
1494876949.423233 -5.2635274 1.3197448 4.0271320 -0.1039304 0.1159557 -0.1609408 0.9746029
1494876949.661890 -5.2639637 1.3197211 4.0257339 -0.1041772 0.1156320 -0.1612067 0.9745710
1494876949.820981 -5.2630262 1.3201275 4.0272126 -0.1038163 0.1159300 -0.1607504 0.9746495
1494876950.139097 -5.2631431 1.3201351 4.0262284 -0.1042065 0.1153874 -0.1617006 0.9745151
1494876950.457243 -5.2637525 1.3195326 4.0265326 -0.1040650 0.1157739 -0.1611063 0.9745828
1494876951.334105 -5.2633700 1.3198808 4.0272479 -0.1033106 0.1159182 -0.1600624 0.9748179
1494876951.493153 -5.2642188 1.3201201 4.0259256 -0.1049818 0.1159073 -0.1629519 0.9741617
1494876951.892826 -5.2625008 1.3204331 4.0279579 -0.1038551 0.1158515 -0.1609381 0.9746237
1494876952.290481 -5.2627058 1.3212339 4.0285373 -0.1060014 0.1162751 -0.1644778 0.9737509
1494876952.449541 -5.2555208 1.3179171 4.0343027 -0.1084240 0.1164873 -0.1681902 0.9728243
1494876952.608582 -5.2716498 1.3250157 4.0312457 -0.1119035 0.1193961 -0.1737294 0.9711027
1494876955.874729 -4.3387423 1.2276641 5.8255506 -0.2720240 0.1988835 -0.0511010 0.9401261
1494876956.033761 -4.3431005 1.2694044 5.8105402 -0.2654140 0.2002272 -0.0570140 0.9413893
1494876956.670157 -4.2899590 1.3024485 5.8665323 -0.2787572 0.2048160 -0.0494960 0.9369605
1494876956.829228 -4.2931075 1.3125496 5.8914385 -0.2836718 0.2074517 -0.0534590 0.9346852
1494876956.910835 -4.2848172 1.3235273 5.8901010 -0.2828184 0.2067639 -0.0535160 0.9350927
1494876957.149536 -4.2634597 1.3358418 5.9062257 -0.2843401 0.2114042 -0.0520562 0.9336751
1494876957.229105 -4.2562227 1.3336215 5.9233241 -0.2887364 0.2128900 -0.0520841 0.9319852
1494876957.308698 -4.2578831 1.3533895 5.9145398 -0.2857818 0.2148808 -0.0557520 0.9322268
1494876957.467822 -4.2524548 1.3643792 5.9298992 -0.2891201 0.2246835 -0.0560568 0.9288620
1494876957.626959 -4.2363119 1.3663696 5.9409347 -0.2884465 0.2315155 -0.0531404 0.9275642
1494876957.945203 -4.2070537 1.3664126 5.9757280 -0.2833346 0.2471864 -0.0466787 0.9254413
1494876958.185918 -4.2007322 1.3886837 5.9814348 -0.2751170 0.2623025 -0.0428809 0.9239423
1494876958.424543 -4.1714516 1.3890157 6.0007429 -0.2776263 0.2698112 -0.0336465 0.9214084
1494876958.981491 -4.1357241 1.4145553 6.0242081 -0.2502236 0.2763318 -0.0507008 0.9265303
1494876959.299704 -4.1175313 1.4350307 6.0399342 -0.2364411 0.2929293 -0.0526582 0.9249407
1494876959.460836 -4.1084566 1.4377104 6.0403676 -0.2313607 0.2983372 -0.0535245 0.9244470
1494876959.619945 -4.0971775 1.4517555 6.0480461 -0.2364233 0.3063937 -0.0452313 0.9209675
1494876959.699513 -4.0922861 1.4631199 6.0469341 -0.2376251 0.3109450 -0.0419824 0.9192851
1494876960.097090 -4.0626392 1.4988731 6.0701437 -0.2515480 0.3263733 -0.0244468 0.9108273
1494876960.256073 -4.0539341 1.5050123 6.0835199 -0.2514313 0.3290779 -0.0224643 0.9099370
1494876960.335563 -4.0452862 1.5052600 6.0887127 -0.2496771 0.3292309 -0.0216792 0.9103836
1494876960.573992 -4.0246434 1.5180743 6.1017203 -0.2420539 0.3402800 -0.0221729 0.9083654
1494876960.735113 -4.0019069 1.5106201 6.1151347 -0.2444190 0.3514596 -0.0032229 0.9037285
1494876960.814661 -3.9937463 1.5090637 6.1245484 -0.2448159 0.3586125 0.0009080 0.9008116
1494876960.894224 -3.9802148 1.5094600 6.1232772 -0.2406503 0.3651312 0.0023376 0.8993115
1494876960.973825 -3.9738808 1.5154376 6.1317096 -0.2380707 0.3722560 0.0000959 0.8970774
1494876961.053391 -3.9628167 1.5158314 6.1417365 -0.2382560 0.3792265 0.0011722 0.8941029
1494876961.132951 -3.9508686 1.5208540 6.1415291 -0.2352568 0.3869290 0.0021574 0.8915915
1494876961.212548 -3.9454579 1.5139942 6.1517487 -0.2324598 0.3973252 0.0015585 0.8877459
1494876961.292112 -3.9394643 1.5178181 6.1528172 -0.2226657 0.4058593 -0.0018956 0.8863942
1494876961.371695 -3.9285944 1.5064446 6.1585960 -0.2148679 0.4136394 -0.0025925 0.8847189
1494876961.530839 -3.9132028 1.5066144 6.1571484 -0.2052121 0.4330422 -0.0089863 0.8776570
1494876961.610422 -3.9101348 1.5076562 6.1599627 -0.2069142 0.4461095 -0.0134915 0.8706267
1494876961.690046 -3.9036129 1.5055656 6.1580405 -0.2087462 0.4583905 -0.0161185 0.8637380
1494876961.769682 -3.8969390 1.5084527 6.1590090 -0.2072792 0.4712429 -0.0186301 0.8570988
1494876961.849277 -3.8801336 1.5141983 6.1556039 -0.2055991 0.4831827 -0.0202182 0.8507965
1494876961.928890 -3.8731167 1.5221184 6.1586051 -0.2042987 0.4960190 -0.0231479 0.8436180
1494876962.010545 -3.8617220 1.5216515 6.1604977 -0.2048731 0.5077034 -0.0251411 0.8364402
1494876962.090142 -3.8499339 1.5107218 6.1592894 -0.2068458 0.5161437 -0.0239380 0.8308053
1494876962.169756 -3.8411932 1.5159223 6.1519957 -0.2074918 0.5209712 -0.0295472 0.8274437
1494876962.249340 -3.8331156 1.5094993 6.1525230 -0.2096899 0.5279505 -0.0340962 0.8222748
1494876962.328917 -3.8202648 1.5128822 6.1512976 -0.2085448 0.5368332 -0.0381704 0.8166164
1494876962.408478 -3.8108673 1.5059128 6.1449308 -0.2067998 0.5453231 -0.0398922 0.8113354
1494876962.488083 -3.8020840 1.5021117 6.1435990 -0.2038753 0.5543132 -0.0423206 0.8058416
1494876962.567674 -3.7972202 1.4947534 6.1445541 -0.2008937 0.5617417 -0.0471598 0.8011642
1494876962.647278 -3.7800241 1.4925870 6.1407938 -0.1963509 0.5687375 -0.0488369 0.7972446
1494876962.806457 -3.7651172 1.4928800 6.1429191 -0.1933703 0.5821281 -0.0570067 0.7877087
1494876962.886056 -3.7538323 1.4938216 6.1398730 -0.1906027 0.5872836 -0.0588152 0.7844166
1494876962.965641 -3.7447181 1.4961030 6.1401095 -0.1880883 0.5935395 -0.0599744 0.7802159
1494876963.045247 -3.7368517 1.4966178 6.1386504 -0.1857805 0.5988361 -0.0602974 0.7766886
1494876963.124849 -3.7337399 1.4934399 6.1394453 -0.1837736 0.6031632 -0.0607235 0.7737790
1494876963.204424 -3.7231092 1.4911540 6.1477642 -0.1839282 0.6058186 -0.0618324 0.7715769
1494876963.286047 -3.7253909 1.4856365 6.1642132 -0.1844012 0.6059785 -0.0629499 0.7712480
1494876963.365654 -3.7225881 1.4849905 6.1642919 -0.1825858 0.6012330 -0.0633443 0.7753507
1494876963.683987 -3.7358274 1.4750906 6.1822810 -0.1698687 0.5810661 -0.0603210 0.7936424
1494876964.480040 -3.7337508 1.5038821 6.2427311 -0.1750171 0.5610297 -0.0223171 0.8087748
1494876964.561679 -3.7247210 1.5299877 6.2666984 -0.1865001 0.5638847 -0.0241583 0.8041568
1494876964.880055 -3.6924529 1.5462378 6.2707686 -0.2081101 0.5641015 -0.0144257 0.7989190
1494876964.959662 -3.6872702 1.5529246 6.2723622 -0.2069289 0.5651221 -0.0154914 0.7984844
1494876965.118845 -3.6746559 1.5538543 6.2732944 -0.1995072 0.5670491 -0.0155932 0.7990050
1494876965.198431 -3.6679678 1.5575951 6.2728930 -0.1965646 0.5687039 -0.0169721 0.7985300
1494876965.437212 -3.6500149 1.5627956 6.2794251 -0.1935643 0.5761453 -0.0164074 0.7939271
1494876965.516771 -3.6430321 1.5641296 6.2800951 -0.1938347 0.5755142 -0.0180407 0.7942834
1494876965.596373 -3.6369915 1.5662967 6.2801394 -0.1932967 0.5756604 -0.0210934 0.7942333
1494876965.675960 -3.6290293 1.5687001 6.2850890 -0.1939359 0.5776311 -0.0260100 0.7924990
1494876965.755537 -3.6225691 1.5682982 6.2825241 -0.1931453 0.5785699 -0.0287646 0.7919119
1494876965.996317 -3.5905252 1.5412946 6.2965250 -0.1912162 0.5951030 -0.0279994 0.7800672
1494876966.155566 -3.5726466 1.5397143 6.2966180 -0.1805846 0.6119660 -0.0290101 0.7694448
1494876966.235173 -3.5628805 1.5377102 6.2967453 -0.1747342 0.6207440 -0.0297718 0.7637137
1494876966.394382 -3.5392399 1.5271840 6.2930856 -0.1717067 0.6388794 -0.0307958 0.7492674
1494876966.473974 -3.5254750 1.5200101 6.2874742 -0.1693367 0.6495550 -0.0300235 0.7406092
1494876966.553602 -3.5129027 1.5178722 6.2863593 -0.1658252 0.6619353 -0.0310789 0.7303271
1494876966.633232 -3.5013723 1.5144721 6.2814503 -0.1639848 0.6721557 -0.0328480 0.7212745
1494876966.792456 -3.4846025 1.5035143 6.2680931 -0.1637120 0.6883262 -0.0326291 0.7059325
1494876966.951616 -3.4626222 1.5021732 6.2590771 -0.1659253 0.7023284 -0.0345056 0.6913849
1494876967.112767 -3.4453759 1.4964871 6.2552304 -0.1641171 0.7161177 -0.0341369 0.6775513
1494876967.192303 -3.4391437 1.4898319 6.2487941 -0.1606262 0.7234920 -0.0326801 0.6705897
1494876967.430923 -3.4202552 1.4902761 6.2371750 -0.1495911 0.7430508 -0.0375618 0.6512197
1494876967.510451 -3.4111037 1.4934582 6.2314157 -0.1467966 0.7477750 -0.0401539 0.6462747
1494876967.589992 -3.4108682 1.4881564 6.2235579 -0.1446799 0.7520769 -0.0399702 0.6417558
1494876967.669519 -3.4093575 1.4855261 6.2222056 -0.1452898 0.7577799 -0.0394196 0.6349068
1494876967.828590 -3.4010053 1.4905868 6.2120075 -0.1474265 0.7671495 -0.0349021 0.6233209
1494876967.908084 -3.3943591 1.4935856 6.2074938 -0.1482810 0.7718969 -0.0320128 0.6173841
1494876967.987623 -3.3915677 1.4965435 6.2010813 -0.1492986 0.7759153 -0.0296780 0.6121966
1494876968.067163 -3.3878660 1.4960269 6.2001061 -0.1505088 0.7812235 -0.0253779 0.6053040
1494876968.146696 -3.3817868 1.5008250 6.1948471 -0.1485362 0.7860652 -0.0213342 0.5996527
1494876968.226222 -3.3788843 1.5001725 6.1927433 -0.1438517 0.7898226 -0.0154296 0.5960276
1494876968.387293 -3.3702407 1.5083331 6.1974459 -0.1355222 0.7944229 0.0001534 0.5920524
1494876968.944000 -3.3276248 1.5103588 6.2422361 -0.1470536 0.7937154 0.0415817 0.5887800
1494876969.103056 -3.3141756 1.5084853 6.2575150 -0.1435353 0.7893280 0.0424435 0.5954474
1494876969.741334 -3.2691102 1.4965672 6.2894120 -0.1468731 0.7881867 0.0814069 0.5920837
1494876969.900372 -3.2513556 1.4830332 6.2969956 -0.1510193 0.7912211 0.0856278 0.5863703
1494876970.139018 -3.2333407 1.4711914 6.2859330 -0.1451664 0.8008957 0.0928283 0.5734769
1494876970.377692 -3.2063308 1.4505966 6.2868094 -0.1385557 0.8109958 0.1015761 0.5592589
1494876970.457263 -3.2023239 1.4486365 6.2918396 -0.1384056 0.8101851 0.1003848 0.5606843
1494876970.536808 -3.1975474 1.4420866 6.2982049 -0.1401735 0.8071730 0.1026719 0.5641645
1494876970.695895 -3.1880236 1.4387852 6.3120070 -0.1391126 0.8037090 0.1111971 0.5677453
1494876971.095628 -3.1604042 1.4256986 6.3214087 -0.1353797 0.8115732 0.1379598 0.5513515
1494876971.175152 -3.1442232 1.4171050 6.3215084 -0.1364406 0.8156912 0.1447756 0.5432052
1494876971.254706 -3.1310372 1.4097459 6.3197169 -0.1344614 0.8196952 0.1464133 0.5371994
1494876971.334234 -3.1237664 1.3975618 6.3104048 -0.1290644 0.8235450 0.1441260 0.5332389
1494876971.413749 -3.1157918 1.3860052 6.2978487 -0.1227940 0.8289912 0.1398799 0.5273793
1494876971.572803 -3.1004982 1.3594704 6.2746515 -0.1163962 0.8430666 0.1328615 0.5079749
1494876971.652338 -3.0935860 1.3439028 6.2620049 -0.1140695 0.8497065 0.1302698 0.4980129
1494876971.731879 -3.0866852 1.3286166 6.2512879 -0.1091212 0.8562233 0.1255850 0.4890835
1494876971.811439 -3.0818653 1.3131683 6.2367849 -0.1034192 0.8632571 0.1192928 0.4794383
1494876971.970263 -3.0730953 1.2869539 6.2095423 -0.0932158 0.8777826 0.1100634 0.4568310
1494876972.129329 -3.0626545 1.2626511 6.1851377 -0.0884743 0.8862878 0.0975486 0.4440163
1494876972.369962 -3.0355139 1.2336507 6.1617670 -0.0858929 0.8945272 0.0794844 0.4314229
1494876973.085766 -2.9076538 1.2032937 6.1130753 -0.0784139 0.9045541 0.0641122 0.4141532
1494876973.564981 -2.8092375 1.1848276 6.1023197 -0.0725189 0.9029360 0.0697117 0.4178370
1494876973.962681 -2.7260432 1.1509461 6.0922680 -0.0549809 0.9077764 0.0483637 0.4130135
1494876974.201302 -2.6863246 1.1339363 6.0876179 -0.0615186 0.9103532 0.0048432 0.4092054
1494876974.280853 -2.6728497 1.1271724 6.0853405 -0.0622657 0.9106955 -0.0063149 0.4083097
1494876974.519535 -2.6393547 1.1217316 6.0740557 -0.0499164 0.9169409 -0.0373302 0.3941245
1494876974.678605 -2.6254139 1.1184568 6.0668249 -0.0449206 0.9176889 -0.0615273 0.3899277
1494876974.839778 -2.6056590 1.1182953 6.0714917 -0.0424264 0.9169645 -0.0768008 0.3892016
1494876976.194247 -2.4554996 1.0692965 5.9948969 -0.0149194 0.9298952 -0.0654251 0.3616517
1494876976.671638 -2.3975005 1.0231386 5.9782386 0.0004660 0.9271575 -0.0727461 0.3675416
1494876977.069285 -2.3331280 0.9883212 5.9694290 0.0046496 0.9208583 -0.0863596 0.3801848
1494876977.469002 -2.2723317 0.9525120 5.9474659 0.0062728 0.9150674 -0.0959476 0.3916712
1494876977.866651 -2.2214699 0.9229701 5.9277196 0.0016791 0.9120880 -0.1003418 0.3975224
1494876978.184787 -2.1672688 0.9159346 5.9221420 -0.0133591 0.9112169 -0.0989884 0.3996332
1494876978.584412 -2.0985036 0.9055981 5.9027100 -0.0235927 0.9105501 -0.0861245 0.4036392
1494876979.061473 -2.0226068 0.8916507 5.8734713 -0.0384518 0.9084165 -0.0814928 0.4082401
1494876979.379264 -1.9759102 0.8670839 5.8396182 -0.0341397 0.9083455 -0.0804808 0.4089815
1494876979.617402 -1.9353380 0.8512220 5.8292389 -0.0285588 0.9081980 -0.0836267 0.4091056
1494876979.936916 -1.8813901 0.8323424 5.8052845 -0.0307233 0.9042971 -0.0824705 0.4177337
1494876980.095680 -1.8477116 0.8274789 5.8017220 -0.0355870 0.9044328 -0.0842782 0.4166919
1494876980.175061 -1.8300238 0.8278794 5.7959232 -0.0375665 0.9043002 -0.0843039 0.4168006
1494876980.730997 -1.7380657 0.8272628 5.7504559 -0.0457932 0.9022480 -0.0861539 0.4200346
1494876980.890007 -1.7114277 0.8233398 5.7413673 -0.0481510 0.9028727 -0.0860098 0.4184550
1494876981.049006 -1.6906409 0.8275611 5.7230673 -0.0524736 0.9013127 -0.0881361 0.4208491
1494876981.687139 -1.5777678 0.8047274 5.6824894 -0.0567261 0.8963628 -0.0916760 0.4300133
1494876982.005162 -1.5193543 0.8046546 5.6533308 -0.0612323 0.8939739 -0.0913549 0.4344141
1494876982.243625 -1.4747410 0.8066503 5.6396246 -0.0650605 0.8927824 -0.0915205 0.4362691
1494876982.404687 -1.4470434 0.8079348 5.6251388 -0.0629265 0.8925469 -0.0903828 0.4373000
1494876982.643206 -1.4093008 0.8073738 5.6034117 -0.0642151 0.8904773 -0.0859794 0.4421924
1494876982.722721 -1.3905859 0.8054950 5.6062589 -0.0659559 0.8903049 -0.0854187 0.4423921
1494876983.040729 -1.3329859 0.7996264 5.5890980 -0.0605120 0.8842726 -0.0852635 0.4551158
1494876983.199789 -1.2992287 0.7967071 5.5847955 -0.0600621 0.8811148 -0.0857044 0.4611768
1494876983.438253 -1.2527795 0.7973102 5.5725389 -0.0646358 0.8788319 -0.0875029 0.4645642
1494876983.597270 -1.2212749 0.7973948 5.5595903 -0.0735165 0.8767580 -0.0900144 0.4666779
1494876984.235404 -1.1243649 0.7899578 5.5180044 -0.0865343 0.8782673 -0.0896128 0.4616580
1494876984.473934 -1.0914707 0.7756284 5.4904647 -0.0825059 0.8805984 -0.0869605 0.4584508
1494876984.632969 -1.0690751 0.7617215 5.4776988 -0.0742736 0.8837874 -0.0871438 0.4536621
1494876984.871479 -1.0356741 0.7500172 5.4666409 -0.0629063 0.8881380 -0.0876975 0.4467246
1494876985.509532 -0.9478965 0.7079787 5.4281406 -0.0497243 0.8868482 -0.0891479 0.4506445
1494876985.748030 -0.9147582 0.6995586 5.4191709 -0.0473761 0.8840210 -0.0916416 0.4559213
1494876986.227134 -0.8383923 0.6772060 5.4057331 -0.0486159 0.8798524 -0.0933567 0.4634445
1494876986.386157 -0.8206615 0.6769636 5.3814168 -0.0484069 0.8831156 -0.1010212 0.4555856
1494876986.465660 -0.8182073 0.6658325 5.3833795 -0.0480955 0.8857691 -0.1026609 0.4500673
1494876987.181212 -0.7335906 0.6360243 5.3436050 -0.0367999 0.8910163 -0.0865567 0.4441212
1494876988.614270 -0.5556617 0.5876997 5.3192954 -0.0371130 0.8804290 -0.0750820 0.4667227
1494876989.809332 -0.3990049 0.5778867 5.2441516 -0.0822397 0.8753014 -0.0765829 0.4703394
1494876990.129509 -0.3688841 0.5589108 5.1968842 -0.0904762 0.8782110 -0.0767764 0.4633195
1494876990.368128 -0.3562207 0.5488685 5.1720600 -0.0918282 0.8821422 -0.0885281 0.4533822
1494876990.765765 -0.3216939 0.5185719 5.1491332 -0.0729060 0.8924282 -0.0847555 0.4371192
1494876991.242976 -0.2453289 0.4980467 5.1293912 -0.0551007 0.8955131 -0.0665109 0.4365736
1494876991.324571 -0.2382927 0.4947550 5.1272621 -0.0560634 0.8935242 -0.0634874 0.4409544
1494876991.404093 -0.2246413 0.4916497 5.1217723 -0.0551057 0.8911306 -0.0626803 0.4460055
1494876991.563186 -0.1926756 0.4820429 5.1258860 -0.0505363 0.8885249 -0.0619187 0.4518136
1494876991.722272 -0.1796370 0.4770005 5.1142702 -0.0456062 0.8881500 -0.0651059 0.4526268
1494876991.801851 -0.1654682 0.4611309 5.1154823 -0.0433501 0.8896080 -0.0624016 0.4503604
1494876991.960959 -0.1498594 0.4576494 5.1068773 -0.0460204 0.8927968 -0.0621828 0.4437672
1494876993.315310 -0.0121675 0.3552396 5.0415449 -0.0121247 0.9010007 -0.0781103 0.4265554
1494876993.394892 -0.0052962 0.3551437 5.0367022 -0.0080360 0.9005955 -0.0772541 0.4276621
1494876993.792699 0.0481763 0.3457829 5.0214295 -0.0058354 0.9003578 -0.0736166 0.4288385
1494876993.953849 0.0736966 0.3494171 5.0102243 -0.0133233 0.9028314 -0.0673566 0.4244773
1494876994.033407 0.0748768 0.3497929 5.0089164 -0.0135929 0.9029336 -0.0675580 0.4242193
1494876994.272115 0.0916085 0.3435628 4.9912462 -0.0147614 0.9057717 -0.0654318 0.4184238
1494876995.067807 0.1756158 0.3197420 4.9480529 0.0080012 0.9054165 -0.0768250 0.4174385
1494876995.308508 0.2122445 0.3295172 4.9421606 0.0045203 0.9030490 -0.0765849 0.4226309
1494876996.424141 0.3415952 0.3294131 4.8689065 0.0014595 0.9099184 -0.0969235 0.4033017
1494876996.901317 0.4057903 0.3307325 4.8461056 0.0015487 0.9115555 -0.0964602 0.3996994
1494876997.060162 0.4313860 0.3347938 4.8370395 0.0093793 0.9117454 -0.0897518 0.4007205
1494876997.298323 0.4728789 0.3364190 4.8286395 0.0192869 0.9119063 -0.0759925 0.4028400
1494876997.615902 0.5106683 0.3379030 4.8118887 0.0129708 0.9128790 -0.0776091 0.4005753
1494876997.776707 0.5303617 0.3364844 4.8046899 0.0083614 0.9138668 -0.0790920 0.3981482
1494876998.253236 0.5872345 0.3150379 4.7676988 0.0048446 0.9168996 -0.0872117 0.3894431
1494876998.729914 0.6625175 0.3183505 4.7482886 -0.0100107 0.9177755 -0.0853113 0.3876984
1494876999.288119 0.7375398 0.3145943 4.7143250 -0.0167501 0.9227937 -0.0754839 0.3774564
1494876999.526470 0.7729683 0.3061438 4.6942587 -0.0174877 0.9240125 -0.0742804 0.3746698
1494876999.685354 0.8016548 0.3038883 4.6875167 -0.0200129 0.9238056 -0.0758073 0.3747478
1494876999.764801 0.8186707 0.3014451 4.6865783 -0.0213742 0.9239429 -0.0760258 0.3742898
1494877000.082890 0.8722739 0.2983914 4.6648769 -0.0191457 0.9248544 -0.0775575 0.3718368
1494877000.482636 0.9460373 0.3066495 4.6427102 -0.0299097 0.9258380 -0.0787120 0.3684209
1494877000.800872 0.9951191 0.3039219 4.6143160 -0.0358742 0.9283015 -0.0773961 0.3619105
1494877000.880406 1.0080357 0.3015926 4.6082945 -0.0358777 0.9286616 -0.0779898 0.3608572
1494877000.959984 1.0224748 0.2995308 4.6047907 -0.0358570 0.9292301 -0.0778445 0.3594245
1494877001.198566 1.0622487 0.2965510 4.5883746 -0.0361770 0.9274569 -0.0809431 0.3632674
1494877001.437076 1.1137891 0.2956339 4.5796638 -0.0342756 0.9266971 -0.0836537 0.3647736
1494877001.677605 1.1566734 0.2915024 4.5596852 -0.0270510 0.9284761 -0.0768034 0.3623557
1494877001.836640 1.1855683 0.2885929 4.5457172 -0.0231290 0.9282271 -0.0824891 0.3620152
1494877002.154655 1.2352214 0.2887462 4.5159001 -0.0231361 0.9297857 -0.0874277 0.3568189
1494877002.393177 1.2720332 0.2850692 4.4927268 -0.0233436 0.9356399 -0.0830698 0.3422464
1494877002.792767 1.3261490 0.2698746 4.4510779 -0.0126686 0.9411552 -0.0751214 0.3292768
1494877003.031339 1.3658123 0.2686200 4.4306016 -0.0065481 0.9409981 -0.0764642 0.3295951
1494877003.269711 1.4151206 0.2640490 4.4117055 -0.0068187 0.9426607 -0.0712321 0.3259913
1494877003.984322 1.5196228 0.2654846 4.3405924 0.0022503 0.9508461 -0.0659441 0.3025526
1494877004.383889 1.5862193 0.2681175 4.2986436 0.0074332 0.9530417 -0.0601905 0.2967043
1494877004.542922 1.6159682 0.2727440 4.2838225 0.0083533 0.9523645 -0.0597549 0.2989338
1494877004.781550 1.6596761 0.2763698 4.2602816 0.0130360 0.9531839 -0.0551277 0.2970379
1494877004.861078 1.6721973 0.2758064 4.2525330 0.0111834 0.9530272 -0.0549062 0.2976564
1494877004.940587 1.6875257 0.2789628 4.2448134 0.0086152 0.9528434 -0.0572529 0.2978883
1494877005.737937 1.8000927 0.2707333 4.1640053 0.0165168 0.9574181 -0.0632986 0.2811957
1494877005.896977 1.8247089 0.2652684 4.1459885 0.0180927 0.9581751 -0.0649946 0.2781169
1494877005.976493 1.8359098 0.2641212 4.1418648 0.0188080 0.9578121 -0.0678777 0.2786302
1494877006.215087 1.8742914 0.2612154 4.1241493 0.0210327 0.9557872 -0.0726213 0.2841735
1494877006.374136 1.9009862 0.2582825 4.1075640 0.0296048 0.9552463 -0.0719912 0.2853862
1494877006.614811 1.9390512 0.2589184 4.0857844 0.0369074 0.9554744 -0.0744655 0.2831282
1494877007.091921 1.9975100 0.2416810 4.0293970 0.0348223 0.9625638 -0.0647083 0.2609046
1494877007.250988 2.0073237 0.2400591 4.0084810 0.0445371 0.9643732 -0.0674219 0.2519029
1494877007.330518 2.0142493 0.2397150 3.9973776 0.0475085 0.9653484 -0.0706242 0.2466934
1494877007.410041 2.0242124 0.2374234 3.9924853 0.0482633 0.9666329 -0.0732059 0.2406915
1494877007.569061 2.0390830 0.2245947 3.9739122 0.0462525 0.9694393 -0.0759760 0.2286389
1494877007.807613 2.0703645 0.2147019 3.9522738 0.0372602 0.9736343 -0.0851478 0.2083212
1494877007.968670 2.0777817 0.2089425 3.9362707 0.0332410 0.9761273 -0.0914843 0.1941681
1494877008.207219 2.0913849 0.2009644 3.9039617 0.0358406 0.9805399 -0.0934443 0.1688938
1494877008.843403 2.1682451 0.1762222 3.8332517 0.0193769 0.9876025 -0.0888774 0.1279321
1494877009.163610 2.2012665 0.1734236 3.7856376 0.0267094 0.9891936 -0.0844279 0.1168526
1494877009.402208 2.2257805 0.1648137 3.7568309 0.0272687 0.9907564 -0.0833455 0.1034973
1494877009.561289 2.2456744 0.1540708 3.7381465 0.0244096 0.9918485 -0.0848161 0.0919068
1494877009.799958 2.2699215 0.1406854 3.6997118 0.0241535 0.9928739 -0.0881721 0.0764441
1494877010.756550 2.3531172 0.0940875 3.5857599 0.0450543 0.9931252 -0.1024934 0.0341690
1494877011.233740 2.4179716 0.0816567 3.5204346 0.0311613 0.9943255 -0.0998397 0.0194363
1494877011.551823 2.4437490 0.0785010 3.4866719 0.0320167 0.9939142 -0.1050722 0.0083271
1494877011.871902 2.4802046 0.0752665 3.4526954 0.0343322 0.9944890 -0.0990021 0.0034133
1494877012.110435 2.5158815 0.0642729 3.4213300 0.0453249 0.9948786 -0.0903374 0.0011985
1494877012.189934 2.5234702 0.0658521 3.4118304 0.0462044 0.9949899 -0.0886282 0.0023085
1494877012.349015 2.5488324 0.0622854 3.3903461 0.0472834 0.9951376 -0.0863942 0.0011648
1494877012.667110 2.5836420 0.0552031 3.3473592 -0.0399734 -0.9955028 0.0856923 0.0057620
1494877012.746663 2.5933352 0.0551330 3.3366854 -0.0375639 -0.9955468 0.0861080 0.0078062
1494877013.146396 2.6256678 0.0432970 3.2868378 -0.0482807 -0.9950702 0.0826832 0.0258420
1494877013.384991 2.6458652 0.0349500 3.2556670 -0.0528003 -0.9951102 0.0762868 0.0338839
1494877013.623528 2.6710024 0.0232418 3.2245941 -0.0608431 -0.9944686 0.0759667 0.0394879
1494877013.862072 2.7028377 0.0195037 3.1964390 -0.0643269 -0.9942700 0.0775865 0.0356298
1494877014.021082 2.7230492 0.0144892 3.1782017 -0.0669285 -0.9943323 0.0759033 0.0325959
1494877014.261607 2.7533925 0.0062729 3.1452644 -0.0666237 -0.9948582 0.0682511 0.0340631
1494877014.341113 2.7625637 0.0037342 3.1356163 -0.0625914 -0.9950991 0.0690573 0.0330346
1494877014.420635 2.7775354 -0.0002005 3.1260269 -0.0591905 -0.9951902 0.0712474 0.0318881
1494877014.738624 2.8103061 -0.0092372 3.0947466 -0.0684506 -0.9941706 0.0775498 0.0304209
1494877014.818143 2.8145003 -0.0090145 3.0842357 -0.0711767 -0.9940314 0.0767679 0.0306961
1494877014.977164 2.8337505 -0.0165213 3.0621221 -0.0745701 -0.9942668 0.0682130 0.0349268
1494877015.136168 2.8431625 -0.0202496 3.0452898 -0.0807102 -0.9937598 0.0668859 0.0381258
1494877015.535726 2.8850477 -0.0315953 2.9959693 -0.0831800 -0.9928238 0.0665421 0.0543528
1494877015.694849 2.8948483 -0.0321172 2.9716451 -0.0857822 -0.9914253 0.0735541 0.0656278
1494877015.774403 2.8958066 -0.0376403 2.9651744 -0.0867676 -0.9905096 0.0787167 0.0718734
1494877015.933526 2.8982701 -0.0394618 2.9420366 -0.0853682 -0.9882766 0.0914908 0.0874707
1494877016.092624 2.9039960 -0.0546724 2.9189785 -0.0754143 -0.9875858 0.0962399 0.0986148
1494877016.172186 2.9045982 -0.0566320 2.9079497 -0.0716544 -0.9869486 0.0986911 0.1051579
1494877016.251770 2.9069102 -0.0626523 2.8998632 -0.0704906 -0.9859434 0.1013073 0.1126213
1494877016.410908 2.9100394 -0.0680275 2.8802276 -0.0745123 -0.9842092 0.1022767 0.1237724
1494877016.490492 2.9174333 -0.0679972 2.8652048 -0.0723099 -0.9834059 0.1017661 0.1316352
1494877016.570064 2.9163914 -0.0676764 2.8586307 -0.0680186 -0.9830682 0.1027008 0.1356576
1494877016.649640 2.9150674 -0.0756535 2.8501101 -0.0659084 -0.9828430 0.1030621 0.1380363
1494877016.810768 2.9333284 -0.0904903 2.8251138 -0.0608856 -0.9816243 0.1041959 0.1478170
1494877017.049462 2.9491944 -0.0993546 2.7947712 -0.0597854 -0.9807162 0.1053224 0.1533906
1494877017.288119 2.9710398 -0.1092646 2.7521529 -0.0638572 -0.9791865 0.0949674 0.1676225
1494877017.606350 2.9832888 -0.1214129 2.6992989 -0.0594992 -0.9767352 0.0814962 0.1892265
1494877018.165358 3.0058451 -0.1498806 2.6218047 -0.0649704 -0.9723712 0.0728677 0.2120456
1494877018.801244 3.0435066 -0.1846176 2.5220122 -0.0743274 -0.9648954 0.0759971 0.2401601
1494877019.756609 3.0679641 -0.1958180 2.3703794 -0.0847142 -0.9512237 0.0424824 0.2935852
1494877020.392231 3.0729351 -0.2204259 2.2662597 -0.1038897 -0.9367255 0.0186144 0.3337752
1494877020.871568 3.0411739 -0.2598380 2.2213678 -0.0728815 -0.9196784 0.0137006 0.3856063
1494877025.649117 2.8835273 -0.3345479 1.7112225 -0.0760850 -0.7314898 0.0035348 0.6775849
1494877033.536474 2.3645239 -0.8176872 1.4455930 -0.2336455 -0.6066523 -0.0528449 0.7580172
1494877036.324549 2.2051258 -0.9644583 1.4395034 -0.2295984 -0.5990137 -0.1152027 0.7584165
1494877038.314947 2.1006818 -1.0936992 1.5094286 -0.2050802 -0.5878663 -0.0883148 0.7775319
1494877039.909351 2.0300107 -1.2261724 1.5388836 -0.1839334 -0.5944300 -0.0841997 0.7782878
1494877042.299353 1.9114035 -1.3645509 1.6078377 -0.2256740 -0.5723407 -0.0792239 0.7843602
1494877043.732656 1.8498880 -1.4534614 1.6554890 -0.2193213 -0.5705131 -0.0753204 0.7878705
1494877045.404170 1.7645071 -1.5958058 1.7165266 -0.2240309 -0.5778796 -0.0800918 0.7806733
1494877046.598696 1.7020190 -1.6849320 1.7446233 -0.2467388 -0.5782639 -0.0561497 0.7756146
1494877047.395869 1.6540622 -1.7412319 1.7524188 -0.2106987 -0.5948153 -0.0726176 0.7723519
1494877048.031860 1.6210172 -1.7834991 1.7838233 -0.1708531 -0.5987288 -0.0361409 0.7816821
1494877048.908468 1.5775532 -1.8233111 1.8031986 -0.1599701 -0.5813319 -0.0483214 0.7963215
1494877049.862806 1.4943905 -1.8416088 1.8218131 -0.1700302 -0.5937211 -0.0353685 0.7857061
1494877050.581167 1.4135507 -1.8425553 1.7980036 -0.1632844 -0.5697432 -0.0208166 0.8051693
1494877051.219986 1.3779528 -1.8934848 1.7526038 -0.1601284 -0.6130776 -0.0361250 0.7727805
1494877051.458737 1.3682585 -1.9284644 1.7526095 -0.1632999 -0.6291009 -0.0371808 0.7590671
1494877052.015849 1.3309735 -2.0107887 1.8145118 -0.2018411 -0.6182939 -0.0152934 0.7594333
1494877053.052607 1.3020333 -2.0953336 1.8516318 -0.2049282 -0.6086603 -0.0514051 0.7647841
1494877053.771157 1.2813109 -2.1802411 1.8963609 -0.2284456 -0.6043941 -0.0161835 0.7630587
1494877057.597352 1.1670321 -2.0269470 1.8596222 -0.1886722 -0.6082402 -0.0931307 0.7653583
1494877057.756524 1.1557570 -2.0212541 1.8546090 -0.1989102 -0.6176510 -0.1046210 0.7536554
1494877057.995208 1.1322018 -2.0097520 1.8413885 -0.2056425 -0.6219532 -0.1056413 0.7481479
1494877058.393127 1.1079910 -2.0064268 1.8459175 -0.2051974 -0.6093470 -0.0875045 0.7608765
1494877058.552198 1.1058309 -2.0058756 1.8528963 -0.2235429 -0.5992440 -0.0774490 0.7648116
1494877058.631738 1.1026366 -2.0072031 1.8590504 -0.2407845 -0.5920238 -0.0739116 0.7655506
1494877059.031417 1.0926403 -1.9963527 1.8682735 -0.2591239 -0.5812358 -0.0830910 0.7668870
1494877060.146973 1.0802184 -1.9661725 1.8617346 -0.2428890 -0.5757743 -0.1189778 0.7715784
1494877062.136317 1.1335236 -2.0301485 1.8704653 -0.2050308 -0.5327608 -0.1210698 0.8120778
1494877063.013161 1.1514941 -2.1045899 1.8596126 -0.1996379 -0.5499094 -0.1248492 0.8013471
1494877063.569556 1.1496024 -2.1557345 1.8688364 -0.2192346 -0.5352204 -0.1135932 0.8078193
