1494876479.72208 -3.01514901934752e-09 -1.90951560119501e-10 3.17301128427427e-09 1.86750614972198e-12 7.36827265868101e-12 -6.75981493003519e-12 1.00000000395971
1494876480.3596 -0.0266214745353249 -0.000967198660314667 -0.00635740791742873 0.00887768670821215 0.00977757765237852 -0.0102948986781124 0.999859794488505
1494876481.3126 -0.0575745522283812 0.214819686028561 -0.0275701028158434 -0.00633093234121179 0.0136077117091653 -0.0423480507590241 0.998990190944031
1494876485.92929 -0.159916199868449 0.0483671168047029 -0.0908777911384876 -0.0682375280981534 -0.0424995327463084 -0.00676548494946305 0.996740520701464
1494876486.56747 -0.192493410625705 0.257331245780788 -0.189737081238985 -0.13633111196357 -0.00441979276787346 -0.0556317524153334 0.989090193558511
1494876488.39634 -0.168949886933495 0.0530891017646813 -0.218149002137681 -0.156200792562568 -0.0329285131735405 0.0070391337151246 0.987151196088509
1494876488.71394 -0.141690625512848 0.292486570167687 -0.310825310763092 -0.172914961849724 -0.0303768308581546 0.0103476405671098 0.984413835730668
1494876489.74799 -0.0659363274290991 0.089667897810905 -0.214068841159025 -0.153426662795039 -0.0297332275388161 0.0448015591971841 0.986696013236412
1494876491.49865 -0.177075661744027 0.298258976587055 -0.290000171021626 -0.174494515640049 -0.0894895589996785 0.012450910913596 0.980504088307009
1494876492.37522 -0.171064471979565 0.0564837476619442 -0.224809974744951 -0.151977948985809 -0.0991515338114071 -0.0340053719633759 0.982809909881851
1494876493.17224 -0.15951307006091 0.290209294279603 -0.323636230080606 -0.161951109627959 -0.0888494058599103 0.0681930577649826 0.980422020136749
1494876494.28752 -0.0858753302192437 0.0541529811988812 -0.374398097693578 -0.153783447794342 -0.0879097706248792 0.0614347233785337 0.982266922020688
1494876494.84425 -0.0674962104296941 0.281552610688518 -0.510374557856593 -0.165856142640239 -0.0923870507900222 0.0372117109467524 0.981107369705776
1494876496.19865 -0.0665998178031646 0.0209531172353663 -0.538414037338954 -0.134620261036612 -0.104531194187384 0.0617180114588324 0.983433530921733
1494876497.63362 -0.108670254886657 0.220687170039664 -0.584476915097976 -0.168500515185617 -0.15069514995688 -0.0159832302061911 0.973983107677735
1494876498.03358 -0.137475102325701 -0.060136904972114 -0.483495512269341 -0.128671794013404 -0.157559418749226 -0.0152729215739014 0.978971575059665
1494876498.51107 -0.11854824375183 0.121487187695646 -0.508469728052539 -0.156799724213134 -0.143811838554522 -0.0715752670962833 0.974478831091829
1494876498.7498 -0.158437292316608 -0.136488799849713 -0.426926549533689 -0.137932572359717 -0.133127627902944 -0.0747899715250451 0.978600075745898
1494876498.98853 -0.110039433636486 0.0726235189892928 -0.469537548718362 -0.143415626871389 -0.1202373915291 -0.109200997094654 0.976242838339236
1494876499.54764 -0.206745098217877 -0.180559391963088 -0.376863875152158 -0.139214211599625 -0.13139522618845 -0.155939900126262 0.969039448779883
1494876499.70677 -0.129504458860404 0.0305424888835091 -0.421485720673708 -0.154768449146317 -0.139685946842135 -0.177993519071621 0.961692716048068
1494876500.34334 -0.237615767581499 -0.221693168635483 -0.336981593246714 -0.126872668125876 -0.133947600735505 -0.212071691291711 0.959680661476474
1494876500.66365 -0.10978885342275 -0.021030949350848 -0.379914201420437 -0.134239062402061 -0.13468405475798 -0.255240710434397 0.947993812629628
1494876501.14097 -0.213269729718556 -0.240158651348352 -0.336174645917394 -0.107365518845092 -0.129246162000017 -0.277075451998782 0.946042957159181
1494876501.37959 -0.0600037076175876 -0.0603215315269314 -0.36727687434456 -0.114810981222411 -0.12631906851626 -0.306118230884797 0.936564770727387
1494876501.69778 -0.183217743154173 -0.279551396821319 -0.330486393352983 -0.0953429942170081 -0.1275261484002 -0.303567832411511 0.939411184717506
1494876501.93843 -0.0213220839183236 -0.102806723657571 -0.35503770777219 -0.106003341661139 -0.123392208666691 -0.334862174588608 0.928119059148429
1494876502.57477 -0.144585659394902 -0.327586675853431 -0.31288412595379 -0.0850129941024573 -0.121390822161131 -0.340336180601931 0.928551749350297
1494876502.81345 0.0280375290222622 -0.158337670423748 -0.321149647588558 -0.0925645582263929 -0.122398949923415 -0.360873969131559 0.919902325004661
1494876503.29284 -0.109142382799128 -0.358489925917422 -0.290142928737498 -0.0802490512472244 -0.13319893477051 -0.35629742265591 0.921341569711312
1494876503.77009 0.084762479733619 -0.207348049246316 -0.282200549929282 -0.0920365772619679 -0.135140765628139 -0.38517065812523 0.908245459971294
1494876504.08816 -0.0688343529827621 -0.388852264698382 -0.259892883734708 -0.0792816880555698 -0.137045613792357 -0.38291907832311 0.910113125416254
1494876504.40833 0.124809839843725 -0.238960728085013 -0.265016748456641 -0.0949030936417989 -0.137248012248327 -0.407329017107204 0.897908384692629
1494876504.64701 -0.0409912750413411 -0.411322376616678 -0.250911162202631 -0.0809761654105268 -0.145529714349027 -0.40385231816699 0.899537256542203
1494876504.96526 0.157833316039802 -0.277452889763422 -0.252873445710213 -0.0893109034746059 -0.140334031260608 -0.43254673468916 0.886133880419991
1494876505.20401 -0.0192791395883563 -0.450077819715362 -0.241419201111266 -0.0732462910218303 -0.144363995004093 -0.424950547497539 0.890623971100583
1494876505.36312 0.178222885451114 -0.312653008819621 -0.241571929385466 -0.085187447832152 -0.140209314421818 -0.44453632961951 0.880608828060094
1494876505.60384 -0.000398439163943061 -0.476930432935908 -0.233522294351612 -0.0685369037387653 -0.14797589844634 -0.433393993966608 0.886326960110094
1494876505.92208 0.209061510960015 -0.351922519023849 -0.229815196562041 -0.0812036884673543 -0.153652765566342 -0.458218477175801 0.871683787457098
1494876506.31986 0.226421842889998 -0.38351552288382 -0.218965561587471 -0.0742336381778674 -0.160562321732808 -0.472964918273747 0.863141531507263
1494876506.55855 0.0350360681446703 -0.537726663335731 -0.224563330429566 -0.0584316854028373 -0.167711110882795 -0.466093128117187 0.866727134263608
1494876506.71762 0.246544968384259 -0.414879602162234 -0.208828397518 -0.0683252026698802 -0.160554903551355 -0.48867766390102 0.85483796122875
1494876507.19701 0.262095937564183 -0.451812483187834 -0.187227156880232 -0.058851042418891 -0.168999678056028 -0.495093537047616 0.850210599042731
1494876507.99262 0.0992969277811867 -0.633168126366321 -0.182697171841601 -0.0566328028071414 -0.179451825132099 -0.490263402234962 0.851017962472822
1494876509.10864 0.376941853678941 -0.585164177920552 -0.131770715406964 -0.0807378963334387 -0.157700569269154 -0.518660237177779 0.836423033187319
1494876509.50851 0.399275557558965 -0.618999307985089 -0.126667511911525 -0.0815030408175638 -0.167383401369174 -0.51955566919493 0.833907649214668
1494876510.38388 0.426496702425306 -0.669945651512355 -0.0848017446443585 -0.0775979155974309 -0.15042917856568 -0.522689150217657 0.835551128000843
1494876511.10213 0.474299907072738 -0.720587090555395 -0.0762934638507857 -0.0959102437195927 -0.152688219342201 -0.520871803658757 0.834374080676515
1494876511.34085 0.271584936024236 -0.850057485399008 -0.0694275644636704 -0.0846852166536278 -0.155578108698364 -0.511827322504544 0.84062873257546
1494876512.85455 0.591550235303443 -0.871260463682438 -0.0464389699981512 -0.0918775385536865 -0.161230627970438 -0.520643444074067 0.833362835854838
1494876513.89092 0.649924777824956 -0.964171644671669 -0.0305432309039707 -0.0800082686325336 -0.168222996009841 -0.518662722927299 0.834439146934806
1494876514.92719 0.674085064253838 -1.04800559419568 0.0215539323952477 -0.0605413836275149 -0.175754781402653 -0.533804635740847 0.824922795218984
1494876515.88332 0.713896590935614 -1.1042290027783 0.0746443433506453 -0.0765604434220138 -0.157301650805865 -0.542085446359397 0.821911228497249
1494876516.91593 0.772342613111158 -1.19553714811984 0.0976200022491263 -0.0757672751225768 -0.160104569581106 -0.539482558347098 0.823155164951765
1494876517.15629 0.567013801921531 -1.3263216303948 0.0854463034346617 -0.0629230627573512 -0.16291081238489 -0.528199370823221 0.830967019780394
1494876517.31517 0.794566898608329 -1.24039784706833 0.100201741375605 -0.0712521209364717 -0.154524789331231 -0.545343656032645 0.820759118802155
1494876517.55345 0.590970991726375 -1.36990440552833 0.0843914037251042 -0.0607658506200206 -0.162752245284193 -0.535293512707715 0.826607573898184
1494876517.95067 0.836773697166542 -1.31330250057842 0.0950494068250253 -0.0728145921543542 -0.158053255757575 -0.549981059811108 0.816846403487599
1494876518.42932 0.864838481231787 -1.37294822317774 0.104857371723131 -0.0629931145213178 -0.165288828906861 -0.555360483784943 0.812579973380717
1494876518.66757 0.650362356683966 -1.50356809616607 0.0866875261257563 -0.0523338355233745 -0.181927800863602 -0.545929434441573 0.81616450882287
1494876518.82642 0.880597802217661 -1.43139246079309 0.119136670652043 -0.0654924669361113 -0.174267596345699 -0.567397773833093 0.802123006412055
1494876519.30362 0.909395270643385 -1.49486797700962 0.143210743561954 -0.0725521474419077 -0.181318631674663 -0.573350583209884 0.795693947425661
1494876519.54232 0.699524307924795 -1.61371040589288 0.12700670859504 -0.063710596830627 -0.196365032562388 -0.560640857700267 0.801912445616598
1494876519.70353 0.930740603092178 -1.54784993413384 0.164128366318994 -0.0721554575711517 -0.189211329815134 -0.577915512094806 0.79057342038563
1494876519.94228 0.712061504250054 -1.66356795123544 0.146715726506994 -0.0611808286808829 -0.203569810804363 -0.569197246631828 0.794248538353813
1494876520.97878 0.78028065250651 -1.80624582781776 0.208594060880828 -0.076004647935005 -0.217091232613754 -0.562488714046455 0.794166950146069
1494876521.29695 1.02371946920627 -1.76825248539935 0.253952227418293 -0.0854252462800656 -0.211157922309347 -0.579099782993462 0.782788802940272
1494876521.53562 0.805924525500068 -1.89300971329046 0.230622510443896 -0.0740983170706866 -0.227087015484237 -0.565361143867035 0.789498392481289
1494876521.77432 1.04466099800119 -1.85240442097632 0.277187197986575 -0.0813980598821804 -0.216191969432591 -0.583502985197426 0.778562562671566
1494876522.01304 0.83352880038843 -1.97147746300374 0.260198232723602 -0.0716266415850683 -0.214675030075616 -0.569479628800455 0.790238708225559
1494876522.41291 1.08750407197669 -1.95214915294679 0.31028615098353 -0.082595803119466 -0.203219410027417 -0.584319564279201 0.781313292491221
1494876522.65166 0.874439321262195 -2.07068198430101 0.298316706460766 -0.0699971865021285 -0.209709786136185 -0.567707997126776 0.792987917561316
1494876523.12914 0.888656858842858 -2.13962025772938 0.312520977535516 -0.0629516826138689 -0.220584244946979 -0.568912720357454 0.789758191519507
1494876523.60861 0.904311957547615 -2.20952436695638 0.324440458891338 -0.0567781907689531 -0.22658848684128 -0.568279035040136 0.788982155018263
1494876523.84733 1.14482968739734 -2.16326482134354 0.36742132250392 -0.0715174897859442 -0.218359583552521 -0.586526994248167 0.776653356054969
1494876524.88338 1.21608085382838 -2.29648633261872 0.388600394022355 -0.0974497078848633 -0.199549480897699 -0.585938883135982 0.779332530992849
1494876525.12175 1.0014939934156 -2.40691917130471 0.372552226081261 -0.0871037156945506 -0.20399534443086 -0.56997282174908 0.791157274218948
1494876525.3601 1.23873998042354 -2.35757548505539 0.403352272248239 -0.0932894913864748 -0.191247937112697 -0.585081615905475 0.782560419139747
1494876525.91625 1.25552308992719 -2.41961894449003 0.427402774111891 -0.0836976069526252 -0.184520572485456 -0.579326353992067 0.789511148761086
1494876526.31605 1.26584842295911 -2.45510368095486 0.441072905734877 -0.0832714935931633 -0.165645497531179 -0.584991726992337 0.78956451058839
1494876526.55453 1.04241533747799 -2.56060915252253 0.437392065927306 -0.0688882666231202 -0.168882185048841 -0.569119373948426 0.801770765500195
1494876527.03163 1.27932270575341 -2.52671107337517 0.4778808133595 -0.0766667299594752 -0.15327462052084 -0.579165556671356 0.796992076946076
1494876528.22631 1.35518909836821 -2.64719557408871 0.496837769356185 -0.0840002661855748 -0.161577769900684 -0.548602139147401 0.816009976657957
1494876528.46483 1.15338396045605 -2.77504905114744 0.484424701165859 -0.0754129756155194 -0.166017717333937 -0.534004023958161 0.825585071907166
1494876528.86441 1.38615649505291 -2.71795944580678 0.495226361171905 -0.0830077680378281 -0.166625710367478 -0.545417293583915 0.81723042556996
1494876529.10295 1.17157672923606 -2.84725813285514 0.484867786370066 -0.0684579650546738 -0.181006700543518 -0.530119750967932 0.825544147173273
1494876529.34148 1.38727345946375 -2.77550991849822 0.506588218579643 -0.0809376490605453 -0.187494976365513 -0.538229727984767 0.817681784218922
1494876529.58001 1.1696315225441 -2.90494787313145 0.492647651029853 -0.0666663870845243 -0.200455895235636 -0.528351502040672 0.822324586224424
1494876529.73904 1.38676087607662 -2.81558885683758 0.516152233058012 -0.0774184707891024 -0.196142814396465 -0.546135781296107 0.810721958908941
1494876529.97961 1.16359365681303 -2.93777304077787 0.491227394734774 -0.063707895303893 -0.21008424064435 -0.532251759705797 0.817627047080969
1494876530.45672 1.16035449790495 -2.9874670673381 0.484573783253056 -0.0642666437886985 -0.218711278402199 -0.529668279780723 0.816998590273795
1494876531.01327 1.38480989200809 -2.93430827792334 0.526876486823764 -0.073708700223261 -0.216435843518532 -0.540230938581268 0.809859923492433
1494876531.49238 1.39237389068405 -2.98106530509281 0.548174155330881 -0.0857301073478956 -0.215065574401422 -0.545712367814157 0.805354064088535
1494876531.73099 1.17008398747784 -3.10555855531674 0.536923494645727 -0.076669237690918 -0.222144294669892 -0.531626017873232 0.81372447755809
1494876531.96953 1.38311654874537 -3.02462229651795 0.568569023386104 -0.0882865572167931 -0.218248660292308 -0.546805288742029 0.803478059331376
1494876532.20813 1.16094737360136 -3.14586871315766 0.55067397972185 -0.0797932982541903 -0.220940362961276 -0.533055474109445 0.812816249228348
1494876532.68723 1.16996119680159 -3.19188084105136 0.569992777468861 -0.0945555251730475 -0.213636193723415 -0.536756062817344 0.810747658855004
1494876533.08483 1.16879333279458 -3.23664810436292 0.590124005306398 -0.103191021429311 -0.208481041070226 -0.548056103011322 0.803443703368269
1494876534.35963 1.41026413334701 -3.29725059695563 0.643331595580092 -0.117124226955559 -0.231547898711654 -0.543985816388324 0.797964239272887
1494876534.99808 1.18005149204034 -3.47508418686277 0.641068615034026 -0.111655415931366 -0.246618806235519 -0.523662571711797 0.807768377328412
1494876535.47544 1.41246373277906 -3.4242467694391 0.675781220494314 -0.120049936657885 -0.238754611782902 -0.523333844918767 0.809139014231253
1494876536.11188 1.43212627396561 -3.50221894694654 0.682971426742481 -0.138899858869033 -0.224830134038227 -0.522259647649586 0.810803989876219
1494876536.75045 1.22284624521156 -3.68801185555174 0.692358887319818 -0.0956341104895735 -0.242404402231406 -0.488383997738368 0.832811684213315
1494876537.4688 1.45953628530946 -3.64756553172688 0.712809319089279 -0.11233601037836 -0.236384471914234 -0.496294588906928 0.827764877703538
1494876537.70752 1.2469241168495 -3.78767276427909 0.69323637494426 -0.0892689955281095 -0.243751214106417 -0.488021763362586 0.8333373617347
1494876537.86669 1.44591983973026 -3.6796197199469 0.717361561248967 -0.0811274148166866 -0.244199830465105 -0.504928953501612 0.823912341702375
1494876538.10542 1.22950992349583 -3.82567003560953 0.691309606260209 -0.0401322830825437 -0.256452479846484 -0.489286780503155 0.83259833039675
1494876538.82365 1.46466933343562 -3.75898829177297 0.766355090443716 -0.0914968819264951 -0.224710461312316 -0.509054284722756 0.825831262370035
1494876540.01927 1.45688868046353 -3.8561739342864 0.812751545635999 -0.103686732680348 -0.229680713428666 -0.493800859965976 0.83225990626101
1494876540.65565 1.24906113666186 -4.0352208323296 0.830155511947777 -0.0881728161833695 -0.230921012158523 -0.47513392843453 0.844481378480174
1494876541.13282 1.45100365136521 -3.94267554949901 0.859535050317272 -0.0897593528968362 -0.234839117149744 -0.483647220548415 0.838378925789175
1494876541.93031 1.45535916820493 -4.00845479350156 0.891055165002378 -0.0815705561487948 -0.219457483822616 -0.476264508216137 0.84755931055308
1494876542.40768 1.26213895099847 -4.17726656500819 0.893783907844363 -0.0774415423723681 -0.223499769518757 -0.458157740486202 0.856820957547174
1494876542.96661 1.47048974153477 -4.08239400985651 0.93888423298931 -0.0900816449739684 -0.205793505918159 -0.471185577342512 0.85294694523918
1494876543.28485 1.28484536788643 -4.23755177532499 0.941998380724534 -0.0862931602268247 -0.209721419858238 -0.458349396801963 0.859352229834435
1494876543.84383 1.4898780328399 -4.13807422860191 0.9772573017991 -0.093920866695288 -0.19812309042542 -0.471598419230302 0.854120045629838
1494876544.95755 1.49740927601903 -4.18904583358101 1.05175126099788 -0.0915015850012708 -0.195051004721913 -0.466561641374655 0.857847777769905
1494876545.75519 1.50492860488302 -4.2335353363377 1.10392931637433 -0.0930969632576508 -0.192964181476887 -0.472530357199716 0.854875927343621
1494876545.99389 1.31364506625153 -4.38367194385277 1.10291803047704 -0.086591554300243 -0.20309809160847 -0.453030040867057 0.86372267418442
1494876546.47338 1.53089064645348 -4.27893051675113 1.12450015591889 -0.0950560676986454 -0.178463884702972 -0.473289704639889 0.857386640238831
1494876546.71212 1.32704824286035 -4.43031077605152 1.13288914657765 -0.0922138285243716 -0.168674789620283 -0.463983949840583 0.864733674251899
1494876546.95083 1.53221100760087 -4.31263094522514 1.13584982778265 -0.109401219451281 -0.149835936234197 -0.482259620391162 0.856157832098332
1494876547.42825 1.5368138849791 -4.33637240835167 1.14827069349687 -0.114006816288065 -0.155185732231009 -0.471207397850328 0.860745858015394
1494876547.82816 1.36870542611542 -4.50730924794952 1.15914870563967 -0.0974428971527869 -0.160384657567453 -0.457373004579557 0.869247712687665
1494876548.0669 1.57944377208803 -4.39821733611096 1.14696427048968 -0.103307326274276 -0.153500160805383 -0.468981807732136 0.863609501172161
1494876548.30563 1.39369630991113 -4.55898677933562 1.14495600763257 -0.0915127989309429 -0.152219324088673 -0.455966493399406 0.87209474819098
1494876548.62387 1.61063117547495 -4.46028895430484 1.1326130799357 -0.100146020433256 -0.147543093758776 -0.474252208847092 0.862140743734382
1494876548.86253 1.41695657214646 -4.621178099198 1.14498914726067 -0.0856939887501618 -0.153617483698933 -0.464028306496886 0.868179674769661
1494876549.73977 1.64701160529229 -4.55637164658806 1.16664329200821 -0.0942308675276666 -0.155886525281147 -0.473837762822328 0.861567013581668
1494876549.97849 1.448909369923 -4.71257620737203 1.18364170483577 -0.0755665847994799 -0.16474106907612 -0.455991413017873 0.871333409548142
1494876550.45791 1.65374848891262 -4.61032424088193 1.21999892405644 -0.0791043800302924 -0.162554657762115 -0.476618211159924 0.860321783182506
1494876550.77623 1.45327687859386 -4.76260343800875 1.2397862977836 -0.0710543307818068 -0.167210644315696 -0.466311738219239 0.865762815800643
1494876551.33332 1.67141870023215 -4.65920115614191 1.3089764019577 -0.0931309006054547 -0.16540531632835 -0.482959218889529 0.854820518647102
1494876552.21047 1.51065269690147 -4.84276634850043 1.35130368457908 -0.0815775417117879 -0.166012222694897 -0.470447927129657 0.862823158232901
1494876552.76967 1.74719836853603 -4.74817915292732 1.39225373881416 -0.0919289577935667 -0.163529934892503 -0.4811590823309 0.856325273556303
1494876553.72448 1.77517647812287 -4.82512605340018 1.43196231334642 -0.0758325878284042 -0.16839584833385 -0.490309287154841 0.85175646128728
1494876554.44278 1.59022543709574 -5.00237144343472 1.44527883697711 -0.0619281364836016 -0.163540349268593 -0.480056063334551 0.859631109283473
1494876555.95709 1.85569228993899 -4.9618742337091 1.54329591171819 -0.078051725242598 -0.1660584479199 -0.491074249869337 0.851574195654204
1494876556.27539 1.6591814264535 -5.10893749259565 1.54340629521017 -0.0623709813623039 -0.169270770693369 -0.481427110526041 0.857720940657712
1494876557.07331 1.88639490945437 -5.03737384214551 1.59269213652612 -0.0727357681699259 -0.161487645033196 -0.501426494675887 0.846878225304657
1494876557.78963 1.69623403776916 -5.20737899543438 1.59356232784801 -0.0526399469920889 -0.166563538391995 -0.493921519474296 0.851778823509154
1494876558.50787 1.92151577392535 -5.13676434023516 1.62707674460194 -0.0585575505765349 -0.178677983663304 -0.518331382276676 0.83425282684531
1494876558.74662 1.72062979458361 -5.2723897635035 1.60656504326329 -0.051698574488778 -0.178735756882439 -0.510437026975927 0.839544421706733
1494876559.30551 1.96580939889827 -5.20653595161105 1.62875961958044 -0.0745826990907953 -0.186694502059824 -0.525483171691534 0.826710366267244
1494876559.54409 1.77508637902556 -5.34434281592777 1.59943158362807 -0.0703635710521276 -0.204414801511371 -0.505238325393968 0.835462625893214
1494876560.1802 2.03792082215014 -5.30464746988467 1.56935370721874 -0.0862725970068909 -0.197456515894203 -0.516818417041934 0.828532857930588
1494876560.57983 1.8676270393746 -5.46799043944906 1.54036814486787 -0.0936531744259943 -0.203402913586723 -0.500114633486061 0.836505647893005
1494876561.13649 2.12627763151499 -5.43764174482405 1.53077233537169 -0.104684665010062 -0.217595153815419 -0.523375605729701 0.817172842673197
1494876561.45457 1.93097655472427 -5.59665854689667 1.48709905789932 -0.0933488271132878 -0.223009707519978 -0.50465770444584 0.828778182682984
1494876561.85419 2.1659435786416 -5.54027958175113 1.47316950144689 -0.110979977502258 -0.207895240409204 -0.525479900837279 0.817516909276248
1494876562.09281 1.96634898200749 -5.6831557959552 1.46439068465267 -0.095162698611205 -0.21366435967138 -0.509437156322973 0.828109530120407
1494876562.41091 2.1879490345146 -5.60800733713407 1.48058870128935 -0.0898559559054563 -0.217677776306677 -0.512332380201919 0.82586792807015
1494876563.04922 2.01131173577484 -5.80579324962649 1.45415418280508 -0.0855342054978214 -0.216811133452753 -0.501118622902201 0.833400843412591
1494876563.28783 2.24662132283875 -5.71146203764797 1.46122275520188 -0.101655751282393 -0.203741594140926 -0.514316365096196 0.826821720306205
1494876563.60595 2.05632327046025 -5.85933207530396 1.44613706917089 -0.0915827413797903 -0.204819918137743 -0.494779754321413 0.839556076297754
1494876564.08314 2.29597552842426 -5.78160217286736 1.45559894318165 -0.107633466469473 -0.209177389384589 -0.503522763367923 0.83133909625621
1494876564.4829 2.10890672902699 -5.9416042904247 1.45276744358777 -0.0947838469800887 -0.209384956091424 -0.49033752673178 0.840680129604736
1494876565.11949 2.3418280622133 -5.87226676481201 1.46839371362029 -0.108301565302525 -0.207283842517034 -0.507501480839367 0.829304790808539
1494876565.51927 2.14422010109659 -6.01959126796506 1.46230122699612 -0.0944794161863354 -0.210914730660314 -0.489899864776896 0.84058714403599
1494876566.39411 2.37360059288684 -5.95450349593064 1.5160085321338 -0.0913036827046215 -0.201149669524783 -0.512239674333303 0.829947572766681
1494876566.71217 2.16810061640524 -6.08721437091701 1.52162245479732 -0.0763632686156401 -0.211010894717054 -0.494633886819553 0.839631097236312
1494876567.03221 2.3852212336764 -5.98935906448198 1.56463328169324 -0.0839325643695299 -0.205879482496323 -0.508055917271952 0.832134699299401
1494876567.50874 2.39534946857952 -6.01580283051465 1.59354137824962 -0.0934825320510448 -0.202907769028099 -0.518047802517848 0.825660909395342
1494876568.06676 2.19377682074021 -6.1571487661061 1.61852743580962 -0.0836107834343135 -0.208042114624938 -0.506103738487806 0.832818545208965
1494876568.30507 2.41368130898943 -6.05544124458619 1.64282343646057 -0.0994831413840948 -0.202991338576041 -0.520433191191834 0.823436047351033
1494876568.78174 2.43076609074455 -6.08118005586073 1.65569225542373 -0.0937193374905747 -0.205150768353593 -0.515974601126141 0.826377679118166
1494876569.09954 2.23287174099913 -6.21502765362338 1.65466636051187 -0.08846852836544 -0.202869151006731 -0.504512391125472 0.834556578177266
1494876569.33996 2.45230351381889 -6.12070179045183 1.67576354908155 -0.104615937034282 -0.201725998644221 -0.521903992813931 0.82217903099146
1494876569.57824 2.24472670006962 -6.25168571624373 1.67379743711105 -0.0969646338071306 -0.209244275162707 -0.508970950409772 0.829314941780674
1494876569.97543 2.47842264942828 -6.16810143305745 1.69212964090287 -0.102685376957778 -0.205691169905117 -0.524087538708519 0.820048240825074
1494876570.21381 2.27632033957754 -6.29755894932929 1.67933646487029 -0.0901648199388017 -0.210865332654374 -0.511324383278907 0.828223097790587
1494876570.45212 2.50386025170675 -6.21083380709099 1.69638852498022 -0.0992788834125078 -0.203805189502091 -0.528636151113394 0.818016489628508
1494876570.69243 2.29928418126578 -6.34052409153101 1.69038972626846 -0.0875728846671057 -0.208977490482107 -0.520607803754527 0.823180977022791
1494876570.93075 2.52672647090042 -6.25640732410967 1.71955160101176 -0.0954948050436681 -0.205951345276774 -0.538120315640211 0.811721208920518
1494876571.16907 2.32219402583018 -6.37621839484123 1.71416862845189 -0.0890505058532849 -0.207829858136417 -0.524701682504062 0.820710003454999
1494876571.64598 2.57017499003252 -6.30743140033994 1.73617288862726 -0.109009373208626 -0.204052040387524 -0.534677375319424 0.812772929676937
1494876572.44352 2.39073215005126 -6.47321081226677 1.73320944499447 -0.0943799731447166 -0.207194396386134 -0.522266632970153 0.821827521308963
1494876573.0003 2.63154166410603 -6.40744843718311 1.75918518382807 -0.103603367635376 -0.20441300228085 -0.538495277560098 0.810866519401536
1494876573.63871 2.43432167702822 -6.54787160686441 1.75954213754912 -0.0866777089840657 -0.217175306912929 -0.522376294775922 0.820027362597221
1494876574.59535 2.6740002412978 -6.47930663399981 1.80785571619175 -0.0957870082630772 -0.213316422214961 -0.537721895297483 0.810046989937527
1494876575.15241 2.45537271571727 -6.60945374347247 1.8194935141952 -0.0848119157450906 -0.224394445277188 -0.530051799584888 0.813325992178191
1494876575.87052 2.67966146036105 -6.53965070164264 1.86476710329626 -0.0832827906064487 -0.216948988180277 -0.54995843906154 0.802211217915269
1494876576.58711 2.4603329004034 -6.66871107854355 1.8903378512853 -0.0705506704962095 -0.218461203925095 -0.541099828710915 0.809016865436425
1494876578.42195 2.48272703819038 -6.73967996822095 1.93473294833556 -0.0812050194561312 -0.237120472007777 -0.543457321044571 0.801145289377915
1494876579.85679 2.51463032402088 -6.81352097531193 1.91035040304987 -0.0824157372694307 -0.224425351374435 -0.550448921448946 0.799904307218005
1494876580.5733 2.52040895426562 -6.84910311178411 1.89306614583346 -0.0822154503073644 -0.219300879184404 -0.556392490277578 0.797229671300465
1494876583.68242 2.80580489108998 -6.92143575802965 1.99432374913388 -0.0961604992691554 -0.197923245360747 -0.591571847132739 0.775643156698932
1494876583.92116 2.57499955989515 -7.00430438640755 1.98106383213905 -0.080523913840587 -0.207475090791325 -0.585631051116334 0.779426882965124
1494876584.47828 2.81201229995723 -6.95558571513861 2.02957411537877 -0.10970716527523 -0.228120042239426 -0.595648405882363 0.762317893213523
1494876584.71908 2.59861041105982 -7.03879748162508 2.00745067756767 -0.108396405464131 -0.240481918712587 -0.580088086583569 0.770659773037369
1494876585.51501 2.86912329464564 -7.04318164684001 2.04233944703967 -0.121861157944234 -0.220842351186971 -0.609268522730166 0.751778152678469
1494876585.75381 2.64916674275196 -7.12755587757507 2.01701412404391 -0.116993815810873 -0.225327785142539 -0.595390977407627 0.762265982610917
1494876586.2334 2.67698034742431 -7.17341822888259 2.00636829188016 -0.123531879113046 -0.213245878242558 -0.600759349956193 0.760496076002368
1494876587.02917 2.94193059186799 -7.20548395515985 2.03590343057137 -0.115160321752209 -0.215448899882578 -0.616679451823159 0.748349073000128
1494876588.3046 2.93675973821692 -7.31926552018696 2.01937287979418 -0.113384085079449 -0.210323827119198 -0.609695091723823 0.755764408828742
1494876589.1026 2.6979059790743 -7.44953445638776 2.0371355677139 -0.0847213688558343 -0.233404044723818 -0.585553421320935 0.7716683496638
1494876590.21838 2.53754444942178 -7.61795565582732 2.07943535061307 -0.0863876220588303 -0.226352387291854 -0.597609631202241 0.76430655638693
1494876590.85481 2.60725026587791 -7.6820829369011 2.15109137715914 -0.109701400958968 -0.199087227812012 -0.573815312306525 0.78680739296969
1494876591.4137 2.83579671347072 -7.66084424995633 2.21279691549341 -0.110729667951632 -0.212761052278079 -0.554280229182869 0.797022654843375
1494876592.05023 2.73295844134266 -7.8123390996143 2.22232853011824 -0.121079739068902 -0.199000579071631 -0.520958532041273 0.821182490150022
1494876592.84778 2.74100075256948 -7.94031044435821 2.2394851009104 -0.140047704288631 -0.194303153635784 -0.507303159860628 0.827814252671167
1494876593.5656 2.94919900079003 -7.95609002970762 2.25127724874129 -0.164738058575154 -0.19557646875053 -0.507334716517137 0.822935423877346
1494876594.36072 2.83815746548718 -8.10453952568239 2.27942893840786 -0.180059975019733 -0.201614681609678 -0.455251036588086 0.84833744982085
1494876594.59922 2.63695074601482 -8.27645494285375 2.31474282249632 -0.170047827092334 -0.202890491322589 -0.423150125435231 0.866523608619886
1494876594.91934 2.84403055935428 -8.17142439849504 2.28592832482075 -0.181562524051578 -0.200256058618252 -0.429174841242349 0.861824533196321
1494876595.71478 2.64577208825026 -8.42389281584111 2.37059075445739 -0.187729792621156 -0.202586998504993 -0.415605659337325 0.866595624755497
1494876598.50271 2.56396952180035 -8.85539170794998 2.53780480358394 -0.189082467862867 -0.170443208101154 -0.283962901271213 0.924425250335496
1494876600.57472 2.66347706638992 -8.98048289602012 2.52976756546516 -0.24083694881771 -0.141378788649797 -0.163728699051906 0.946151495031028
1494876601.53116 2.67661174330423 -9.0272999909344 2.54496588401147 -0.253297745943757 -0.149716322961948 -0.11569562060448 0.948704395047918
1494876601.61069 2.68627157686811 -9.02670485665364 2.54127858013718 -0.259192437375228 -0.152362937978656 -0.117026605583857 0.946525133482823
1494876602.00838 2.70447876618757 -9.01920082620195 2.52908512757995 -0.272134616634049 -0.159639864818439 -0.117938747172491 0.941567095163097
1494876602.16747 2.69811344450037 -9.02696247845274 2.54297441993605 -0.266136961820938 -0.157133815946704 -0.110514452981073 0.944598820530811
1494876602.32655 2.69614348518217 -9.04662170704832 2.54845073016059 -0.257249856585153 -0.161829423572636 -0.105640010394532 0.946823239904326
1494876602.48767 2.69532745408219 -9.0685856302919 2.53163910417745 -0.260093098444681 -0.185614609639513 -0.101497521199209 0.942123864640476
1494876607.10866 2.91545169671031 -9.74266378905828 2.73666571857171 -0.229812013133435 -0.142798811040805 0.153203217424879 0.950433438108626
1494876611.80945 3.03209295285902 -9.79868005293051 2.7856725835665 -0.199922553233312 -0.0413862057923918 0.166812688624877 0.964619971549392
1494876614.3586 3.03571139465376 -9.60715618380278 2.69541961993749 -0.228299743661668 -0.0614941256086174 0.193372751786273 0.952210422099024
1494876615.71305 3.16777537854686 -9.80418357545 2.82957047121178 -0.235165568871526 -0.0707831027891612 0.203718611571479 0.947726565416253
1494876615.95172 3.09758673165107 -9.61909848789369 2.70743659503265 -0.254428068514643 -0.0999388890582478 0.1717382585759 0.946458956571693
1494876616.59014 3.25300384465184 -9.88756423677018 2.79094787394667 -0.254576353532115 -0.0921670910497003 0.188163379136552 0.944081912876774
1494876619.85646 3.46279806810894 -9.6981553301407 2.79918142919503 -0.188603887148438 -0.0544711347302529 0.124513642798409 0.972603635361557
1494876626.15215 3.48815502386821 -9.75352932626007 2.78093476675175 -0.157547656235638 -0.0594551569762024 0.157317047371787 0.973085390116183
1494876628.54442 3.44670374445838 -9.78357034813861 2.76565355129721 -0.109888104318344 -0.0681289797918123 0.150407419490085 0.980132982983396
1494876634.92299 3.51774702352038 -9.89384968681078 2.87320289247727 -0.107882238498787 -0.0517426651055435 0.181591073110191 0.976068036009122
1494876635.55999 3.60945367640757 -10.1160136698661 2.94503117344698 -0.0919198430732817 -0.044200580900978 0.193201691263203 0.97584330991705
1494876635.72129 3.52760797959665 -9.89055781164069 2.89466201895515 -0.106779273826103 -0.048792624956875 0.179964592650635 0.976642320069547
1494876635.96018 3.61645175120908 -10.1007521696208 2.95161990128329 -0.0861511658759962 -0.0406711541142764 0.197671568319308 0.975627896710027
1494876636.19903 3.50225010460608 -9.90923649362764 2.93568381088269 -0.0872997464597238 -0.0390072472339923 0.181540846206523 0.978723719758371
1494876637.55427 3.60858776142217 -9.87570706448765 2.93139269600406 -0.0873503446811014 -0.0339245954058305 0.194961792372007 0.976324202380279
1494876637.79304 3.71029681804689 -10.1062576033089 2.97378078715822 -0.0694058437324547 -0.0274429867705411 0.21196773623028 0.97442259725939
1494876637.95226 3.61196013273577 -9.89084107778988 2.9414755608532 -0.0816629057510198 -0.032386716923475 0.196745782351424 0.976510817679914
1494876639.5488 3.67352488898554 -9.85481892454514 2.94245759698427 -0.10300112929587 -0.0350401612046686 0.196742712340422 0.974399953373977
1494876640.98414 3.72949993950095 -9.87397168204029 2.96834047103793 -0.107993967099532 -0.0327971285184204 0.200278984126727 0.973216311760118
1494876641.70081 3.82824985394177 -10.0471122558806 3.02181894291859 -0.105218145655804 -0.029427317765565 0.202439755360297 0.973181035657276
1494876642.6584 3.8025578814722 -9.9327111382865 3.00856767205709 -0.101558574476888 -0.0281707547929145 0.2036050100395 0.973363895950114
1494876643.85431 3.74109640332575 -9.66946501368958 2.91672646776717 -0.119501843204529 -0.0417595448182852 0.219649453375227 0.967331162036561
1494876645.52815 3.88556761728535 -9.86033376117178 2.96303669179725 -0.133259213062472 -0.0468326725712674 0.240006579065422 0.960440280724702
1494876646.48545 3.87600033830289 -9.82913724495279 2.93136313216722 -0.187148592284813 -0.062684175228555 0.235739667342606 0.951563406899758
1494876647.44249 3.93089457017847 -9.96219783561295 3.00029952157497 -0.180927017524029 -0.0492883289403757 0.256426824738439 0.948199012040254
1494876650.07321 3.81139548247566 -9.82232047366825 2.95554083142545 -0.306417941972748 -0.048619312605081 0.315617696538591 0.896732784299993
1494876652.78399 3.68171108256684 -9.95090998977728 3.0862022765486 -0.342724338776262 -0.0369831748787568 0.341147153113123 0.874523242593827
1494876655.57369 3.83577924747845 -9.96167960500045 3.16583873170482 -0.299936594973612 0.00251518569489984 0.366804181061802 0.880617064971992
1494876656.05282 3.84457739952858 -9.95110320486568 3.16566765944229 -0.312724982319275 0.00808356836953919 0.378545792967362 0.871114706512272
1494876656.29125 3.7031958459013 -9.81404038406133 3.03569554946662 -0.324476728016329 0.005372611307324 0.371041474665548 0.870065642138179
1494876656.52968 3.96075290748347 -9.99435311641128 3.22625919959095 -0.300005902571358 0.027864280557893 0.389757899266143 0.870234926999834
1494876656.84759 3.81479815935349 -9.84730618161724 3.09265101380362 -0.305725213431558 0.0197600311403462 0.369493348978796 0.877277783618019
1494876657.16554 3.96048480096107 -10.0075005388373 3.22215096635436 -0.273328654510396 0.0259796927391729 0.378346665787359 0.884008094191298
1494876657.40631 3.8138868737113 -9.85054114415457 3.08821446480081 -0.291046345272325 0.0120680061486214 0.355877507166205 0.887973872111188
1494876657.64519 4.01723786713034 -9.95948993994304 3.19239248177411 -0.272039024945316 0.0361976395313186 0.373679204750416 0.886029547845717
1494876658.12253 3.87517591580978 -9.80084626496397 3.06447495055577 -0.290420953160834 0.0270837368278066 0.358046970812455 0.886974924890421
1494876658.3614 4.03637891586815 -9.93095923112094 3.17795796741921 -0.290646853820689 0.0345898566208916 0.367056843665041 0.882948033363893
1494876658.6023 3.83598181696926 -9.81586219651172 3.05784493309666 -0.295865207221736 0.0135690501621911 0.348756287387392 0.889184301238414
1494876658.84118 3.98053287637332 -9.96240393492507 3.17035886967635 -0.27932886361434 0.0175413440748368 0.355446680201891 0.891810155051427
1494876659.1596 3.84715643618331 -9.79839706414922 3.03478416561718 -0.309060115959718 0.00488033215907685 0.33454457249113 0.890246014102539
1494876659.3984 4.0285251913233 -9.88866992269395 3.15934698270491 -0.332281368460252 0.0154574301754038 0.335910949765119 0.881200318754979
1494876659.63715 3.91510615001296 -9.72924820771657 2.99780452990118 -0.365148342639897 0.0016800021944606 0.313635255785663 0.876525413958987
1494876659.87789 4.06714012915041 -9.84785034799951 3.13348172387532 -0.348306508138694 0.0106497081728482 0.317502604603629 0.881907741259482
1494876660.27569 3.94269941242617 -9.72236003707392 2.99889829508727 -0.333113224843321 0.00410077750693177 0.308391562544759 0.891018191024893
1494876660.51439 4.09319132589518 -9.87393199419221 3.13271908026267 -0.304574749215358 0.0161421695033784 0.327040566177581 0.894437325080858
1494876660.91222 3.96748202770649 -9.73631067413549 3.00013495594921 -0.299005241431856 0.00471463037897793 0.317934058782216 0.899717501025006
1494876661.15298 4.130292409609 -9.88480984641931 3.12012935899913 -0.280193362536219 0.0136826867349197 0.330094259830285 0.901300311339614
1494876661.71002 4.0063508658351 -9.74732716334251 3.00883572676043 -0.284265076339925 0.00731377623668342 0.329749692534513 0.900224985685111
1494876661.86915 4.16129342807669 -9.90880840323794 3.12864920771194 -0.265835136612947 0.016149930401325 0.347329764128035 0.899128968925036
1494876662.18743 4.01221779899025 -9.78127260906596 3.02282358034838 -0.267888835053257 0.00471375248658631 0.342919552472018 0.900344124572068
1494876662.4282 4.17523437902843 -9.93277419608785 3.13320901122642 -0.248605178329087 0.0141708175180592 0.355999664783351 0.900699117259699
1494876662.66693 4.03500823063898 -9.7779494503668 3.0240837077067 -0.252888364608124 0.00187187230370225 0.339369599426237 0.906020008417547
1494876662.90564 4.20888182253609 -9.92876729853418 3.12153196758664 -0.226452209427923 0.0100756528262711 0.347664787416376 0.909806068113139
1494876663.22395 4.08316294160967 -9.75970902985274 3.01605870161183 -0.232664304720671 -0.00277262444702561 0.325539988045999 0.916451504212461
1494876663.46268 4.24853175755782 -9.92086513600695 3.10505037492472 -0.205603268925425 0.00396063525171347 0.332255120548923 0.920498860381712
1494876663.86259 4.13319600028865 -9.7386436422883 3.00860669404022 -0.211703025824167 -0.00586891213608776 0.311937658055933 0.926197760600596
1494876664.41967 4.30973682771689 -9.90073999651582 3.09571156801447 -0.196817591023346 0.0023126628148587 0.320245839926526 0.926660723988911
1494876665.21768 4.34448478999585 -9.8952199345693 3.09456741986812 -0.19313255321433 -0.00179888256227945 0.311649414099072 0.930360807171913
1494876665.61558 4.33545812795597 -9.93112212523264 3.06557736262943 -0.143110555422997 -0.0106553612309677 0.299728620571837 0.943169440839285
1494876666.01354 4.39377079847636 -9.84893036451987 3.05507720782693 -0.179152711398045 -0.00849809450401429 0.280107465225418 0.943065164361905
1494876666.81145 4.2955543917906 -9.64253716196954 2.93710198685362 -0.184398831158811 -0.0321604406900563 0.23500281294465 0.953801061310867
1494876667.6889 4.37918416933201 -9.5872835062254 2.93832955115266 -0.148070748133876 -0.0151277246724203 0.231364511990752 0.961413895058907
1494876668.4848 4.55944647612752 -9.74238594578974 2.98152602382474 -0.108064073858972 0.00081279056635794 0.226832017855468 0.967919799832373
1494876671.43675 4.64517573568507 -9.72244960788504 2.96552687711971 -0.174571045369255 0.0130784914019196 0.258160483402088 0.950108981070257
1494876673.1908 4.72432772985694 -9.64737132625843 2.97738172865563 -0.227183156519549 0.0392912570581694 0.261498915769008 0.937263215688988
1494876674.46652 4.63841100938277 -9.44428956399085 2.84980191154079 -0.254517075929555 0.0349599467438213 0.255493338801352 0.93205258625242
1494876675.58267 4.69840428006941 -9.39320813221702 2.83988793677662 -0.259970859347857 0.0420242708187244 0.233290905646751 0.936068627731086
1494876677.01724 4.76795547715951 -9.37610690357275 2.83047058380576 -0.248931033684978 0.0436261999364528 0.235382906680681 0.938469494399224
1494876678.13402 4.82485630426277 -9.33687106604544 2.82597441818764 -0.279540048792681 0.0522750701851563 0.220868849294794 0.932921025112557
1494876679.25079 4.99134773191623 -9.51649721607344 2.90924053013832 -0.240109814539644 0.0538780823915612 0.226454094478802 0.942423991742973
1494876680.84528 4.99032042717101 -9.30410923040818 2.76072238939866 -0.247984154971975 0.0419252871261759 0.203275379609289 0.946269125965056
1494876682.67917 5.20690404750441 -9.47045361755956 2.81741179989535 -0.270321221506058 0.0513284401410518 0.218335254957133 0.936280701925651
1494876685.94965 5.36226928648483 -9.37026520153299 2.76381368819919 -0.290278259441477 0.0621904090695818 0.230235994861393 0.926748228865314
1494876687.54285 5.40510975370351 -9.13111309112204 2.59296974146977 -0.327791656710225 0.0723263331411678 0.203774791005349 0.919672428315644
1494876689.45543 5.66228999774101 -9.31539951603381 2.66065512628738 -0.276065946444223 0.0662134854698365 0.196053627018022 0.938598077351694
1494876691.12735 5.6673943112943 -9.11471922363088 2.49741604404688 -0.297755677786349 0.0506911835972509 0.168827048355886 0.938226730339042
1494876693.1203 5.80435007210302 -9.09852042351001 2.45262111291859 -0.288950125097474 0.0505293514739082 0.163447023315532 0.941934015705358
1494876695.1915 5.91976755697437 -9.12568887148864 2.43729563356694 -0.260069689524856 0.0385781877942691 0.161457887627998 0.951213351497659
1494876697.34379 6.04488218065939 -9.11793832716896 2.38271468621863 -0.24543997870297 0.0312228193340894 0.156654708497797 0.956160898719633
1494876700.36978 6.15916700701121 -9.21739019319165 2.41755498474606 -0.236455158116331 0.0270956432515678 0.151192114732203 0.95942469130595
1494876702.28365 6.31539633088981 -9.42503137975001 2.47518783709579 -0.204175130390151 0.0231710899764956 0.154644409998188 0.966364698804341
1494876704.275 6.45662213014347 -9.37301143190419 2.47128147285961 -0.252522994560312 0.0495367940973047 0.166788740554393 0.95181918828765
1494876706.50698 6.42989744319032 -9.18204606121314 2.34055798892736 -0.243840979838361 0.0383657306604555 0.158466989981702 0.956011438151367
1494876708.81845 6.5186179190087 -9.13593359767625 2.30371036990762 -0.240986724427151 0.0356445663103966 0.141501200374594 0.959495848538552
1494876710.97004 6.59698289854467 -9.09622891454313 2.28991027223449 -0.221806041147401 0.0272127016351689 0.117031159581864 0.96765968511399
1494876712.72185 6.75445091817349 -9.26837297427139 2.37818093462757 -0.221495799946545 0.0412684953954346 0.119021046241768 0.966990444815655
1494876714.87338 6.89837816292413 -9.27312190294036 2.35532484935239 -0.201211469897423 0.0299815579635568 0.121302499482583 0.971545553282244
1494876717.1023 7.03176283378976 -9.06170926877365 2.24601913190071 -0.188646272213759 0.00961461004970204 0.10479358727244 0.97639052476341
1494876719.57296 7.28998049967288 -9.2591254177939 2.36622986641866 -0.171425137569387 0.0305068915112174 0.109551292799951 0.978611911814344
1494876721.96439 7.41751104733879 -9.02165736722348 2.27932320942429 -0.204977611613179 0.0395506425575331 0.0879013074222195 0.974008878343445
1494876724.27553 7.57974046597885 -9.02442222266709 2.26529986912334 -0.187105150534374 0.042651461988461 0.0605465708626034 0.979544096872767
1494876726.34793 7.73737807205442 -9.29873611023351 2.28726358683623 -0.158177874184401 0.0269512724742995 0.0901207883460527 0.982919956282216
1494876729.05771 7.92722666336644 -9.07372942743013 2.19502256251437 -0.162378961708636 0.0303475636084506 0.0784466436360824 0.983136934413227
1494876732.0056 8.18313245821726 -9.06487051605782 2.21054972436686 -0.155157159562324 0.0446215040955233 0.0747852593335249 0.984043876929769
1494876734.39653 8.32715323911041 -9.06063466464886 2.14823715212678 -0.172828497646232 0.0428012527620133 0.060799739964618 0.982141417674325
1494876737.18384 8.57067997905383 -9.1186923650984 2.0683038373471 -0.15336023530984 0.0262533326272514 0.0380468807006292 0.987088570062674
1494876739.81342 8.80797728208577 -9.20300571945718 2.04005399871231 -0.134685903153728 0.0268243041884784 0.0498840904605561 0.989268290830723
1494876742.92177 9.1301376444454 -9.53754219227724 2.0242739826971 -0.0779024359876035 0.020505977563694 0.111348858192916 0.99051105751017
1494876745.86952 9.37738520806712 -9.56765142587415 1.92611928516808 -0.0584159459711567 -0.0157466962552206 0.118098554392226 0.991157080478788
1494876748.97578 9.52300312847174 -9.33213505079446 1.90701831431759 -0.133399958866055 0.000353137007509191 0.0934581846008711 0.986645784224332
1494876751.84519 9.73992652672195 -9.3490535185721 1.85479529921649 -0.133233032775873 0.0106300462515479 0.115856538628394 0.984232306459623
1494876755.03113 10.0770876833128 -9.61889847227206 1.86292253842319 -0.103117356051945 -0.00563099963090194 0.120324659392947 0.987348513436573
1494876758.05992 10.2948908238278 -9.36878913799405 1.81006247758413 -0.0863855129759584 -0.0450251013343257 0.0705760354169123 0.992738291872684
1494876761.16596 10.6665084402377 -9.62866302741619 1.87481333844065 -0.0691932009944699 -0.0480130382374068 0.0719582207825239 0.993845597402631
1494876764.59324 11.0686483820736 -9.67875567448472 1.94049232090726 -0.0697055376851355 -0.0463315770284297 0.0857725392708599 0.992792829553347
1494876767.93854 11.4229994096163 -9.74462042713841 1.9504957644445 -0.0678956181204901 -0.0334266198417381 0.118344310677958 0.990084581324029
1494876770.01179 11.6534957569134 -9.83162048734423 2.00038704569077 -0.0415355544956367 -0.0187798952216568 0.129391130802862 0.990545332853165
1494876774.55337 12.0850931698837 -9.70400634940401 2.11665221228852 -0.124770910332389 0.0342778367241888 0.25687245104904 0.957744122020148
1494876777.34448 12.4333293553777 -9.79275736919203 2.1619700722098 -0.120565183547075 0.0183629055482083 0.323158532881096 0.938453734805278
1494876780.37233 12.8841412505579 -9.93263462964076 2.14935853577745 -0.137099200415103 0.0231421012580458 0.4253807700016 0.894270351982831
1494876781.09072 13.1822254504929 -10.1246411412812 2.18110991954688 -0.100644449386669 0.0529998165729672 0.441060362048024 0.890240124461024
1494876784.11898 13.4107642145146 -10.014322003296 2.01565218750163 -0.111230904224917 0.0316654356710401 0.428512481571909 0.896103815857239
1494876787.38751 13.991528499324 -10.0846865283135 2.03824806599387 -0.077107319775932 0.0714631479992026 0.572682626503045 0.813008054656297
1494876792.00865 14.19216840874 -9.85381342534364 1.85769321550587 -0.0891726499007747 0.047693169424566 0.669716296003477 0.735699457995617
1494876795.35628 14.753196737444 -9.64500446247806 1.78422978135005 -0.0824271901715883 0.0640697253904245 0.736072211996582 0.668803809240572
1494876800.37383 15.1687833095623 -9.26284520381712 1.69780441979952 -0.0701666406968199 0.0697462540053624 0.781169337153414 0.616430512869265
1494876806.26213 15.5250843832963 -8.7498913384597 1.56886860408134 -0.0628425849792302 0.0226807044704482 0.851178704515408 0.520606584722813
1494876810.32471 15.7144765746788 -8.23702406208196 1.48534875631471 -0.0414453451359391 0.00170843704971774 0.892308657183632 0.4495159984294
1494876814.62654 15.7947406426976 -7.50502591682354 1.49155977552395 -0.0224601895548165 0.0182456837609079 0.959290159367828 0.2809359944342
1494876817.73292 15.73441118355 -7.10065958054652 1.50916421583802 -0.0257644638236015 0.018513518862416 0.981499498038563 0.188817862747913
1494876819.64624 15.6606451062059 -6.85488887644295 1.55136251044757 -0.0602535180973664 -0.0121103474596898 0.992412960891035 0.106486506263524
1494876822.27713 15.5541951018618 -6.79891241028458 1.6077822910682 -0.0345751351137057 -0.00193484305445679 0.9973336938426 0.0642365088422982
1494876822.75469 15.5728321523777 -6.50013484140476 1.63195746764051 -0.0337248564646497 0.00851691557576284 0.997270393413626 0.0651296134302439
1494876826.42206 15.3830061616762 -6.36037178946935 1.57882864488375 -0.0123719059123934 -0.00459021933642734 0.998428678556344 0.0544614468639907
1494876833.67295 14.8407132257499 -5.88397462191818 1.44186295481978 0.0325954170498875 0.0103479484476999 0.965379239242082 -0.258598903165491
1494876842.03958 14.4176648115082 -5.89566867183072 1.37909054897413 -0.0230817890337177 -0.00104535586628179 0.882160925250031 -0.470380962344218
1494876848.49162 14.2945964951279 -5.38763712516884 1.61578873355302 -0.0177887333153637 0.020784449499648 0.889561784489089 -0.455994963921802
1494876855.02859 14.0765729327653 -5.3069169231857 1.27911574252807 0.0165623537928848 0.0343659088840245 0.961192659378026 -0.273227656397808
1494876860.76569 13.7108910762699 -5.46104279101188 1.24804183445116 0.003877946169734 0.053284550303682 0.997314687063795 -0.0500913438333655
1494876862.19973 13.5557416463684 -5.20969224852626 1.25165385063511 0.0189815142889938 0.0753383716427178 0.996435783749884 -0.0328567901004098
1494876862.35886 13.5545175820182 -5.44558357611044 1.2852485862013 0.0182727805629029 0.0617752576047739 0.997864395253116 -0.0107972798540513
1494876862.75871 13.520220340077 -5.43474993125273 1.29341683691659 0.0147361932496132 0.0597638508787384 0.99804179191375 0.0111228529611332
1494876862.99736 13.503313540522 -5.18782657334921 1.25983629208329 0.0237658557197624 0.0822820321074811 0.996314177335143 0.00478740583138454
1494876863.15647 13.4862395873249 -5.42288477396276 1.29487744004082 0.0287374512294102 0.0659790503912202 0.997113703421206 0.0241908202363295
1494876863.39516 13.4716962241649 -5.18623513617437 1.2645722825038 0.0314558688969279 0.082902474394883 0.995926431407379 0.0163786200497452
1494876863.63389 13.4462346931918 -5.42588255000752 1.30286647009436 0.0281816046926235 0.0735267352651889 0.996168689221588 0.0380469249806688
1494876863.87466 13.4410929532998 -5.18011132367112 1.24678249858549 0.0301450222233854 0.0900260119852596 0.994981091933286 0.0316105902484265
1494876864.27249 13.3914039808119 -5.40786057708724 1.27237612183196 0.0204832476293931 0.0795271983491075 0.994985885150572 0.0570872942796957
1494876864.51119 13.3713598001335 -5.40417353958784 1.26186341065868 0.0193593507205578 0.0832753253041836 0.994298920871568 0.0637189235356753
1494876864.7499 13.3503679622838 -5.41395009488791 1.25309303353219 0.0219788538231721 0.0855771701176469 0.993526759551984 0.0714007389398577
1494876865.22941 13.3168862322709 -5.17653477236409 1.19090540551903 0.0372308886113419 0.0994015597657132 0.993098855845041 0.0498784651733739
1494876865.46812 13.2626043885964 -5.41752831954321 1.2197860862301 0.0343791559050044 0.0829451641750041 0.994158498158261 0.0598920983661529
1494876865.62725 13.2475197229578 -5.41922973772177 1.2181718390681 0.0292272389916996 0.0819471385465159 0.99494886518021 0.0500719501250124
1494876865.86601 13.2390221106297 -5.18423738622207 1.15657135459006 0.0270943846604486 0.0999494646857251 0.994221640236982 0.0282725455666975
1494876866.10468 13.1999787593165 -5.4272154215204 1.18752630049192 0.023375367682572 0.0822441917093749 0.995631409144089 0.0375178859916256
1494876866.42479 13.1788663172676 -5.18620646209198 1.12546031823562 0.0260336309914917 0.0916775608008997 0.995182306217451 0.0230143480059404
1494876866.90186 13.126391070722 -5.18885332244295 1.09949874339851 0.0294980419245953 0.0953984526227487 0.994692731370635 0.0248068304636672
1494876867.538 13.0641980006705 -5.1868553628711 1.06166769276162 0.0398648669964483 0.0905195959545528 0.994979431148646 0.0152621963728821
1494876868.33522 12.985871569759 -5.18831754964632 1.01856114865698 0.0386054277568092 0.0903424888568682 0.995031635531089 0.0161216583084148
1494876868.65343 12.9438332626799 -5.41790621743547 1.03692618913972 0.04327888714525 0.0868241659037693 0.994772117162928 0.0318895999585883
1494876870.32806 12.7926129714039 -5.14802696880141 0.891468428192773 0.0532276743590668 0.0884529641068018 0.994026814764383 0.0354060343987689
1494876870.64622 12.747968124003 -5.37750091863763 0.910160676554387 0.0526909123910895 0.0711457956452858 0.994780568258318 0.0507304056439614
1494876871.44167 12.6840810707295 -5.12287731620057 0.839121978046089 0.0591299574646157 0.081441346646051 0.994178887991904 0.0384616923355886
1494876871.68231 12.6432391738539 -5.35908066024097 0.873361193693457 0.0565017462728748 0.0631134935192148 0.994745255712488 0.0574989162433671
1494876872.15953 12.621903162746 -5.11077397530644 0.838941590482354 0.0519301084707083 0.0764126603641341 0.994807376341275 0.0426926348063939
1494876872.6368 12.5786694473017 -5.10663559986337 0.841071687791388 0.0504680157882739 0.0807296831230547 0.994018730780008 0.0535020412991305
1494876872.79793 12.5609925048646 -5.09786562265434 0.842156423640239 0.0527338012416753 0.0795541085823241 0.993831874008597 0.0564668410508495
1494876872.95706 12.5459951780341 -5.09712243050457 0.845687306963465 0.0527711029986331 0.0751591382514051 0.993900114482215 0.0610645967585131
1494876873.11612 12.533128677521 -5.0963004663149 0.85369625525495 0.0516121980723983 0.0722524384413501 0.994142124145097 0.061621578919593
1494876873.19568 12.497045687267 -5.32997763929953 0.891307885341838 0.0500030965256028 0.0559027208747496 0.994345684737349 0.0751748677914852
1494876873.27525 12.5156238566853 -5.09535793888912 0.862742999011949 0.0506959868086187 0.0707945511315382 0.994463075410181 0.0588325740981765
1494876873.35478 12.4782207244987 -5.33270546887225 0.89906835983434 0.0500405712800011 0.0555777766111438 0.994601558575136 0.0719363111251909
1494876873.83205 12.4308180063652 -5.31252941961135 0.897222182716351 0.0466687119299421 0.0549060415915849 0.996152812379947 0.0498692474257794
1494876873.91157 12.436315815572 -5.07079093479916 0.869610117781876 0.0457062295470096 0.0707256459415233 0.995966747135697 0.0309689848968953
1494876873.99107 12.4291485478522 -5.0697474514729 0.865033460167406 0.0474093726717232 0.0717269005087312 0.995866889386825 0.02927028644754
1494876874.07265 12.4196729627763 -5.06392231159489 0.862199686344815 0.0487603379497627 0.0723338763963977 0.995823203905228 0.0269517022068794
1494876874.1522 12.397240459887 -5.30100069229792 0.896432746425975 0.0480170015689503 0.0572022144146417 0.99633651746566 0.0416632658170114
1494876874.31128 12.3949516412104 -5.05583009339846 0.858860938003339 0.0480148503703771 0.0743865054678611 0.995742167533054 0.025666430686647
1494876874.5499 12.3687250882891 -5.05752666626264 0.857505243446042 0.0461531182629164 0.070136035422852 0.996099784332114 0.027130311143028
1494876874.62943 12.3606387685292 -5.05329235067605 0.858893810236779 0.0427792615954019 0.0685657228301637 0.996375644141353 0.0265378995299016
1494876874.70896 12.3549970810806 -5.05051538932405 0.862365488746942 0.0399763263443726 0.0667796480693212 0.996607065290398 0.0267719492834022
1494876874.78847 12.3447386377729 -5.04449128371036 0.859116649087192 0.0401337528216723 0.066284713985083 0.996670228251684 0.0253787827234975
1494876875.02707 12.319726065306 -5.0407784943945 0.853221072151663 0.0447741382736416 0.0695999439898833 0.996332547358552 0.0217390738511194
1494876875.58584 12.2564499157107 -5.02677027683231 0.8417167973382 0.0536439000134269 0.0720536211664493 0.995847776136058 0.0147590742213984
1494876876.14261 12.1956487900585 -4.99995303964498 0.828535560583168 0.0570488284869544 0.0705403289732432 0.995753980600283 0.0156048452325065
1494876876.38122 12.1673212735199 -4.99478046631221 0.825552957525433 0.0561990186820813 0.0649646698640107 0.996140193201562 0.0180550651179499
1494876876.54029 12.1510731145845 -4.98723808506491 0.828293609978443 0.0508514414660086 0.0587646464788244 0.996807779692478 0.0183058867315382
1494876879.01014 11.8881403857904 -4.90102982635929 0.85356401124157 0.0431444420863641 0.0485077904147664 0.997859504717783 0.00787198513339479
1494876879.251 11.8645650891005 -4.8918080176524 0.852552053362246 0.0412774813240227 0.0470264721361525 0.997994348172381 0.00959006722517924
1494876880.68598 11.7148612964644 -5.09695227164407 0.863700408551778 0.0438457482497905 0.0329020075108666 0.998411405329327 0.0130262618673815
1494876881.48216 11.6314593727084 -4.83029991767345 0.862184396910913 0.0364693831883377 0.0477057270477317 0.998189065190701 -0.00357011902482601
1494876881.88228 11.5952504493035 -5.05812371128652 0.889182955160659 0.0391485894516927 0.0355815777200466 0.998557364039992 0.00919453751671384
1494876882.59881 11.5199131744475 -4.79176768407667 0.890926494048388 0.0282501182570369 0.0378960755672006 0.998880320145416 0.00198298277530665
1494876882.75797 11.5034693400525 -5.02854614050047 0.917018314018348 0.0264505433463225 0.0229069889065731 0.999187089482398 0.0200201986843924
1494876883.15794 11.4596249586721 -5.00419648570386 0.934157921741589 0.032873361442217 0.0322585427323361 0.998686320503154 0.0224582122150385
1494876883.39674 11.4398984619182 -4.75308657533379 0.921596154533732 0.0363993848996343 0.0461634837129545 0.998205955624118 0.0113532209694395
1494876883.55596 11.418724284077 -4.98776917482708 0.953145023663209 0.0347359497098177 0.0286290168440915 0.998463616017077 0.0323142415994838
1494876884.43343 11.3185575377454 -4.94600560651998 0.986285932305444 0.039648531534875 0.0195934080557222 0.998614471172659 0.0285173596286405
1494876884.67223 11.289658614343 -4.94189982813427 0.989135552985416 0.0417267439138298 0.0231193051338908 0.998437708074594 0.0290951747713767
1494876884.91101 11.2633810126801 -4.93133318045462 0.997980851233952 0.0374724600363568 0.0242130845713711 0.998512839074471 0.0313314698913369
1494876885.1498 11.2356850686747 -4.91619189124019 1.00420098596861 0.0377890245209907 0.0315137963336008 0.998171335193944 0.0351121829467265
1494876885.30895 11.2166022075657 -4.90461969091596 1.00711162459365 0.0422619369915936 0.0339289061832124 0.997789092099696 0.0384668067500198
1494876885.54975 11.1791732915007 -4.90608888006587 1.01127007619773 0.0450969190835108 0.0328735660789975 0.997464835431118 0.044153234859375
1494876885.9477 11.1197698066227 -4.89951069435836 1.02400241021681 0.046635716888943 0.0302734878045485 0.997387903332452 0.0461086289131051
1494876886.10694 11.1000217738467 -4.89492633225332 1.03174657787282 0.0436436398707748 0.0281679461957647 0.99748274540552 0.0482698834881475
1494876886.42526 11.0811917185479 -4.64061953642678 1.01940711946548 0.044640594428777 0.0415677167539953 0.997548102454774 0.0343093786188557
1494876886.66372 11.052843158468 -4.63087052342126 1.03364536906611 0.0407258001590944 0.0465164006454942 0.9975799220117 0.03181101681725
1494876886.90428 11.0215426582486 -4.6212296121009 1.04121399025538 0.0377077482863354 0.0483001853133513 0.997679367888818 0.0296834065812074
1494876887.1427 10.9940171867505 -4.61419549782234 1.03975714302581 0.0386066995719322 0.0494554612792719 0.99758369161265 0.0298406810532294
1494876887.3811 10.9669002096213 -4.60138516110134 1.04295087971126 0.0383429460459546 0.0502843117992312 0.997549357323484 0.0299431811657427
1494876887.77889 10.9208849029246 -4.58882340726843 1.0801454572783 0.0320711081589711 0.0373447882614844 0.998341204849555 0.0298606334515152
1494876888.17874 10.8663660385981 -4.56786955552224 1.10573019936854 0.0356961528587402 0.0330553509014555 0.998641916148777 0.0186402703304727
1494876888.57644 10.8128853440188 -4.80149795459721 1.14223838395444 0.0228033070277011 0.0138717663691801 0.999432020805134 0.0205725205921641
1494876888.9741 10.7748226930302 -4.77960316081251 1.16116567119707 -0.00745377626080165 0.00221619479757895 0.999957200488506 -0.00501362334160915
1494876889.37395 10.7440593002103 -4.76888030847347 1.17707902724213 -0.0391101404267764 -0.0164656580299927 0.998932703915585 -0.0182412060205634
1494876889.61259 10.7056954208327 -4.52411469248549 1.19341807530985 -0.0465252963170419 -0.0135332000400711 0.997938711350264 -0.0420783270495367
1494876890.08993 10.6818844332539 -4.75767054302638 1.19842893963673 -0.0372372553888028 -0.036477946633377 0.997832853288098 -0.0401541112117152
1494876890.3286 10.6192049117115 -4.51015114472329 1.21866440262774 -0.0360605677439078 -0.020896524559935 0.997137113763111 -0.0630916396276288
1494876890.56724 10.6218443012546 -4.73300702729922 1.21042375393901 -0.0266910536386734 -0.0225357588583711 0.998240797463346 -0.0479066491817891
1494876890.80793 10.5585291479885 -4.4762018351049 1.20919803297997 -0.0244643530036555 0.0155622951828891 0.997110177710153 -0.0702183154668843
1494876890.96701 10.5695971184725 -4.70357844482008 1.21519447967374 -0.016264899700557 0.00422775370592171 0.998071802210796 -0.0597517053796491
1494876891.44424 10.5121423123283 -4.68034711210259 1.23741597354386 -0.0300963385017919 0.0124851110064212 0.996933484692471 -0.0711475160396885
1494876891.92362 10.460379103427 -4.65843139806898 1.22987317155523 -0.0261151258051522 0.00871604632831885 0.99683397630479 -0.0745926534768244
1494876892.16232 10.4004010564516 -4.40835795562749 1.20617061382053 -0.0336916305122079 0.0246088025282706 0.995669725065766 -0.0830727836204078
1494876892.32147 10.4220407400258 -4.63967693635691 1.20768299692716 -0.0333022152121751 0.00710249288467274 0.997682108378794 -0.0589146603603831
1494876892.56015 10.3587362008842 -4.38087737786539 1.19648129019572 -0.03257642426935 0.0245347574528699 0.996607655015362 -0.071484348935701
1494876892.71929 10.3756056946279 -4.60876326764792 1.21049343452557 -0.0252130362780033 0.013631263419632 0.997875606157686 -0.0585044923267215
1494876892.95797 10.310364277001 -4.35648447418837 1.19609254513911 -0.0137756817384113 0.0285972039458579 0.996974128794982 -0.0709579097214259
1494876893.11712 10.3244489729305 -4.5845358501863 1.20723400294524 -0.0100448290770933 0.00923601611174962 0.998475811963345 -0.0534776576439468
1494876893.35784 10.2640972220951 -4.33899654440707 1.20816891015548 -0.0156142762089226 0.0145638697792263 0.9982272246374 -0.0555563136615963
1494876893.51698 10.2685856589234 -4.57327148602096 1.216300701567 -0.0132261609977406 -0.000466109293122352 0.999470098471413 -0.0297385809459969
1494876893.75561 10.2216529936294 -4.32151501758079 1.21460311528074 -0.0108429757858415 0.00855193217775119 0.999294030304359 -0.0349391363607278
1494876893.91474 10.2164065271066 -4.55912220944117 1.21218350614411 -0.00670533956567557 -0.0128503450846973 0.999791126965234 -0.0144089910073398
1494876894.1534 10.169239516651 -4.32136533786729 1.20219467221049 0.00103493898055546 0.0036919154462795 0.999739180700558 -0.0225139324252297
1494876894.39211 10.1458678483267 -4.55623379380992 1.19518086341202 0.00860717931001481 -0.00878051738001506 0.999922437040276 -0.00198706065543167
1494876894.63273 10.1086615947189 -4.29720623419587 1.19207457501267 0.0128831219192422 0.00696023289516962 0.999812596314937 -0.0126633525210023
1494876894.95094 10.0691384925356 -4.52011497902348 1.19029649552855 0.011795663665929 -0.0108108851566416 0.999854474614692 0.00591829380293932
1494876895.18959 10.0241091611965 -4.28111112257249 1.20656327008912 0.00937476661809719 -0.00157093140893971 0.999951004001119 -0.00276467754809134
1494876895.66672 9.96520603534662 -4.50753236290239 1.18148747991899 0.0159192183446742 -0.0306968527219359 0.999397394901281 0.00302296419831816
1494876895.90733 9.91623370255964 -4.27268715728638 1.1878364009027 0.0198521918078524 -0.017275565168144 0.999501580735622 -0.0174368390187311
1494876896.30517 9.86598872615895 -4.5148749255074 1.181053165309 0.0285678728165734 -0.0338805456458897 0.99900234801184 -0.00550485822279936
1494876896.54385 9.81911108631009 -4.26681995117202 1.19025434965449 0.0292350191452185 -0.0134502071686784 0.999275494664005 -0.020319922886981
1494876897.02341 9.77237120638619 -4.49702807740318 1.18915301169554 0.0329503382312313 -0.042309705186009 0.998398949721386 -0.0179919643313863
1494876897.26219 9.71201261407784 -4.27520143032795 1.21728883291226 0.0301301586928296 -0.0442695080522054 0.997592432670402 -0.0440650699776771
1494876897.42134 9.7172748381848 -4.5003532981213 1.18315639474759 0.0334033782334861 -0.0653756560429207 0.996401831738292 -0.0423513536486473
1494876897.66014 9.66671042107178 -4.25035048999496 1.19469635735141 0.0356942999855194 -0.0365558550704656 0.99545856488812 -0.0803233460391277
1494876897.81932 9.6959394474958 -4.49460268597355 1.17747131885731 0.0373707444405523 -0.0419069424919108 0.995653522875946 -0.0743055014343196
1494876898.0581 9.60681096849911 -4.24227982274853 1.18587981623841 0.0354684796732757 -0.0152962269916566 0.993841751419152 -0.103858526106557
1494876898.53749 9.58227713629982 -4.45118264536702 1.15700628127357 0.0410089032341011 -0.0367621364843513 0.99327703639149 -0.101821184837589
1494876898.77611 9.48810230659938 -4.21125140052357 1.16952177250108 0.045502398792773 -0.0331231365263699 0.989537018340186 -0.132849112848377
1494876899.1738 9.42544728561759 -4.21389873209478 1.16434241690447 0.044363886024501 -0.0496885382925968 0.985507615156584 -0.156005266471871
1494876899.57354 9.35350015483247 -4.21537870123165 1.14921592648244 0.0506003834579837 -0.035456667348182 0.983400695119992 -0.170603360727179
1494876900.05079 9.35362556280343 -4.42064903847889 1.11806776951144 0.0614992135678292 -0.0400746039802288 0.984192840292298 -0.161171757735325
1494876900.5281 9.2857660772746 -4.38786283304159 1.10380081952294 0.0710594457232586 -0.0291639954679055 0.980531371279968 -0.180715953931646
1494876900.76682 9.15171214826116 -4.16217895027858 1.10947624219458 0.0657502738229581 -0.0227258131650701 0.975696403978051 -0.207790697799296
1494876901.32557 9.17616802384014 -4.38232691376979 1.05016151592662 0.0620986910867863 -0.0511841310943217 0.970279323390816 -0.228214770375267
1494876901.5642 9.02628182613176 -4.17189824987985 1.05333741069127 0.0535886633332687 -0.0341123004315594 0.963408623399086 -0.260400534563825
1494876902.20248 8.92529530393279 -4.1495996990935 1.01027214094908 0.052864041364887 -0.0171141245805155 0.954224074326406 -0.29388590263188
1494876902.75927 8.99090442136793 -4.32148438301754 0.972059268079321 0.06193633290405 -0.00804890641502637 0.9536340113411 -0.294416860443068
1494876903.15698 8.79631011417327 -4.11565546489909 0.958738462532825 0.0599672827276228 0.0187420677294262 0.94163359000084 -0.330724734486321
1494876904.51162 8.65278740054645 -4.12821456540835 0.932875778298923 0.0475975009521014 0.0232098189961742 0.915285246755537 -0.39931028936951
1494876905.389 8.75145403296787 -4.25644717208151 0.938800122152017 0.0576611162919875 0.0145997014860991 0.906704977393679 -0.417550162114392
1494876906.50475 8.45497466386428 -4.10586116656828 0.939412189870996 0.0272430775591543 0.0535389153579125 0.884020025690867 -0.463573080931529
1494876907.53994 8.56677315050493 -4.22787590637058 0.988794791220412 0.0487829737149637 0.0719510561633843 0.901492548817215 -0.423974599412852
1494876908.73433 8.28020100383643 -4.15384154651158 1.00608625404674 -0.0326791808269295 0.0507982083529229 0.857101456192379 -0.51159428738107
1494876908.97277 8.48249834267842 -4.26810779806556 1.06042081252292 -0.0340541458468759 0.0182105665765386 0.858110240116355 -0.51201124572689
1494876910.88229 8.16300517676733 -4.20422735116734 1.1791664241529 -0.0349589097895002 -0.020155155628885 0.820257339586558 -0.570569495418142
1494876912.55504 8.3187214877377 -4.36249384919508 1.22232462748454 -0.0331439310975489 -0.0395427426642097 0.82602445898884 -0.561267720445364
1494876913.50896 8.04389581293419 -4.35104877662286 1.21609711371616 -0.0301326686262044 -0.0172085270759657 0.814929284473679 -0.578520663506485
1494876914.38558 8.2451848494244 -4.49779340308166 1.17487806525082 -0.0192275350366172 -0.0302884357569007 0.82146779344766 -0.569125281824482
1494876915.42087 7.98574050175778 -4.47646122261318 1.15248990594461 -0.0275527117263684 -0.00639967342184056 0.809082468461233 -0.587014019768457
1494876916.13827 8.19248326025692 -4.58065723740838 1.16558909034531 -0.0220702440761008 -0.00602548957640214 0.812939250401115 -0.581898945253218
1494876917.01283 7.93509870218999 -4.5528714777484 1.18875638434455 -0.0341161589788007 -0.00559004641471128 0.803655130750405 -0.594090294328724
1494876918.12817 8.14325561189634 -4.66917510666307 1.21964393105386 -0.0217656838896871 -0.0158532325519214 0.811260703375948 -0.584064217965952
1494876920.43886 7.8731955858402 -4.77901528159667 1.1739113838398 -0.0199619963078078 -0.00446939330184654 0.799828108799936 -0.599880444355261
1494876921.63404 8.06447652809033 -4.92823669150906 1.16369828754227 -0.021175875253796 -0.0157473111910351 0.809418341850318 -0.586639209311413
1494876922.67015 7.79104950890867 -4.93074767145369 1.15592921350511 -0.0237985770238794 -0.00654148266883847 0.803796335675951 -0.594392374959061
1494876923.70252 8.00430522652244 -5.07786900204862 1.16443938077898 -0.0180143552400412 -0.00976656007963289 0.808791048506348 -0.58773901239687
1494876924.65729 7.75170421430515 -5.07407335953208 1.15360635463976 -0.0301666704966818 -0.000257952562254748 0.801549267172644 -0.597167217507831
1494876927.36407 7.69307457430205 -5.25528594188182 1.1184934645497 -0.0154508470887681 0.00726884432971042 0.806553040276763 -0.590915083887767
1494876929.43509 7.62577166046762 -5.39234556179876 1.09959412139659 -0.0223458384715418 0.00141900624897662 0.811797245734054 -0.583509973918442
1494876930.23217 7.83784889629591 -5.52601618546537 1.11516522866058 -0.0107933601837806 -0.00636769505409418 0.81893870712324 -0.573744158435366
1494876931.42711 7.57993826236156 -5.52847363478682 1.12370182921014 -0.0174103805025862 0.00434377457867285 0.812963471492044 -0.582038153570877
1494876934.21366 7.7773016691919 -5.78866695552117 1.06488920253824 0.00391360430902177 0.00153416246188709 0.819665536557328 -0.572826978899204
1494876935.80616 7.50598718112884 -5.81409145638043 1.08193696227412 -0.00184394880532862 0.0190199323269485 0.810079671234291 -0.586008341407741
1494876936.28324 7.71787279940805 -5.93064337950427 1.10569443232876 0.0101334906945227 0.0086815742476028 0.82125770705861 -0.570401376891316
1494876937.63606 7.67108564060663 -6.05309709662881 1.10092496580209 0.0220697682084925 0.0167866226543941 0.821962701466226 -0.568865943397191
1494876938.671 7.4169131270826 -6.06931458590509 1.04455065252084 0.0170833881365378 0.0307145669008674 0.81374979173416 -0.580151753941937
1494876939.22921 7.6290946441067 -6.20129662541457 1.03568231324863 0.0296816705394222 0.0217633097394745 0.822669216549003 -0.567327706403955
1494876939.86481 7.61663203556433 -6.26124929299268 1.02422816702397 0.0312203517714369 0.0292624564843004 0.821401553009649 -0.568742908981604
1494876940.58219 7.58760983299762 -6.33044811574627 1.03128229759565 0.0375563374165099 0.0323908777870803 0.82275988927666 -0.56622127007138
1494876941.21819 7.56733119571009 -6.39389541717225 1.03092071731119 0.0408715252719447 0.0322597668247993 0.822635110724286 -0.566180457096273
1494876941.85623 7.53819181421435 -6.44624090917017 1.02649856901331 0.046312336659685 0.0315381054901349 0.822389758448549 -0.56615864393463
1494876942.09468 7.29537955781205 -6.38488898635311 1.0203087844233 0.0331206319057852 0.0440955837159264 0.812929564275587 -0.579744887588536
1494876942.65109 7.50910839670991 -6.5076936510091 1.02248831550201 0.0440721559123306 0.0325995760875402 0.821701587490381 -0.567275438703007
1494876943.60707 7.4946820197557 -6.58083068144678 1.02783502428481 0.0424360522746653 0.0327096325309292 0.825873590845099 -0.561303913116062
1494876950.45724 7.24233680855907 -6.70469123938663 1.0049720775065 0.0509410417119905 0.032380141494398 0.834146945552762 -0.548229347855917
1494876962.96564 7.34120125771804 -6.8751168367332 0.948947941471522 0.0764614577310734 0.0189050366339609 0.53026394009501 -0.844166102395833
1494876973.64454 7.69821285087491 -7.79917119429785 0.620725334290621 -0.058253992349608 0.149298374059735 0.0743884000991935 -0.984267667724873
1494876977.06929 8.16976258920085 -7.78589579948201 0.581686934376555 -0.043415405678225 -0.0154468602605873 0.0397070293899268 -0.998148214646833
1494876980.01631 8.57411047506887 -8.21164694495334 0.414526417913946 -0.0285283717345245 -0.00264492381876416 0.0684296164046742 -0.997244469476921
1494876984.95303 9.36867473829995 -8.54985526094002 0.382188523192685 -0.00533818253414259 -0.00298807426281175 0.10688054701703 -0.994253052199589
1494876991.0839 10.0761486343542 -8.87007408490566 0.245247665114231 -0.00074007884704369 0.0021970850533049 0.0917302180090504 -0.995781200929204
1494876995.70631 10.5718009574353 -9.13963797391266 0.132016360904496 -0.0566464348283538 -0.0153800128565468 0.0772669963686468 -0.995281093871156
1494876999.7648 11.0731383860715 -9.13504722328871 0.0805129928813026 -0.0252978810491414 -0.00680157329329328 0.0531221763831686 -0.998244358721462
1494877003.11085 11.5742550695045 -9.6153251842963 0.0695101691784773 -0.0542345647893702 -0.0116163535289932 0.00737065208925414 -0.998433449820269
1494877005.89698 12.0492321197214 -9.8146939830315 0.0946540532639834 -0.0755377380213379 -0.00772676361674787 -0.0406457271891993 -0.996284236570728
1494877009.24313 12.4910930876426 -9.7168944529322 0.0984919412796103 -0.0405675359436971 -0.0166680658343746 -0.182140338981193 -0.982293925997897
1494877010.03859 12.7207757310194 -9.94434657419099 0.0581162434828542 -0.0449014858607959 -0.0277866873482916 -0.242143610519598 -0.968802475418834
1494877012.26944 13.0967532623912 -10.0257752406829 0.0273104414196403 -0.0614202086902571 -0.0264804683568489 -0.299803657732575 -0.951653359942391
1494877017.52677 13.9769379061893 -10.0477342890156 -0.0554420645491848 -0.059590072276384 -0.0226982974718081 -0.471567348668349 -0.879521491589209
1494877021.34912 14.5595435574789 -9.81584883879591 -0.153816547661689 -0.0713164454032307 0.0165484469559111 -0.672478368283212 -0.736486907982057
1494877026.20692 14.8050094634108 -9.46957031054388 -0.117872463937851 -0.0457442477625735 0.0435967729378762 -0.873670414880709 -0.4823969329048
1494877031.46417 14.9415678134863 -9.11283160014544 -0.339319676202532 -0.163780190171687 0.050452508619362 -0.914175663240317 -0.367305676444314
1494877033.37738 15.0947102975781 -8.73673737543345 -0.57362105507215 -0.206256573127478 0.0379565969192512 -0.919429487840096 -0.332666420910714
1494877036.72232 14.981845131435 -8.57699590192679 -0.800330512463735 -0.197596349214201 0.108804927151813 -0.922286986472914 -0.313853298703146
1494877039.0326 14.8721972601664 -8.47953612823656 -0.992748075527241 -0.207748040125981 0.0889957294003635 -0.924294381057608 -0.307571807936084
1494877041.89975 14.6186290873846 -8.56237051017473 -1.2157519680453 -0.220389753293742 0.101740942102202 -0.917666271727755 -0.314588239774329
