1494876481.394026279 -0.06192 -0.03868 -0.00775 0.01349 0.02243 -0.02729 0.99928
1494876481.552829027 -0.06745 -0.04309 -0.01582 0.01452 0.01942 -0.02897 0.99929
1494876481.711691618 -0.07487 -0.03935 -0.02405 0.01050 0.01478 -0.03163 0.99934
1494876481.870520115 -0.07898 -0.03486 -0.02378 0.00752 0.00985 -0.03688 0.99924
1494876482.029378414 -0.08231 -0.02618 -0.02300 0.00139 0.00843 -0.04246 0.99906
1494876482.188224316 -0.08466 -0.01941 -0.02266 -0.00724 0.00746 -0.04200 0.99906
1494876482.347085476 -0.08535 -0.00425 -0.01324 -0.01856 0.00943 -0.04694 0.99868
1494876482.505922556 -0.08837 0.01390 -0.00700 -0.02905 0.00758 -0.05444 0.99807
1494876482.666854858 -0.09039 -0.01140 -0.03098 -0.03449 -0.00999 -0.04712 0.99824
1494876482.825704336 -0.10073 0.03254 -0.01108 -0.02871 -0.01398 -0.05867 0.99777
1494876482.984525681 -0.10543 0.03171 -0.01328 -0.02193 -0.02045 -0.05012 0.99829
1494876483.143328667 -0.11142 0.02448 -0.01874 -0.01085 -0.01887 -0.04017 0.99896
1494876483.302172422 -0.11576 0.01700 -0.02480 0.00369 -0.01172 -0.02620 0.99958
1494876483.461021185 -0.11931 0.00986 -0.03054 0.01842 -0.00289 -0.01316 0.99974
1494876483.619880915 -0.12046 0.00284 -0.03590 0.02614 0.00650 -0.00050 0.99964
1494876483.778704643 -0.12155 -0.00397 -0.04313 0.03305 0.00949 0.00700 0.99938
1494876483.939572334 -0.11939 -0.01219 -0.04558 0.03593 0.01182 0.01025 0.99923
1494876484.098429203 -0.12152 -0.00547 -0.05019 0.03671 0.01534 0.00556 0.99919
1494876484.257462740 -0.12101 -0.00062 -0.05075 0.03432 0.01977 0.00144 0.99921
1494876484.416507006 -0.12050 0.01059 -0.05129 0.02680 0.02276 -0.00419 0.99937
1494876484.575534821 -0.12146 0.02186 -0.05545 0.01449 0.02210 -0.00983 0.99960
1494876484.734539032 -0.12266 0.03314 -0.05258 -0.00273 0.01981 -0.01473 0.99969
1494876484.893583536 -0.12501 0.04347 -0.05190 -0.01944 0.01294 -0.01961 0.99954
1494876485.052629948 -0.12779 0.04801 -0.05011 -0.03274 0.00689 -0.02281 0.99918
1494876485.213707924 -0.13193 0.04864 -0.05989 -0.03498 -0.00904 -0.02672 0.99899
1494876485.372733355 -0.13614 0.05049 -0.06615 -0.04146 -0.01974 -0.02842 0.99854
1494876485.531715631 -0.14101 0.05107 -0.06644 -0.04229 -0.02263 -0.02857 0.99844
1494876485.690748215 -0.14460 0.04567 -0.06569 -0.03040 -0.02017 -0.02157 0.99910
1494876485.849769592 -0.15340 0.04476 -0.07343 -0.04224 -0.03595 -0.01624 0.99833
1494876486.008817911 -0.16247 0.04429 -0.07456 -0.08624 -0.02619 0.00319 0.99593
1494876486.167839289 -0.17165 0.03913 -0.07659 -0.11031 0.00185 0.00057 0.99390
1494876486.326905966 -0.18750 0.04074 -0.10444 -0.11848 -0.00947 -0.02043 0.99270
1494876486.487991333 -0.19478 0.03264 -0.11694 -0.11437 -0.00583 -0.03770 0.99271
1494876486.646967649 -0.20018 0.02644 -0.11794 -0.13356 0.00756 -0.04011 0.99020
1494876486.805969477 -0.19434 0.03379 -0.13305 -0.14773 0.00767 -0.02140 0.98877
1494876486.965036154 -0.18661 0.03680 -0.13542 -0.13934 -0.00165 -0.00627 0.99022
1494876487.124043465 -0.19155 0.04630 -0.14720 -0.14299 -0.01393 -0.00050 0.98963
1494876487.282907009 -0.19412 0.04970 -0.15072 -0.14751 -0.02498 -0.00103 0.98874
1494876487.441647291 -0.19940 0.05203 -0.15403 -0.14913 -0.03473 -0.00389 0.98820
1494876487.600427866 -0.19744 0.04919 -0.15317 -0.14383 -0.03330 -0.00050 0.98904
1494876487.761259794 -0.19633 0.04617 -0.16157 -0.14635 -0.04002 -0.00012 0.98842
1494876487.920006752 -0.19100 0.04699 -0.17382 -0.15270 -0.04671 -0.00236 0.98717
1494876488.078801155 -0.18267 0.04593 -0.17852 -0.15093 -0.03977 0.00226 0.98774
1494876488.237568140 -0.17133 0.04904 -0.18532 -0.15227 -0.03176 0.00577 0.98781
1494876488.396335363 -0.16029 0.05218 -0.19610 -0.15542 -0.02650 0.00804 0.98746
1494876488.555150747 -0.14270 0.05425 -0.20211 -0.15833 -0.02376 0.01765 0.98694
1494876488.713940144 -0.12316 0.05772 -0.21277 -0.15772 -0.02051 0.02842 0.98686
1494876488.872697830 -0.10393 0.06805 -0.21502 -0.15778 -0.01946 0.03781 0.98656
1494876489.033530235 -0.08214 0.07268 -0.21384 -0.15373 -0.02099 0.04244 0.98698
1494876489.192297459 -0.06185 0.04726 -0.23072 -0.15409 -0.02728 0.04893 0.98647
1494876489.351076841 -0.05336 0.07748 -0.20574 -0.15333 -0.01811 0.04016 0.98719
1494876489.509875298 -0.04913 0.07914 -0.20195 -0.14970 -0.02112 0.04560 0.98745
1494876489.668638706 -0.05141 0.08152 -0.19602 -0.15135 -0.02351 0.05035 0.98692
1494876489.827389956 -0.06162 0.08266 -0.19208 -0.15284 -0.02410 0.04923 0.98673
1494876489.986176491 -0.07612 0.07984 -0.19307 -0.15882 -0.02594 0.05008 0.98569
1494876490.145039320 -0.09314 0.07860 -0.19477 -0.16130 -0.02504 0.05026 0.98531
1494876490.306064367 -0.10794 0.07481 -0.19813 -0.16245 -0.02808 0.05078 0.98501
1494876490.465051889 -0.11271 0.04721 -0.19607 -0.16526 -0.03127 0.05732 0.98409
1494876490.624020815 -0.13297 0.07105 -0.20387 -0.16712 -0.03668 0.04510 0.98422
1494876490.862553358 -0.14761 0.06615 -0.20461 -0.16929 -0.05249 0.03948 0.98338
1494876491.021572590 -0.15565 0.06788 -0.21206 -0.16921 -0.06177 0.03641 0.98297
1494876491.180571795 -0.16023 0.06391 -0.21082 -0.16426 -0.06961 0.03839 0.98321
1494876491.339613199 -0.16229 0.06718 -0.20762 -0.15909 -0.07975 0.03899 0.98326
1494876491.498651266 -0.16527 0.06432 -0.20846 -0.15772 -0.08827 0.03117 0.98304
1494876491.659687996 -0.16779 0.06593 -0.20185 -0.16024 -0.09118 0.01317 0.98277
1494876491.818673372 -0.16909 0.06395 -0.19330 -0.15576 -0.08896 -0.00255 0.98378
1494876492.057212591 -0.16707 0.06341 -0.20175 -0.14760 -0.09324 -0.02576 0.98431
1494876492.216217518 -0.16793 0.08326 -0.19694 -0.14553 -0.09258 -0.04366 0.98404
1494876492.375222921 -0.16281 0.07677 -0.19691 -0.14774 -0.09197 -0.03980 0.98394
1494876492.534205198 -0.16032 0.07044 -0.19113 -0.14747 -0.08625 -0.02214 0.98505
1494876492.693226337 -0.15129 0.05489 -0.19743 -0.14666 -0.08499 0.00914 0.98549
1494876492.854274511 -0.14271 0.03231 -0.19018 -0.14259 -0.07454 0.05631 0.98536
1494876493.013227463 -0.13255 0.01616 -0.19044 -0.14092 -0.07018 0.09540 0.98291
1494876493.172235250 -0.13143 0.01148 -0.18574 -0.14099 -0.06738 0.10816 0.98178
1494876493.331252337 -0.12781 0.03392 -0.20378 -0.14195 -0.07907 0.09334 0.98229
1494876493.490276337 -0.12875 0.05374 -0.23242 -0.14182 -0.08687 0.07933 0.98288
1494876493.649337769 -0.12792 0.05640 -0.25369 -0.14291 -0.08362 0.07584 0.98328
1494876493.808408737 -0.12298 0.05397 -0.27285 -0.14365 -0.08115 0.07384 0.98353
1494876493.967466354 -0.11383 0.05318 -0.29276 -0.14325 -0.08045 0.06968 0.98395
1494876494.128545761 -0.10252 0.05469 -0.31542 -0.14492 -0.08019 0.06728 0.98389
1494876494.287520647 -0.08921 0.05466 -0.33137 -0.14760 -0.07562 0.06635 0.98392
1494876494.446543455 -0.07742 0.05488 -0.34855 -0.15048 -0.07301 0.06212 0.98395
1494876494.605618477 -0.06635 0.05306 -0.36568 -0.15024 -0.07331 0.06083 0.98405
1494876494.764730930 -0.05435 0.05163 -0.37926 -0.14869 -0.07435 0.05999 0.98426
1494876494.923784256 -0.04609 0.04963 -0.39161 -0.14396 -0.07295 0.05801 0.98518
1494876495.082912445 -0.03872 0.04616 -0.40967 -0.13027 -0.08548 0.05994 0.98597
1494876495.241966963 -0.03367 0.04396 -0.41902 -0.12700 -0.08236 0.06117 0.98658
1494876495.403089046 -0.03378 0.03881 -0.42822 -0.12985 -0.07705 0.06290 0.98653
1494876495.562180996 -0.03788 0.02869 -0.44579 -0.12922 -0.08179 0.06279 0.98624
1494876495.721243858 -0.04712 0.02216 -0.45862 -0.12964 -0.08655 0.06212 0.98582
1494876495.880342960 -0.05442 0.01685 -0.47575 -0.12964 -0.09353 0.06448 0.98503
1494876496.039495945 -0.05991 0.01646 -0.48726 -0.13100 -0.09336 0.06570 0.98479
1494876496.198648453 -0.06383 0.01567 -0.49785 -0.13073 -0.09347 0.06800 0.98466
1494876496.357832670 -0.06585 0.01591 -0.50579 -0.12937 -0.09111 0.06936 0.98496
1494876496.517094374 -0.06837 0.01884 -0.51039 -0.13258 -0.09232 0.06729 0.98457
1494876496.678400993 -0.07152 0.01977 -0.51192 -0.13621 -0.09886 0.06279 0.98373
1494876496.837685347 -0.07578 0.01887 -0.51085 -0.14290 -0.10860 0.05864 0.98201
1494876496.996953487 -0.07988 0.01986 -0.50796 -0.14944 -0.12134 0.05022 0.98001
1494876497.156137705 -0.08784 0.01892 -0.50436 -0.15210 -0.13091 0.03763 0.97893
1494876497.315328360 -0.09344 0.01255 -0.49832 -0.15272 -0.13786 0.02645 0.97825
1494876497.474484205 -0.10176 0.00657 -0.49186 -0.15161 -0.14090 0.01321 0.97826
1494876497.633619070 -0.10917 -0.00045 -0.48909 -0.15067 -0.14449 -0.00142 0.97797
1494876497.792804241 -0.11873 -0.01242 -0.48289 -0.14353 -0.14876 -0.01200 0.97833
1494876497.954011202 -0.12290 -0.03098 -0.48181 -0.12819 -0.15597 -0.01853 0.97923
1494876498.113170385 -0.13050 -0.04209 -0.47024 -0.12391 -0.15752 -0.02871 0.97929
1494876498.272350073 -0.13652 -0.05115 -0.45890 -0.12774 -0.15102 -0.04389 0.97926
1494876498.431508303 -0.13888 -0.05952 -0.44869 -0.13534 -0.14436 -0.06169 0.97828
1494876498.590642452 -0.13879 -0.07012 -0.44255 -0.14054 -0.14240 -0.07946 0.97655
1494876498.749797583 -0.14302 -0.07773 -0.42354 -0.13394 -0.13188 -0.09452 0.97762
1494876498.908933163 -0.14192 -0.08608 -0.42101 -0.12742 -0.12442 -0.10921 0.97793
1494876499.068145514 -0.14519 -0.09609 -0.40492 -0.12199 -0.11550 -0.12487 0.97785
1494876499.229370117 -0.15214 -0.09714 -0.39565 -0.12298 -0.11632 -0.15011 0.97407
1494876499.388497591 -0.16374 -0.10033 -0.38460 -0.13014 -0.12062 -0.16982 0.96937
1494876499.547643900 -0.17297 -0.10010 -0.37605 -0.13371 -0.13056 -0.18466 0.96487
1494876499.706767559 -0.18060 -0.11456 -0.36454 -0.13589 -0.13963 -0.18882 0.96249
1494876499.865912437 -0.18288 -0.12218 -0.35019 -0.13903 -0.13579 -0.19982 0.96036
1494876500.025018692 -0.18718 -0.13111 -0.34170 -0.13168 -0.13301 -0.21636 0.95821
1494876500.184186697 -0.18897 -0.13945 -0.33284 -0.12529 -0.13179 -0.22866 0.95637
1494876500.343338490 -0.18714 -0.15029 -0.32272 -0.12220 -0.13110 -0.24041 0.95398
1494876500.504532099 -0.18377 -0.16093 -0.31619 -0.11948 -0.13358 -0.25213 0.95095
1494876500.663646936 -0.17759 -0.16916 -0.30996 -0.11715 -0.12959 -0.26433 0.94848
1494876500.822773933 -0.17386 -0.18237 -0.31070 -0.11351 -0.13054 -0.27487 0.94579
1494876500.981881142 -0.16720 -0.19544 -0.31205 -0.10903 -0.12848 -0.28546 0.94346
1494876501.140968800 -0.16023 -0.20949 -0.31480 -0.10228 -0.12630 -0.29587 0.94130
1494876501.300044775 -0.15279 -0.22482 -0.31625 -0.09930 -0.12729 -0.30469 0.93867
1494876501.459133863 -0.14265 -0.23960 -0.31680 -0.09163 -0.12612 -0.31055 0.93769
1494876501.618203878 -0.13627 -0.25667 -0.31839 -0.08956 -0.12777 -0.31541 0.93604
1494876501.779341698 -0.12711 -0.27022 -0.31654 -0.08857 -0.12709 -0.32555 0.93275
1494876501.938426971 -0.12150 -0.28328 -0.31468 -0.08662 -0.12596 -0.33388 0.93014
1494876502.097466707 -0.11334 -0.29525 -0.30836 -0.08534 -0.12371 -0.34023 0.92825
1494876502.256574392 -0.10585 -0.31068 -0.30837 -0.07944 -0.12383 -0.34525 0.92691
1494876502.415681362 -0.09900 -0.32555 -0.30811 -0.07928 -0.12356 -0.34775 0.92602
1494876502.574766874 -0.09048 -0.33621 -0.30222 -0.07802 -0.12378 -0.35245 0.92432
1494876502.733876467 -0.08250 -0.34820 -0.29669 -0.07409 -0.12664 -0.35548 0.92310
1494876502.893006563 -0.07488 -0.35781 -0.28935 -0.07162 -0.12982 -0.35644 0.92248
1494876503.054156065 -0.06392 -0.36376 -0.28157 -0.07222 -0.13144 -0.36031 0.92070
1494876503.213303566 -0.05193 -0.37029 -0.27412 -0.07422 -0.13368 -0.36531 0.91824
1494876503.372379780 -0.04500 -0.37874 -0.26987 -0.07378 -0.13597 -0.37086 0.91571
1494876503.531510353 -0.04312 -0.39684 -0.26356 -0.07355 -0.13793 -0.37284 0.91463
1494876503.690535784 -0.03630 -0.40429 -0.24878 -0.07369 -0.13853 -0.37613 0.91319
1494876503.849601269 -0.02910 -0.41582 -0.24280 -0.07556 -0.13922 -0.38076 0.91100
1494876504.008616924 -0.01787 -0.42173 -0.23639 -0.07644 -0.13774 -0.38888 0.90772
1494876504.167710066 -0.01192 -0.43218 -0.23200 -0.07500 -0.13802 -0.39002 0.90731
1494876504.328805923 -0.00415 -0.43964 -0.22751 -0.07704 -0.14043 -0.39473 0.90473
1494876504.487868309 0.00736 -0.44942 -0.22809 -0.07927 -0.14491 -0.40324 0.90006
1494876504.647010565 -0.01636 -0.41042 -0.23970 -0.07475 -0.14638 -0.41657 0.89412
1494876504.806101084 0.01199 -0.47814 -0.21880 -0.07702 -0.14613 -0.41376 0.89527
1494876504.965260983 0.01485 -0.49584 -0.21650 -0.07522 -0.14599 -0.41913 0.89295
1494876505.124428034 0.02276 -0.50863 -0.20927 -0.07368 -0.14477 -0.42445 0.89076
1494876505.283550978 0.02951 -0.52169 -0.20816 -0.07227 -0.14524 -0.42980 0.88823
1494876505.442682981 0.03452 -0.53764 -0.20103 -0.07142 -0.14538 -0.43287 0.88678
1494876505.603842497 0.04323 -0.55054 -0.19533 -0.06929 -0.14737 -0.43443 0.88586
1494876505.762949467 0.05856 -0.56052 -0.19933 -0.06880 -0.15513 -0.44006 0.88179
1494876505.922080994 0.06824 -0.56733 -0.19328 -0.07110 -0.15870 -0.44623 0.87786
1494876506.081183910 0.07622 -0.57779 -0.19005 -0.06822 -0.16317 -0.45196 0.87433
1494876506.240288734 0.08251 -0.58742 -0.18518 -0.06598 -0.16441 -0.45910 0.87054
1494876506.399455786 0.09065 -0.59931 -0.17991 -0.06348 -0.16589 -0.46519 0.86720
1494876506.558549881 0.09962 -0.61063 -0.17625 -0.06128 -0.16621 -0.47149 0.86389
1494876506.717622757 0.08636 -0.64155 -0.17241 -0.06052 -0.16479 -0.47271 0.86356
1494876506.878791094 0.10378 -0.63243 -0.17070 -0.05625 -0.16583 -0.48241 0.85826
1494876507.037909269 0.09674 -0.65999 -0.15958 -0.05343 -0.16723 -0.47971 0.85968
1494876507.197013855 0.08837 -0.68280 -0.15247 -0.05224 -0.17199 -0.47682 0.86043
1494876507.356094837 0.09557 -0.69124 -0.13933 -0.05383 -0.17558 -0.47882 0.85849
1494876507.515202999 0.10483 -0.70421 -0.13479 -0.05830 -0.17745 -0.47990 0.85721
1494876507.674320936 0.10882 -0.71693 -0.12238 -0.06203 -0.17448 -0.48127 0.85679
1494876507.833479643 0.11686 -0.72285 -0.11994 -0.06370 -0.17332 -0.48585 0.85431
1494876507.992622852 0.12760 -0.73871 -0.10883 -0.06381 -0.17181 -0.48711 0.85389
1494876508.153771639 0.13768 -0.75282 -0.10480 -0.06630 -0.16974 -0.49021 0.85234
1494876508.312909842 0.14646 -0.76845 -0.09757 -0.07126 -0.16767 -0.49473 0.84974
1494876508.472011805 0.15186 -0.77825 -0.08503 -0.07396 -0.16384 -0.49778 0.84847
1494876508.631187201 0.16030 -0.78316 -0.08700 -0.07477 -0.16376 -0.49864 0.84791
1494876508.790292501 0.17426 -0.79696 -0.09021 -0.07484 -0.16544 -0.49826 0.84780
1494876508.949506998 0.18685 -0.80702 -0.09642 -0.07598 -0.16603 -0.49857 0.84740
1494876509.108638525 0.19702 -0.81927 -0.09042 -0.07473 -0.16332 -0.49889 0.84785
1494876509.267783880 0.20365 -0.83342 -0.08612 -0.07362 -0.16265 -0.49852 0.84829
1494876509.428930998 0.23687 -0.88337 -0.09768 -0.07160 -0.17622 -0.49449 0.84812
1494876509.588058233 0.22516 -0.85969 -0.07433 -0.07770 -0.17172 -0.50257 0.84374
1494876509.747191906 0.22389 -0.87507 -0.06158 -0.06584 -0.16810 -0.50794 0.84226
1494876509.906352758 0.07596 -0.70861 -0.08940 -0.06037 -0.15768 -0.52161 0.83631
1494876510.065537691 0.23890 -0.89879 -0.05366 -0.06125 -0.17324 -0.50354 0.84421
1494876510.224725962 0.24135 -0.90437 -0.04955 -0.06687 -0.16770 -0.50239 0.84558
1494876510.383883953 0.24642 -0.90938 -0.04168 -0.07174 -0.15643 -0.50213 0.84750
1494876510.543053150 0.25487 -0.91943 -0.03823 -0.07902 -0.15745 -0.49832 0.84891
1494876510.704253912 0.25505 -0.93139 -0.03148 -0.07919 -0.16441 -0.49429 0.84993
1494876510.863417864 0.27561 -0.94179 -0.02802 -0.08392 -0.16604 -0.49303 0.84989
1494876511.022552729 0.29345 -0.93957 -0.01342 -0.08954 -0.15558 -0.49996 0.84724
1494876511.181712627 0.29709 -0.96093 -0.01331 -0.09165 -0.15585 -0.50299 0.84517
1494876511.340853214 0.30507 -0.97295 -0.00593 -0.09175 -0.15295 -0.50646 0.84361
1494876511.499979973 0.31643 -0.98808 -0.00411 -0.09122 -0.15336 -0.50905 0.84204
1494876511.659131050 0.33030 -1.00399 -0.00612 -0.09023 -0.16048 -0.50886 0.84093
1494876511.818225861 0.33742 -1.01777 0.00646 -0.09276 -0.16199 -0.50782 0.84100
1494876511.979390621 0.34689 -1.03269 0.00369 -0.09055 -0.16128 -0.50583 0.84257
1494876512.138485193 0.36050 -1.04388 -0.00098 -0.09171 -0.16471 -0.50319 0.84336
1494876512.297630072 0.37334 -1.05522 -0.00231 -0.09324 -0.16918 -0.50313 0.84234
1494876512.456721783 0.38686 -1.07087 -0.00407 -0.09252 -0.16855 -0.50134 0.84362
1494876512.615892172 0.39204 -1.08596 0.00366 -0.09129 -0.16532 -0.49922 0.84565
1494876512.775002003 0.40420 -1.10472 0.00200 -0.08890 -0.16769 -0.49852 0.84584
1494876512.934118509 0.41777 -1.12020 0.00269 -0.08553 -0.16680 -0.49878 0.84621
1494876513.093211889 0.42688 -1.13763 0.00150 -0.08191 -0.16983 -0.49861 0.84607
1494876513.254359961 0.43388 -1.15567 -0.00338 -0.08330 -0.17214 -0.49540 0.84735
1494876513.413544893 0.45025 -1.16139 -0.00066 -0.08759 -0.17199 -0.49762 0.84565
1494876513.572633028 0.46158 -1.17448 -0.00151 -0.08438 -0.17448 -0.49659 0.84607
1494876513.731790781 0.46916 -1.19116 -0.00322 -0.07935 -0.17760 -0.49529 0.84667
1494876513.890921831 0.47643 -1.20544 0.00209 -0.07299 -0.17785 -0.49684 0.84628
1494876514.050034046 0.47866 -1.22174 0.00596 -0.06964 -0.18073 -0.49841 0.84503
1494876514.209171295 0.48481 -1.23364 0.01176 -0.06525 -0.18541 -0.50122 0.84270
1494876514.368301153 0.48905 -1.24691 0.01389 -0.06179 -0.18712 -0.50394 0.84096
1494876514.529436111 0.49273 -1.25432 0.03513 -0.06058 -0.18260 -0.50926 0.83883
1494876514.688540220 0.49002 -1.26660 0.04578 -0.05746 -0.18164 -0.51056 0.83847
1494876514.847643375 0.48787 -1.28371 0.05257 -0.05499 -0.18207 -0.51049 0.83859
1494876515.006741047 0.49106 -1.29641 0.05517 -0.05517 -0.18393 -0.51047 0.83818
1494876515.165878057 0.49566 -1.30192 0.06666 -0.05916 -0.18026 -0.51213 0.83769
1494876515.325008631 0.50492 -1.30836 0.07424 -0.06290 -0.17546 -0.51603 0.83605
1494876515.484074593 0.51164 -1.31576 0.08303 -0.06754 -0.16941 -0.51745 0.83605
1494876515.642995358 0.51961 -1.32264 0.08917 -0.06936 -0.16440 -0.51928 0.83577
1494876515.803913832 0.52597 -1.32986 0.09926 -0.06958 -0.16639 -0.52108 0.83423
1494876515.962749481 0.52964 -1.34493 0.11611 -0.07024 -0.16692 -0.51897 0.83539
1494876516.121627808 0.53782 -1.35708 0.11906 -0.07042 -0.16782 -0.51937 0.83495
1494876516.280471087 0.54715 -1.36913 0.12437 -0.06722 -0.16533 -0.51986 0.83540
1494876516.439326525 0.55580 -1.37990 0.12564 -0.06792 -0.16609 -0.51897 0.83575
1494876516.598202705 0.56738 -1.39265 0.12558 -0.06696 -0.16736 -0.51858 0.83581
1494876516.757048130 0.57567 -1.40762 0.12824 -0.06694 -0.16901 -0.51669 0.83665
1494876516.915927887 0.58872 -1.42355 0.12828 -0.06772 -0.17043 -0.51804 0.83546
1494876517.076848269 0.59848 -1.44182 0.12981 -0.06654 -0.16833 -0.52021 0.83464
1494876517.235715389 0.60641 -1.45995 0.13201 -0.06277 -0.16563 -0.52264 0.83395
1494876517.394590139 0.70772 -1.53645 0.19395 -0.06596 -0.15789 -0.52938 0.83095
1494876517.553445339 0.63144 -1.49604 0.13491 -0.06178 -0.16594 -0.52920 0.82982
1494876517.712314844 0.66197 -1.49438 0.16223 -0.06201 -0.15983 -0.53604 0.82660
1494876517.871217489 0.65123 -1.52928 0.13443 -0.06039 -0.16738 -0.52829 0.83021
1494876518.030117989 0.66510 -1.54921 0.13386 -0.06332 -0.16722 -0.53065 0.82851
1494876518.188986778 0.68134 -1.56645 0.13536 -0.05898 -0.16875 -0.53256 0.82730
1494876518.349898338 0.68468 -1.58631 0.14196 -0.05418 -0.17111 -0.53385 0.82631
1494876518.508726120 0.69183 -1.60961 0.18388 -0.05836 -0.16659 -0.53756 0.82454
1494876518.667567253 0.69740 -1.62513 0.15503 -0.05370 -0.18131 -0.54289 0.81824
1494876518.826421261 0.67343 -1.67336 0.17218 -0.06124 -0.17796 -0.54064 0.81993
1494876518.985341311 0.70263 -1.67967 0.17214 -0.05706 -0.18078 -0.54956 0.81367
1494876519.144445419 0.71059 -1.69720 0.17567 -0.06115 -0.18482 -0.55078 0.81163
1494876519.303619862 0.72807 -1.71480 0.17201 -0.06339 -0.19270 -0.55388 0.80750
1494876519.462736130 0.73980 -1.73777 0.17243 -0.06583 -0.19957 -0.55481 0.80500
1494876519.623946905 0.75014 -1.75810 0.18233 -0.06426 -0.20293 -0.55685 0.80287
1494876519.783142090 0.75657 -1.77976 0.20074 -0.06257 -0.20164 -0.56024 0.80097
1494876519.942282915 0.76731 -1.80304 0.21230 -0.06484 -0.20678 -0.56569 0.79563
1494876520.101472855 0.77125 -1.82777 0.23091 -0.06438 -0.20840 -0.56747 0.79398
1494876520.260644913 0.77819 -1.84617 0.23949 -0.06393 -0.21172 -0.56872 0.79224
1494876520.419761419 0.78048 -1.86584 0.24338 -0.06392 -0.21511 -0.56660 0.79284
1494876520.578915596 0.79210 -1.88621 0.25555 -0.06395 -0.21637 -0.56348 0.79472
1494876520.738069773 0.81301 -1.91234 0.26987 -0.07287 -0.21858 -0.56164 0.79465
1494876520.899215937 0.82931 -1.93033 0.27888 -0.07829 -0.21860 -0.56049 0.79494
1494876521.058305502 0.84106 -1.94980 0.28902 -0.07934 -0.21806 -0.55857 0.79634
1494876521.217371941 0.85303 -1.97254 0.29818 -0.07914 -0.21878 -0.56069 0.79467
1494876521.376494408 0.85958 -1.99495 0.30857 -0.07710 -0.22063 -0.56236 0.79318
1494876521.535619736 0.86647 -2.02123 0.31977 -0.07771 -0.22533 -0.56423 0.79046
1494876521.694746971 0.90407 -2.03775 0.32316 -0.07480 -0.22635 -0.57246 0.78451
1494876521.853872776 0.88074 -2.08033 0.33190 -0.07486 -0.22020 -0.56622 0.79076
1494876522.013042450 0.86400 -2.07157 0.35280 -0.07700 -0.20777 -0.56914 0.79182
1494876522.174233913 0.89282 -2.13367 0.34712 -0.07687 -0.21243 -0.56642 0.79254
1494876522.333353996 0.91879 -2.14985 0.35589 -0.07423 -0.21260 -0.56904 0.79087
1494876522.492506027 0.92490 -2.17482 0.36719 -0.07387 -0.20955 -0.56669 0.79340
1494876522.651656628 0.93018 -2.20076 0.37505 -0.07254 -0.21099 -0.56517 0.79423
1494876522.810776234 0.93398 -2.22710 0.38507 -0.07165 -0.21321 -0.56452 0.79418
1494876522.969987154 0.92939 -2.25373 0.39226 -0.07006 -0.21574 -0.56363 0.79428
1494876523.129140139 0.93208 -2.28188 0.39431 -0.06834 -0.22073 -0.56311 0.79342
1494876523.288280249 1.00438 -2.30463 0.42584 -0.06856 -0.21971 -0.57401 0.78583
1494876523.449494362 0.95751 -2.32436 0.39774 -0.06222 -0.22647 -0.56677 0.78969
1494876523.608612537 0.96002 -2.34925 0.40631 -0.06275 -0.22770 -0.56499 0.79057
1494876523.767757893 0.96317 -2.37280 0.41137 -0.06542 -0.22789 -0.56561 0.78985
1494876523.926905155 0.97460 -2.39381 0.41997 -0.06907 -0.22412 -0.56860 0.78848
1494876524.085903883 0.99255 -2.41293 0.42183 -0.07175 -0.22348 -0.57041 0.78711
1494876524.244853258 1.00580 -2.43148 0.42737 -0.07535 -0.21914 -0.57301 0.78610
1494876524.404001713 1.01405 -2.45207 0.43295 -0.07553 -0.21653 -0.57111 0.78819
1494876524.563159704 0.99506 -2.45591 0.44152 -0.07979 -0.21118 -0.56833 0.79122
1494876524.724383831 1.03668 -2.49245 0.44135 -0.08385 -0.21164 -0.56862 0.79047
1494876524.883382797 1.05382 -2.50704 0.44682 -0.08802 -0.20931 -0.57027 0.78945
1494876525.042314529 1.06389 -2.52575 0.45051 -0.08763 -0.20783 -0.56968 0.79031
1494876525.201199770 1.07063 -2.55031 0.45108 -0.08563 -0.20602 -0.56823 0.79205
1494876525.360095978 1.07484 -2.57485 0.45359 -0.08196 -0.20394 -0.56768 0.79337
1494876525.518985271 1.09605 -2.58470 0.46369 -0.08062 -0.20336 -0.56989 0.79207
1494876525.677920580 1.08500 -2.61022 0.46699 -0.07565 -0.20400 -0.56476 0.79606
1494876525.836829185 1.08881 -2.62865 0.47519 -0.07385 -0.20078 -0.56225 0.79882
1494876525.997865200 1.09416 -2.64389 0.48592 -0.06851 -0.18883 -0.56269 0.80189
1494876526.156977892 1.09370 -2.66019 0.48818 -0.06914 -0.18044 -0.56382 0.80297
1494876526.316045761 1.08980 -2.67515 0.49420 -0.06968 -0.17760 -0.56518 0.80260
1494876526.475054264 1.10472 -2.68842 0.50264 -0.06722 -0.17465 -0.56657 0.80248
1494876526.634047270 1.10358 -2.70756 0.50877 -0.06548 -0.17564 -0.56344 0.80461
1494876526.793068409 1.10983 -2.72044 0.52093 -0.06503 -0.17353 -0.56250 0.80576
1494876526.952056408 1.11187 -2.73928 0.52502 -0.06280 -0.16884 -0.56087 0.80807
1494876527.111158371 1.11700 -2.75354 0.52979 -0.06371 -0.16471 -0.56127 0.80857
1494876527.272158384 1.12274 -2.76797 0.53145 -0.06456 -0.16637 -0.55770 0.81063
1494876527.431167364 1.13847 -2.78097 0.53261 -0.06589 -0.16778 -0.55333 0.81322
1494876527.590212584 1.14358 -2.79923 0.53760 -0.07007 -0.16959 -0.54757 0.81640
1494876527.749236822 1.15946 -2.81524 0.54292 -0.07324 -0.17097 -0.54479 0.81768
1494876527.908263206 1.17158 -2.83433 0.54879 -0.07064 -0.17072 -0.53773 0.82262
1494876528.067306757 1.18286 -2.85388 0.55031 -0.07000 -0.17194 -0.53188 0.82622
1494876528.226313829 1.19996 -2.86669 0.55726 -0.07133 -0.17189 -0.53192 0.82609
1494876528.385321856 1.20778 -2.89082 0.55006 -0.07367 -0.17348 -0.52949 0.82712
1494876528.546373606 1.21690 -2.90855 0.54919 -0.07243 -0.17111 -0.52915 0.82793
1494876528.705360651 1.22190 -2.92714 0.54751 -0.07139 -0.17408 -0.52707 0.82873
1494876528.864404917 1.22565 -2.94656 0.54859 -0.07053 -0.17895 -0.52575 0.82861
1494876529.023411036 1.22962 -2.96619 0.55191 -0.06764 -0.18327 -0.52523 0.82823
1494876529.182440519 1.22890 -2.98747 0.55410 -0.06771 -0.19068 -0.52217 0.82849
1494876529.341481924 1.23027 -3.01040 0.55836 -0.06927 -0.19935 -0.51775 0.82910
1494876529.500519753 1.23336 -3.02756 0.56301 -0.06657 -0.20524 -0.52111 0.82577
1494876529.659539938 1.23168 -3.04354 0.56644 -0.06570 -0.20664 -0.52491 0.82308
1494876529.820594788 1.22946 -3.05822 0.56810 -0.06416 -0.20977 -0.52639 0.82146
1494876529.979605436 1.22475 -3.07312 0.57039 -0.06325 -0.21410 -0.52667 0.82023
1494876530.138641596 1.22515 -3.09023 0.56781 -0.06594 -0.21866 -0.52677 0.81875
1494876530.297669888 1.22540 -3.10625 0.56759 -0.06468 -0.22054 -0.52605 0.81881
1494876530.456724167 1.22390 -3.12463 0.56197 -0.06339 -0.22376 -0.52414 0.81926
1494876530.615694284 1.22215 -3.14287 0.56198 -0.05939 -0.22509 -0.52239 0.82031
1494876530.774743557 1.22589 -3.15376 0.56661 -0.05762 -0.22476 -0.52084 0.82151
1494876530.933760881 1.22978 -3.16859 0.57206 -0.05944 -0.22770 -0.51926 0.82158
1494876531.094825745 1.23215 -3.18344 0.57869 -0.06577 -0.22712 -0.51986 0.82087
1494876531.253863573 1.23646 -3.19624 0.58881 -0.06939 -0.22501 -0.52282 0.81928
1494876531.412870407 1.23678 -3.21165 0.59954 -0.07352 -0.22478 -0.52388 0.81830
1494876531.571932793 1.23618 -3.22958 0.61118 -0.07448 -0.22617 -0.52559 0.81674
1494876531.730989218 1.23051 -3.24700 0.61771 -0.07522 -0.22682 -0.52503 0.81685
1494876531.890002251 1.22752 -3.26046 0.62477 -0.07630 -0.22827 -0.52534 0.81614
1494876532.049070358 1.21997 -3.27895 0.62850 -0.07811 -0.22842 -0.52332 0.81722
1494876532.208130598 1.21796 -3.29231 0.63680 -0.07941 -0.22441 -0.52546 0.81684
1494876532.369195700 1.22070 -3.30819 0.63840 -0.08564 -0.22268 -0.52671 0.81588
1494876532.528225183 1.22902 -3.31821 0.64604 -0.08929 -0.21947 -0.53071 0.81376
1494876532.687229872 1.23505 -3.33451 0.65104 -0.09361 -0.21912 -0.53108 0.81313
1494876532.846280336 1.23638 -3.35246 0.66089 -0.09757 -0.21612 -0.53364 0.81179
1494876533.005295515 1.23513 -3.37215 0.67043 -0.09853 -0.21403 -0.54000 0.80801
1494876533.164337158 1.23391 -3.38961 0.68143 -0.10850 -0.21351 -0.54552 0.80315
1494876533.323376656 1.23708 -3.40799 0.69178 -0.11356 -0.22318 -0.54721 0.79866
1494876533.482492208 1.23873 -3.42771 0.70003 -0.10955 -0.23066 -0.54394 0.79933
1494876533.643660784 1.24178 -3.44296 0.70632 -0.10492 -0.23451 -0.53955 0.80180
1494876533.802760124 1.24867 -3.45969 0.71152 -0.10903 -0.23668 -0.53443 0.80404
1494876533.961883068 1.25620 -3.47807 0.71305 -0.11126 -0.23666 -0.53036 0.80643
1494876534.120973587 1.26024 -3.49777 0.71575 -0.10837 -0.23696 -0.52700 0.80894
1494876534.280070782 1.25979 -3.52107 0.71730 -0.10729 -0.23874 -0.52557 0.80949
1494876534.439191818 1.25362 -3.54504 0.72218 -0.10815 -0.24219 -0.52487 0.80880
1494876534.598281384 1.24901 -3.56684 0.72872 -0.11173 -0.24330 -0.52458 0.80817
1494876534.757402897 1.24588 -3.58721 0.73037 -0.11135 -0.24746 -0.52462 0.80693
1494876534.918531418 1.24224 -3.60539 0.73494 -0.11077 -0.24672 -0.52209 0.80888
1494876535.077635050 1.24608 -3.62295 0.73693 -0.11385 -0.25169 -0.51779 0.80968
1494876535.236753225 1.25382 -3.64228 0.74238 -0.11375 -0.24934 -0.51434 0.81262
1494876535.395850420 1.26217 -3.66229 0.74811 -0.11065 -0.24880 -0.50714 0.81772
1494876535.554979086 1.27194 -3.68145 0.75452 -0.10925 -0.24814 -0.49998 0.82250
1494876535.714096308 1.27769 -3.70109 0.76297 -0.11461 -0.24229 -0.49622 0.82578
1494876535.873239040 1.28412 -3.71739 0.76829 -0.12443 -0.23835 -0.49963 0.82345
1494876536.032320499 1.28523 -3.73730 0.77186 -0.13035 -0.23453 -0.50277 0.82172
1494876536.193478584 1.28495 -3.75901 0.77103 -0.12347 -0.23660 -0.49975 0.82403
1494876536.352587223 1.28677 -3.78136 0.77018 -0.11511 -0.24511 -0.49392 0.82626
1494876536.511745214 1.28869 -3.80264 0.77085 -0.10623 -0.24567 -0.49035 0.82941
1494876536.670888901 1.29194 -3.82293 0.77392 -0.09431 -0.24589 -0.48527 0.83376
1494876536.830032349 1.29863 -3.84092 0.77901 -0.09647 -0.25246 -0.47835 0.83555
1494876536.989215136 1.30891 -3.86041 0.78316 -0.09802 -0.25231 -0.47462 0.83754
1494876537.148379564 1.31756 -3.87875 0.78864 -0.09269 -0.24801 -0.47497 0.83923
1494876537.307595015 1.32399 -3.89622 0.78915 -0.09658 -0.24672 -0.47516 0.83906
1494876537.468804359 1.32800 -3.91267 0.78537 -0.09923 -0.24918 -0.47431 0.83851
1494876537.627948523 1.32658 -3.92743 0.78016 -0.09247 -0.24998 -0.47836 0.83674
1494876537.787086010 1.31980 -3.94444 0.77629 -0.07652 -0.25462 -0.48131 0.83526
1494876537.946264505 1.31192 -3.96583 0.77258 -0.05690 -0.26317 -0.48109 0.83430
1494876538.105415821 1.30633 -3.98343 0.77609 -0.03587 -0.26495 -0.48063 0.83517
1494876538.264524460 1.30923 -3.99413 0.78985 -0.04475 -0.25309 -0.48244 0.83737
1494876538.423675299 1.32270 -4.00237 0.80727 -0.06010 -0.23941 -0.49087 0.83554
1494876538.582866430 1.32941 -4.01426 0.82155 -0.07033 -0.23862 -0.49121 0.83476
1494876538.744046688 1.32758 -4.02377 0.83208 -0.07722 -0.23705 -0.48740 0.83683
1494876538.903222322 1.32950 -4.03645 0.83750 -0.07848 -0.23993 -0.48396 0.83789
1494876539.062397003 1.32751 -4.05258 0.84549 -0.08002 -0.24252 -0.47896 0.83987
1494876539.221481800 1.32898 -4.06566 0.85324 -0.08171 -0.23735 -0.47892 0.84121
1494876539.380627155 1.32746 -4.07827 0.86052 -0.08130 -0.23549 -0.47974 0.84130
1494876539.539797068 1.32636 -4.09109 0.86811 -0.08280 -0.23924 -0.47668 0.84183
1494876539.698937654 1.32876 -4.10320 0.87534 -0.08820 -0.23802 -0.47753 0.84115
1494876539.858114481 1.33127 -4.11623 0.88249 -0.09160 -0.24239 -0.47489 0.84103
1494876540.019272327 1.33490 -4.12716 0.88828 -0.09032 -0.24248 -0.47312 0.84214
1494876540.178382635 1.33381 -4.13883 0.89619 -0.09380 -0.23989 -0.47454 0.84170
1494876540.337503910 1.33309 -4.15367 0.90508 -0.09397 -0.24096 -0.47308 0.84220
1494876540.496591091 1.33388 -4.16824 0.91317 -0.08974 -0.23928 -0.47129 0.84414
1494876540.655651808 1.33370 -4.18168 0.92132 -0.08573 -0.23797 -0.47011 0.84559
1494876540.814705372 1.33481 -4.19591 0.92540 -0.08330 -0.24038 -0.46444 0.84828
1494876540.973788500 1.33319 -4.20600 0.92879 -0.08394 -0.23933 -0.46694 0.84714
1494876541.132822752 1.33191 -4.22120 0.93143 -0.07702 -0.24710 -0.46225 0.84814
1494876541.293927431 1.33634 -4.23284 0.94456 -0.06851 -0.24474 -0.45883 0.85140
1494876541.453006506 1.33465 -4.25277 0.94392 -0.07105 -0.24137 -0.45858 0.85229
1494876541.612127542 1.33961 -4.26739 0.95158 -0.07292 -0.23671 -0.46194 0.85162
1494876541.771200418 1.34190 -4.28190 0.95670 -0.07028 -0.23616 -0.45677 0.85478
1494876541.930311680 1.34270 -4.29332 0.96347 -0.06784 -0.23215 -0.45466 0.85720
1494876542.089436531 1.34499 -4.30409 0.96856 -0.06712 -0.23443 -0.44947 0.85937
1494876542.248595953 1.34795 -4.31439 0.97588 -0.06988 -0.23488 -0.44899 0.85928
1494876542.407683611 1.35082 -4.32646 0.98623 -0.07503 -0.23058 -0.45270 0.85806
1494876542.568816900 1.35215 -4.34017 0.99649 -0.07867 -0.22603 -0.45295 0.85881
1494876542.727979660 1.35637 -4.35135 1.00608 -0.07965 -0.22092 -0.45301 0.86002
1494876542.887061357 1.35860 -4.36251 1.01590 -0.07662 -0.21827 -0.45177 0.86162
1494876543.046175480 1.36388 -4.37205 1.02282 -0.07868 -0.21785 -0.45009 0.86242
1494876543.205279589 1.37041 -4.38184 1.02708 -0.08353 -0.21833 -0.45230 0.86068
1494876543.364385843 1.37328 -4.39238 1.03562 -0.08380 -0.21693 -0.45185 0.86125
1494876543.523539543 1.37506 -4.40268 1.04136 -0.08381 -0.21710 -0.45023 0.86206
1494876543.682673454 1.37607 -4.41405 1.05051 -0.08381 -0.21206 -0.45172 0.86253
1494876543.843834877 1.38114 -4.42334 1.05829 -0.08047 -0.21142 -0.45132 0.86321
1494876544.002962351 1.38296 -4.43238 1.06672 -0.07787 -0.21049 -0.44925 0.86476
1494876544.162063599 1.38366 -4.44044 1.07733 -0.07923 -0.21019 -0.44886 0.86491
1494876544.321167231 1.38117 -4.44976 1.08046 -0.08206 -0.20970 -0.44929 0.86454
1494876544.480265379 1.38404 -4.45502 1.09308 -0.07813 -0.20997 -0.44787 0.86557
1494876544.639351130 1.38710 -4.46162 1.10258 -0.07364 -0.20878 -0.44585 0.86730
1494876544.798425198 1.38785 -4.46736 1.11642 -0.07519 -0.20783 -0.44664 0.86699
1494876544.957547426 1.39235 -4.47491 1.13237 -0.07884 -0.20837 -0.44651 0.86660
1494876545.118689299 1.39602 -4.48190 1.14822 -0.07878 -0.20749 -0.44742 0.86635
1494876545.277798414 1.40036 -4.49004 1.16189 -0.07764 -0.20680 -0.45066 0.86493
1494876545.436922789 1.39921 -4.49936 1.17552 -0.07696 -0.20367 -0.45260 0.86472
1494876545.596056223 1.40530 -4.51492 1.16109 -0.07850 -0.21014 -0.45138 0.86368
1494876545.755191803 1.40243 -4.51499 1.19225 -0.07958 -0.20526 -0.45368 0.86355
1494876545.914331675 1.40485 -4.52343 1.19947 -0.08378 -0.20806 -0.45056 0.86411
1494876546.073453903 1.41304 -4.53344 1.20262 -0.08578 -0.20944 -0.44956 0.86410
1494876546.232630491 1.41966 -4.54461 1.20677 -0.08483 -0.20408 -0.45133 0.86456
1494876546.393822908 1.42620 -4.55453 1.21451 -0.08164 -0.19676 -0.45309 0.86564
1494876546.552958250 1.43050 -4.56737 1.21902 -0.08072 -0.18343 -0.45639 0.86692
1494876546.712121487 1.43758 -4.57302 1.22661 -0.08780 -0.17691 -0.46282 0.86417
1494876546.871237755 1.43440 -4.58663 1.23478 -0.09320 -0.16866 -0.46401 0.86461
1494876547.030365229 1.43579 -4.59480 1.23854 -0.09410 -0.16062 -0.46484 0.86560
1494876547.189510107 1.43713 -4.60288 1.24056 -0.09662 -0.15995 -0.46261 0.86665
1494876547.348681927 1.43923 -4.61150 1.24930 -0.09790 -0.16358 -0.45618 0.86923
1494876547.507824183 1.44805 -4.62292 1.25537 -0.09903 -0.17012 -0.45304 0.86949
1494876547.669030428 1.45829 -4.63688 1.25693 -0.09705 -0.17032 -0.45292 0.86973
1494876547.828163147 1.46407 -4.65500 1.25967 -0.09482 -0.16601 -0.45355 0.87048
1494876547.987321854 1.47115 -4.67417 1.25702 -0.09115 -0.16396 -0.45089 0.87264
1494876548.146493673 1.48063 -4.68922 1.25503 -0.08813 -0.16194 -0.44994 0.87382
1494876548.305629492 1.51193 -4.68066 1.30389 -0.08516 -0.14561 -0.45930 0.87212
1494876548.464734793 1.53272 -4.69062 1.32509 -0.08078 -0.13981 -0.46182 0.87215
1494876548.623869658 1.55208 -4.70323 1.33636 -0.07926 -0.13855 -0.46821 0.86908
1494876548.782968760 1.57711 -4.71249 1.35689 -0.07679 -0.13612 -0.47587 0.86552
1494876548.944130659 1.59873 -4.72395 1.37288 -0.07529 -0.13645 -0.48125 0.86262
1494876549.103256226 1.57505 -4.76107 1.33047 -0.08227 -0.14703 -0.47540 0.86349
1494876549.262371778 1.57346 -4.77712 1.31806 -0.08229 -0.15032 -0.47335 0.86405
1494876549.421516418 1.58374 -4.78559 1.32962 -0.07932 -0.15057 -0.47104 0.86554
1494876549.580636740 1.59385 -4.79337 1.34003 -0.07826 -0.14957 -0.47044 0.86614
1494876549.739768505 1.60640 -4.80301 1.35324 -0.07339 -0.15103 -0.47142 0.86577
1494876549.898910761 1.61890 -4.81398 1.36679 -0.06763 -0.15323 -0.47204 0.86552
1494876550.058058023 1.63014 -4.82386 1.37871 -0.06304 -0.15660 -0.47216 0.86520
1494876550.219182014 1.63755 -4.83619 1.38774 -0.05863 -0.15664 -0.47533 0.86376
1494876550.378333807 1.56935 -4.88350 1.33877 -0.06420 -0.16739 -0.46136 0.86891
1494876550.537474394 1.56972 -4.89280 1.35528 -0.06393 -0.16637 -0.46440 0.86751
1494876550.696645021 1.59837 -4.89373 1.36015 -0.06518 -0.16966 -0.47185 0.86274
1494876550.855820179 1.61250 -4.89954 1.37003 -0.06697 -0.17200 -0.47647 0.85960
1494876551.014996529 1.61882 -4.91035 1.37918 -0.06924 -0.17411 -0.47687 0.85877
1494876551.174130201 1.63302 -4.91837 1.38660 -0.07249 -0.17987 -0.47865 0.85632
1494876551.333324671 1.64299 -4.92571 1.39420 -0.07658 -0.18601 -0.47881 0.85456
1494876551.494542122 1.59326 -4.94750 1.43481 -0.08229 -0.17896 -0.46639 0.86237
1494876551.653625727 1.60261 -4.95543 1.44279 -0.08147 -0.17810 -0.46574 0.86298
1494876551.812549353 1.60367 -4.96966 1.43959 -0.08435 -0.17831 -0.46441 0.86337
1494876551.971685171 1.61375 -4.97636 1.45521 -0.08027 -0.17609 -0.46562 0.86357
1494876552.130856752 1.62059 -4.98748 1.46403 -0.07933 -0.17124 -0.46892 0.86284
1494876552.290063143 1.62690 -5.00062 1.47350 -0.08098 -0.16996 -0.47133 0.86163
1494876552.449244738 1.63440 -5.01375 1.48423 -0.07897 -0.17086 -0.47058 0.86205
1494876552.608439207 1.64710 -5.02342 1.49081 -0.07760 -0.17267 -0.46793 0.86325
1494876552.769667387 1.65437 -5.03388 1.50077 -0.07995 -0.17449 -0.46468 0.86442
1494876552.928821802 1.66377 -5.04468 1.50772 -0.08038 -0.17571 -0.46422 0.86439
1494876553.087967396 1.67051 -5.05555 1.51724 -0.07638 -0.17682 -0.46433 0.86447
1494876553.247077465 1.67378 -5.06964 1.52012 -0.07241 -0.17803 -0.46576 0.86379
1494876553.406189203 1.67640 -5.08399 1.52452 -0.06941 -0.17984 -0.46829 0.86229
1494876553.565342426 1.68079 -5.09688 1.53061 -0.06358 -0.18001 -0.47153 0.86094
1494876553.724478960 1.68625 -5.10741 1.54009 -0.06316 -0.17854 -0.47551 0.85908
1494876553.883617878 1.69021 -5.11892 1.54532 -0.06024 -0.17908 -0.47975 0.85682
1494876554.044841766 1.69362 -5.13190 1.55089 -0.05813 -0.17941 -0.47860 0.85754
1494876554.204013586 1.69819 -5.14363 1.55657 -0.06044 -0.17531 -0.48005 0.85741
1494876554.363181114 1.70778 -5.15152 1.56215 -0.06069 -0.16921 -0.48194 0.85757
1494876554.522408962 1.71025 -5.16087 1.57047 -0.05986 -0.16751 -0.48146 0.85823
1494876554.681609392 1.71355 -5.17232 1.58079 -0.05652 -0.16598 -0.48108 0.85896
1494876554.840790510 1.71669 -5.18318 1.59153 -0.05556 -0.16816 -0.47970 0.85937
1494876554.999985218 1.72339 -5.19264 1.60166 -0.06058 -0.17058 -0.48182 0.85737
1494876555.159167767 1.73097 -5.20211 1.61415 -0.06709 -0.17216 -0.48202 0.85646
1494876555.320374250 1.74353 -5.21025 1.62375 -0.07063 -0.17412 -0.48199 0.85579
1494876555.479598284 1.75254 -5.22000 1.63196 -0.06834 -0.17821 -0.47815 0.85729
1494876555.638771534 1.76308 -5.22412 1.64314 -0.06478 -0.17633 -0.47722 0.85847
1494876555.797956705 1.76549 -5.23528 1.64030 -0.06712 -0.17785 -0.47676 0.85823
1494876555.957093239 1.77022 -5.24545 1.64626 -0.06639 -0.17927 -0.47672 0.85801
1494876556.116260290 1.77455 -5.25482 1.65084 -0.06319 -0.17780 -0.47728 0.85825
1494876556.275390387 1.77696 -5.26430 1.65711 -0.06275 -0.17623 -0.48202 0.85596
1494876556.434564352 1.78058 -5.27639 1.66435 -0.06243 -0.17760 -0.48469 0.85419
1494876556.595738649 1.78379 -5.28894 1.67347 -0.06296 -0.17557 -0.48652 0.85353
1494876556.754933596 1.78780 -5.29964 1.68312 -0.06165 -0.17392 -0.48870 0.85271
1494876556.914125919 1.79259 -5.31080 1.69008 -0.05953 -0.17509 -0.48640 0.85394
1494876557.073307514 1.79715 -5.31847 1.69676 -0.06129 -0.17420 -0.48741 0.85342
1494876557.232474804 1.80227 -5.32705 1.70199 -0.06393 -0.17683 -0.48962 0.85142
1494876557.391672373 1.80589 -5.33850 1.70482 -0.06194 -0.17992 -0.48918 0.85117
1494876557.550840855 1.81099 -5.34843 1.70652 -0.05786 -0.17741 -0.49138 0.85072
1494876557.710016727 1.81409 -5.35941 1.70887 -0.05512 -0.17422 -0.49413 0.84997
1494876557.871252060 1.81657 -5.36980 1.71342 -0.05024 -0.17358 -0.49607 0.84927
1494876558.030381203 1.82458 -5.37707 1.71628 -0.04770 -0.17983 -0.49901 0.84639
1494876558.189550161 1.82338 -5.38904 1.71833 -0.04597 -0.18737 -0.49956 0.84452
1494876558.348703623 1.82502 -5.40017 1.71993 -0.04491 -0.19143 -0.50081 0.84293
1494876558.507868528 1.83199 -5.41180 1.72500 -0.04688 -0.19205 -0.50539 0.83994
1494876558.667029142 1.84248 -5.42249 1.72959 -0.04907 -0.18556 -0.51136 0.83766
1494876558.826189995 1.84820 -5.43679 1.73013 -0.05321 -0.18712 -0.51587 0.83429
1494876558.985325813 1.84810 -5.45437 1.73186 -0.05582 -0.19294 -0.51540 0.83308
1494876559.146474838 1.88451 -5.45401 1.72215 -0.05956 -0.19914 -0.52035 0.82827
1494876559.305508137 1.87429 -5.48090 1.72916 -0.06350 -0.20145 -0.51275 0.83215
1494876559.464584351 1.89049 -5.49617 1.72551 -0.06640 -0.20844 -0.51103 0.83126
1494876559.623603582 1.90827 -5.51247 1.71507 -0.07357 -0.21910 -0.50557 0.83125
1494876559.782651424 1.91750 -5.53234 1.70403 -0.07230 -0.22092 -0.50274 0.83260
1494876559.941655159 1.92624 -5.54893 1.69407 -0.07341 -0.21522 -0.50380 0.83335
1494876560.100680113 1.93921 -5.56793 1.68630 -0.07376 -0.21165 -0.50510 0.83345
1494876560.259699345 1.95848 -5.58444 1.68447 -0.07751 -0.20670 -0.50492 0.83446
1494876560.420783997 1.97503 -5.60132 1.68160 -0.08507 -0.20641 -0.50437 0.83413
1494876560.579827547 1.98551 -5.62122 1.67680 -0.09220 -0.20781 -0.50349 0.83355
1494876560.738855362 1.99857 -5.63918 1.67283 -0.09725 -0.21065 -0.50679 0.83026
1494876560.897935629 2.00996 -5.66382 1.66418 -0.09495 -0.22130 -0.51127 0.82499
1494876561.056954861 2.02649 -5.68990 1.65891 -0.09173 -0.22639 -0.51319 0.82278
1494876561.215985060 2.03720 -5.71351 1.64705 -0.09316 -0.22866 -0.51261 0.82235
1494876561.375045776 2.04825 -5.73509 1.63644 -0.09146 -0.22674 -0.51128 0.82390
1494876561.534082413 2.05712 -5.75414 1.62512 -0.09115 -0.22493 -0.51150 0.82430
1494876561.695134878 2.06396 -5.77458 1.61388 -0.09614 -0.22093 -0.51497 0.82265
1494876561.854193449 2.07013 -5.79600 1.61095 -0.09704 -0.21471 -0.51618 0.82343
1494876562.013264894 2.07938 -5.81864 1.61100 -0.09413 -0.21314 -0.51632 0.82409
1494876562.172313213 2.08750 -5.84287 1.61140 -0.08895 -0.21739 -0.51023 0.82734
1494876562.331372261 2.09196 -5.86291 1.61055 -0.08058 -0.22129 -0.50289 0.83165
1494876562.490445852 2.09939 -5.87788 1.60857 -0.07558 -0.22823 -0.50281 0.83029
1494876562.649525642 2.10659 -5.89754 1.60648 -0.07794 -0.23509 -0.50183 0.82875
1494876562.808592796 2.11333 -5.91864 1.60591 -0.08091 -0.23354 -0.50190 0.82886
1494876562.969702959 2.12292 -5.94000 1.60471 -0.08268 -0.22378 -0.50611 0.82882
1494876563.128747463 2.13978 -5.95288 1.60540 -0.08235 -0.21109 -0.50891 0.83046
1494876563.287832022 2.15426 -5.96571 1.60317 -0.08725 -0.20773 -0.50686 0.83206
1494876563.446881056 2.16347 -5.98169 1.60231 -0.08865 -0.20373 -0.50382 0.83475
1494876563.605947971 2.17484 -5.99622 1.60081 -0.08797 -0.20208 -0.50265 0.83592
1494876563.765013933 2.18495 -6.00913 1.59950 -0.09180 -0.20079 -0.50237 0.83599
1494876563.924062490 2.19497 -6.02274 1.59886 -0.09386 -0.20602 -0.50049 0.83562
1494876564.083140850 2.20330 -6.04004 1.59797 -0.09387 -0.21302 -0.49518 0.83702
1494876564.244287252 2.21043 -6.05835 1.60072 -0.09187 -0.21157 -0.49449 0.83802
1494876564.403355122 2.22384 -6.07110 1.60267 -0.09146 -0.20835 -0.49814 0.83671
1494876564.562437534 2.23312 -6.08229 1.60585 -0.09132 -0.20598 -0.50026 0.83605
1494876564.721564054 2.23954 -6.09364 1.60660 -0.09254 -0.20509 -0.50208 0.83504
1494876564.880680561 2.24694 -6.10392 1.60715 -0.09546 -0.20845 -0.50343 0.83306
1494876565.039856195 2.25322 -6.11632 1.60759 -0.09609 -0.21039 -0.50339 0.83253
1494876565.199071407 2.25139 -6.13443 1.60937 -0.09373 -0.21312 -0.49989 0.83421
1494876565.358159304 2.25597 -6.14744 1.61058 -0.09326 -0.21332 -0.49784 0.83543
1494876565.519270897 2.25967 -6.15892 1.61319 -0.09178 -0.20894 -0.49758 0.83686
1494876565.678343058 2.26422 -6.16917 1.61683 -0.08862 -0.20692 -0.49710 0.83799
1494876565.837429285 2.26987 -6.17949 1.62260 -0.08457 -0.20759 -0.49843 0.83745
1494876565.996495247 2.27362 -6.18863 1.63018 -0.08120 -0.20768 -0.50076 0.83637
1494876566.155556202 2.27637 -6.19828 1.63798 -0.07982 -0.20763 -0.50287 0.83525
1494876566.314578772 2.27714 -6.20884 1.64555 -0.07943 -0.20722 -0.50453 0.83439
1494876566.473632574 2.28079 -6.21434 1.65365 -0.07666 -0.20547 -0.50592 0.83424
1494876566.632649899 2.28304 -6.22183 1.66302 -0.07391 -0.20966 -0.50399 0.83461
1494876566.793752909 2.28749 -6.22982 1.67515 -0.07575 -0.21022 -0.50440 0.83406
1494876566.952806711 2.29152 -6.24293 1.68664 -0.07293 -0.21165 -0.50280 0.83491
1494876567.111606836 2.29698 -6.24958 1.69899 -0.07054 -0.20974 -0.50423 0.83474
1494876567.270459414 2.29920 -6.25521 1.70868 -0.07433 -0.21025 -0.50753 0.83228
1494876567.429296732 2.29897 -6.26345 1.72011 -0.07864 -0.20989 -0.51067 0.83005
1494876567.588134766 2.29960 -6.27309 1.73077 -0.07976 -0.20775 -0.51286 0.82913
1494876567.747005939 2.30209 -6.28095 1.74261 -0.07769 -0.20445 -0.51442 0.82918
1494876567.905861139 2.30608 -6.28723 1.75354 -0.07815 -0.20616 -0.51454 0.82864
1494876568.066757202 2.31029 -6.29484 1.76450 -0.08154 -0.20773 -0.51593 0.82705
1494876568.225616217 2.31514 -6.30258 1.77288 -0.08645 -0.20717 -0.51559 0.82690
1494876568.384518623 2.31933 -6.31201 1.77831 -0.08524 -0.20978 -0.51391 0.82742
1494876568.543406248 2.32425 -6.32178 1.78179 -0.08262 -0.21029 -0.51228 0.82857
1494876568.702294588 2.33079 -6.33216 1.78453 -0.08098 -0.21162 -0.51105 0.82914
1494876568.861195803 2.33773 -6.34361 1.79106 -0.08160 -0.20714 -0.50825 0.83193
1494876569.020068645 2.34601 -6.35067 1.79727 -0.08443 -0.20285 -0.51185 0.83050
1494876569.179000378 2.35231 -6.35881 1.80336 -0.08920 -0.20306 -0.51520 0.82788
1494876569.339958906 2.35532 -6.37120 1.80997 -0.09159 -0.20730 -0.51685 0.82553
1494876569.498826981 2.35963 -6.38443 1.81666 -0.09427 -0.20773 -0.52006 0.82310
1494876569.657682419 2.36328 -6.39832 1.82194 -0.09264 -0.20991 -0.51919 0.82328
1494876569.816557646 2.37183 -6.40931 1.82423 -0.08997 -0.20952 -0.51950 0.82349
1494876569.975433826 2.38005 -6.42054 1.82486 -0.09009 -0.21113 -0.51890 0.82344
1494876570.134349108 2.38708 -6.43360 1.82550 -0.08969 -0.21071 -0.52012 0.82282
1494876570.293265343 2.39533 -6.44773 1.82610 -0.08705 -0.20949 -0.52141 0.82260
1494876570.452118397 2.40277 -6.46223 1.82926 -0.08572 -0.20914 -0.52352 0.82149
1494876570.612995386 2.41046 -6.47576 1.83531 -0.08508 -0.20674 -0.52957 0.81827
1494876570.771840572 2.41673 -6.49113 1.84104 -0.08285 -0.21078 -0.53154 0.81619
1494876570.930746555 2.42278 -6.50497 1.85015 -0.08159 -0.21116 -0.53356 0.81490
1494876571.089611530 2.43177 -6.51582 1.85929 -0.08457 -0.20578 -0.53623 0.81423
1494876571.248512030 2.44203 -6.52634 1.86507 -0.08811 -0.20847 -0.53430 0.81443
1494876571.407360792 2.45045 -6.53956 1.86992 -0.09279 -0.21061 -0.53124 0.81537
1494876571.566413879 2.46259 -6.55065 1.87272 -0.09494 -0.20849 -0.53093 0.81586
1494876571.725512743 2.47109 -6.56482 1.87204 -0.09461 -0.20984 -0.52929 0.81662
1494876571.886670828 2.47636 -6.57807 1.87397 -0.08679 -0.20691 -0.52854 0.81872
1494876572.045780182 2.48660 -6.59177 1.87212 -0.08241 -0.20770 -0.52995 0.81806
1494876572.204891205 2.49253 -6.60365 1.87499 -0.08601 -0.20683 -0.53010 0.81782
1494876572.363985777 2.49955 -6.61438 1.87785 -0.08757 -0.20672 -0.53134 0.81687
1494876572.523076773 2.50758 -6.62338 1.88156 -0.09154 -0.20694 -0.53286 0.81539
1494876572.682122707 2.51527 -6.63683 1.88152 -0.08991 -0.20966 -0.53062 0.81633
1494876572.841204166 2.52074 -6.64888 1.88375 -0.08638 -0.21079 -0.53146 0.81587
1494876573.000301838 2.52422 -6.66054 1.88697 -0.08714 -0.21208 -0.53269 0.81466
1494876573.161395311 2.52908 -6.67120 1.89006 -0.08643 -0.21572 -0.53297 0.81360
1494876573.320482492 2.53317 -6.68081 1.89522 -0.08439 -0.21708 -0.53177 0.81423
1494876573.479582310 2.53785 -6.68980 1.89738 -0.08237 -0.21894 -0.53112 0.81437
1494876573.638710976 2.54227 -6.69653 1.90154 -0.08127 -0.21833 -0.53151 0.81439
1494876573.797812223 2.54628 -6.70406 1.90569 -0.07967 -0.21887 -0.53224 0.81392
1494876573.956912041 2.55001 -6.71198 1.91010 -0.07829 -0.22070 -0.53187 0.81381
1494876574.115972519 2.55448 -6.71611 1.91546 -0.07751 -0.22062 -0.53178 0.81396
1494876574.275083542 2.55984 -6.72143 1.91948 -0.07810 -0.22146 -0.52967 0.81505
1494876574.436219931 2.56208 -6.72432 1.92540 -0.07814 -0.21811 -0.53027 0.81555
1494876574.595347881 2.56154 -6.72814 1.93302 -0.08118 -0.21840 -0.53292 0.81345
1494876574.754519463 2.56062 -6.73504 1.94091 -0.08428 -0.22091 -0.53609 0.81037
1494876574.913689613 2.56000 -6.74379 1.95149 -0.08204 -0.22237 -0.53736 0.80936
1494876575.072829008 2.56132 -6.75290 1.96171 -0.08153 -0.22280 -0.54004 0.80751
1494876575.231971979 2.56062 -6.75976 1.96835 -0.08237 -0.22418 -0.54113 0.80631
1494876575.391069412 2.56261 -6.76719 1.97238 -0.08161 -0.22946 -0.54211 0.80424
1494876575.550205708 2.56309 -6.77430 1.97489 -0.07608 -0.23070 -0.54123 0.80502
1494876575.711393833 2.56329 -6.78207 1.97813 -0.07096 -0.22765 -0.54344 0.80487
1494876575.870519400 2.56581 -6.78757 1.98438 -0.07028 -0.22235 -0.54566 0.80491
1494876576.029774666 2.56714 -6.79480 1.99078 -0.06842 -0.22090 -0.54580 0.80537
1494876576.189017534 2.56887 -6.80106 2.00176 -0.06900 -0.21812 -0.54748 0.80494
1494876576.348257065 2.56737 -6.80680 2.01450 -0.06964 -0.21648 -0.54957 0.80391
1494876576.507491112 2.56465 -6.81427 2.02819 -0.06853 -0.21569 -0.55111 0.80316
1494876576.666728735 2.56202 -6.82123 2.04202 -0.07011 -0.21881 -0.55288 0.80096
1494876576.825936317 2.56323 -6.82942 2.05366 -0.07415 -0.22356 -0.55311 0.79912
1494876576.987236261 2.56589 -6.83402 2.06388 -0.07806 -0.22434 -0.55403 0.79789
1494876577.146441936 2.56695 -6.83865 2.06927 -0.07966 -0.22263 -0.55545 0.79722
1494876577.305641651 2.56774 -6.84370 2.07103 -0.08053 -0.22395 -0.55543 0.79678
1494876577.464803696 2.56735 -6.84948 2.07186 -0.07654 -0.22221 -0.55636 0.79701
1494876577.624024391 2.56989 -6.85300 2.07275 -0.07572 -0.21756 -0.55722 0.79777
1494876577.783222914 2.57454 -6.85599 2.07403 -0.07576 -0.21840 -0.55634 0.79815
1494876577.942418337 2.57719 -6.86319 2.07721 -0.07564 -0.22210 -0.55527 0.79789
1494876578.101541042 2.57814 -6.87072 2.08050 -0.07757 -0.22658 -0.55446 0.79701
1494876578.262760639 2.58108 -6.87934 2.08178 -0.08041 -0.23193 -0.55475 0.79498
1494876578.421947002 2.58445 -6.89038 2.08128 -0.08132 -0.23580 -0.55469 0.79379
1494876578.581101179 2.58725 -6.90025 2.07779 -0.08127 -0.23569 -0.55580 0.79305
1494876578.740251064 2.59046 -6.90934 2.07308 -0.07832 -0.23186 -0.55802 0.79292
1494876578.899437428 2.59348 -6.91672 2.06876 -0.07373 -0.22732 -0.55920 0.79384
1494876579.058611155 2.59600 -6.92566 2.06335 -0.07460 -0.23189 -0.55843 0.79298
1494876579.217840433 2.60070 -6.93644 2.06034 -0.07784 -0.23878 -0.55581 0.79246
1494876579.377079964 2.60612 -6.94415 2.06045 -0.07734 -0.23279 -0.55799 0.79277
1494876579.538327694 2.60961 -6.95271 2.05798 -0.07661 -0.22993 -0.55830 0.79345
1494876579.697598219 2.61369 -6.96058 2.05844 -0.08099 -0.22469 -0.56030 0.79311
1494876579.856794119 2.61653 -6.96818 2.05856 -0.08046 -0.22313 -0.56199 0.79241
1494876580.016076326 2.61617 -6.97760 2.05649 -0.08270 -0.22694 -0.56279 0.79052
1494876580.175286055 2.61730 -6.98580 2.05259 -0.09093 -0.23243 -0.56486 0.78654
1494876580.334491014 2.61884 -6.99363 2.04942 -0.09260 -0.22795 -0.56777 0.78556
1494876580.493686199 2.61995 -7.00179 2.04465 -0.08289 -0.22183 -0.56679 0.78909
1494876580.652920008 2.62246 -7.00972 2.04380 -0.07768 -0.21315 -0.56878 0.79059
1494876580.814171314 2.62597 -7.01748 2.04733 -0.07844 -0.20846 -0.56944 0.79128
1494876580.973351955 2.62801 -7.02553 2.05363 -0.07593 -0.20666 -0.56876 0.79249
1494876581.132529259 2.62878 -7.03361 2.06308 -0.07520 -0.20529 -0.56861 0.79302
1494876581.291603565 2.62975 -7.04114 2.07375 -0.07674 -0.20897 -0.57040 0.79062
1494876581.450682163 2.63085 -7.04734 2.08542 -0.07909 -0.21191 -0.57080 0.78932
1494876581.609762430 2.63218 -7.05582 2.09179 -0.07967 -0.21854 -0.56894 0.78880
1494876581.768823385 2.63559 -7.06353 2.09613 -0.08167 -0.22324 -0.56953 0.78685
1494876581.927915335 2.63694 -7.07114 2.09740 -0.08462 -0.22093 -0.57042 0.78655
1494876582.089033842 2.63689 -7.07899 2.09800 -0.08170 -0.21771 -0.57277 0.78604
1494876582.248122931 2.63706 -7.08882 2.09994 -0.08032 -0.21486 -0.57471 0.78555
1494876582.407222986 2.63823 -7.09921 2.10393 -0.07783 -0.21441 -0.57768 0.78374
1494876582.566299200 2.63832 -7.10916 2.10691 -0.07756 -0.21000 -0.57998 0.78326
1494876582.725363016 2.64017 -7.11820 2.10787 -0.07910 -0.20962 -0.58054 0.78280
1494876582.884525061 2.64529 -7.12583 2.10972 -0.08096 -0.20816 -0.57882 0.78427
1494876583.043703318 2.65086 -7.12963 2.10915 -0.08311 -0.20584 -0.57913 0.78443
1494876583.202850103 2.65709 -7.13422 2.10931 -0.08615 -0.20871 -0.57740 0.78462
1494876583.364077091 2.66212 -7.14024 2.11046 -0.08746 -0.20847 -0.57867 0.78360
1494876583.523221016 2.66802 -7.14794 2.11473 -0.08682 -0.20293 -0.58287 0.78201
1494876583.682421684 2.67104 -7.15727 2.11931 -0.08313 -0.20359 -0.58891 0.77770
1494876583.841594934 2.67018 -7.16344 2.12568 -0.07825 -0.20304 -0.59632 0.77269
1494876584.000747681 2.66814 -7.17228 2.12914 -0.07909 -0.21210 -0.59685 0.76976
1494876584.159908295 2.66822 -7.17965 2.13727 -0.08638 -0.22151 -0.59512 0.76766
1494876584.319095850 2.67110 -7.18446 2.14557 -0.09508 -0.22731 -0.59562 0.76454
1494876584.478278160 2.67467 -7.19144 2.15095 -0.10172 -0.23424 -0.59316 0.76351
1494876584.639510870 2.68445 -7.19847 2.15456 -0.10867 -0.23859 -0.59231 0.76186
1494876584.798685312 2.69597 -7.20444 2.15737 -0.11018 -0.23963 -0.59282 0.76092
1494876584.957818508 2.70635 -7.21746 2.16139 -0.10919 -0.23917 -0.59161 0.76215
1494876585.117004633 2.71350 -7.23059 2.16643 -0.11094 -0.23331 -0.59676 0.75969
1494876585.276220560 2.71774 -7.24505 2.17031 -0.11267 -0.22995 -0.60221 0.75616
1494876585.435431242 2.72171 -7.26101 2.17392 -0.11129 -0.22736 -0.60515 0.75480
1494876585.594618320 2.72611 -7.27550 2.17548 -0.11403 -0.22249 -0.60916 0.75261
1494876585.753807783 2.73442 -7.28902 2.17352 -0.11652 -0.22084 -0.60870 0.75308
1494876585.915019274 2.74949 -7.30350 2.16755 -0.12051 -0.21639 -0.61024 0.75250
1494876586.074216127 2.75706 -7.31964 2.16259 -0.12080 -0.21303 -0.61149 0.75240
1494876586.233401537 2.76183 -7.33651 2.16130 -0.12216 -0.20857 -0.61399 0.75140
1494876586.392556906 2.76866 -7.35255 2.16009 -0.12015 -0.20647 -0.61505 0.75143
1494876586.551713228 2.77119 -7.37018 2.16289 -0.11281 -0.20695 -0.61361 0.75361
1494876586.710897684 2.77354 -7.38398 2.16772 -0.10826 -0.20760 -0.61117 0.75608
1494876586.870019197 2.77953 -7.40214 2.16754 -0.10817 -0.21445 -0.61284 0.75282
1494876587.029165745 2.78192 -7.42015 2.16916 -0.10376 -0.21556 -0.61574 0.75076
1494876587.190355301 2.78074 -7.43266 2.17614 -0.10337 -0.21626 -0.61937 0.74761
1494876587.349477291 2.78137 -7.45304 2.17175 -0.09977 -0.22361 -0.62078 0.74477
1494876587.508668423 2.78219 -7.46250 2.17786 -0.09037 -0.22612 -0.62013 0.74575
1494876587.667790651 2.77979 -7.45103 2.17749 -0.08081 -0.22236 -0.61851 0.74931
1494876587.826969862 2.77276 -7.49278 2.16710 -0.07149 -0.22537 -0.60873 0.75733
1494876587.986192465 2.77400 -7.48343 2.17321 -0.08679 -0.21201 -0.61375 0.75553
1494876588.145396709 2.76157 -7.52087 2.15928 -0.09916 -0.21500 -0.60708 0.75855
1494876588.304603577 2.76281 -7.53394 2.16107 -0.10167 -0.20749 -0.60832 0.75932
1494876588.465902090 2.75413 -7.53764 2.17163 -0.09515 -0.20450 -0.60629 0.76259
1494876588.625106335 2.74352 -7.54298 2.17894 -0.09030 -0.20448 -0.60077 0.76753
1494876588.784309149 2.72693 -7.55401 2.18847 -0.08785 -0.20780 -0.59239 0.77342
1494876588.943461657 2.72344 -7.56792 2.19491 -0.08749 -0.20956 -0.59166 0.77355
1494876589.102601528 2.71642 -7.58829 2.20943 -0.08356 -0.21496 -0.59086 0.77310
1494876589.261669636 2.71030 -7.61695 2.22093 -0.08157 -0.21996 -0.59125 0.77161
1494876589.420826674 2.73610 -7.63978 2.21417 -0.06446 -0.23009 -0.59683 0.76596
1494876589.579931974 2.72730 -7.64840 2.24263 -0.04187 -0.22548 -0.60335 0.76379
1494876589.741096020 2.72536 -7.66432 2.24289 -0.03011 -0.22706 -0.60584 0.76190
1494876589.900194168 2.72923 -7.67035 2.23710 -0.04757 -0.22378 -0.61415 0.75530
1494876590.059278727 2.71553 -7.71486 2.23821 -0.07950 -0.22131 -0.61730 0.75076
1494876590.218384743 2.70442 -7.73067 2.23789 -0.09326 -0.21447 -0.61434 0.75359
1494876590.377506018 2.69973 -7.73303 2.25051 -0.08942 -0.19400 -0.61342 0.76032
1494876590.536600351 2.68895 -7.73999 2.26219 -0.08054 -0.18618 -0.61017 0.76586
1494876590.695713997 2.65526 -7.75079 2.25689 -0.09194 -0.18747 -0.59755 0.77416
1494876590.854811668 2.67675 -7.74125 2.24710 -0.10142 -0.19161 -0.59082 0.77713
1494876591.015926123 2.68706 -7.73274 2.22747 -0.10194 -0.20494 -0.58016 0.78168
1494876591.175031900 2.67257 -7.82638 2.29101 -0.09742 -0.21299 -0.56221 0.79313
1494876591.334111929 2.69038 -7.85885 2.30619 -0.09210 -0.21854 -0.55511 0.79725
1494876591.493264914 2.69499 -7.87940 2.31268 -0.09472 -0.21683 -0.54740 0.80273
1494876591.652397871 2.67966 -7.90722 2.31136 -0.09733 -0.21106 -0.53808 0.81022
1494876591.811533928 2.66909 -7.89324 2.33190 -0.09491 -0.19663 -0.53436 0.81657
1494876591.970659733 2.66455 -7.91284 2.32363 -0.10065 -0.19374 -0.52886 0.82015
1494876592.129791498 2.68340 -7.94108 2.33197 -0.10448 -0.19122 -0.52540 0.82248
1494876592.290936708 2.71907 -7.99778 2.32719 -0.10627 -0.19826 -0.52013 0.82393
1494876592.450050592 2.73218 -8.02054 2.33844 -0.10309 -0.19883 -0.51595 0.82682
1494876592.609171391 2.75027 -8.04948 2.32653 -0.10412 -0.20213 -0.51470 0.82667
1494876592.768240929 2.74969 -8.06615 2.32770 -0.10262 -0.20531 -0.51121 0.82824
1494876592.927335501 2.72323 -8.11155 2.30644 -0.11058 -0.21143 -0.50211 0.83124
1494876593.086459637 2.72397 -8.13539 2.30110 -0.11102 -0.21345 -0.49880 0.83265
1494876593.245497942 2.71965 -8.16449 2.30306 -0.11219 -0.21579 -0.49613 0.83349
1494876593.404554605 2.72304 -8.18397 2.30763 -0.11339 -0.21707 -0.49441 0.83401
1494876593.565596581 2.71554 -8.21699 2.29863 -0.11991 -0.22014 -0.48803 0.83606
1494876593.724596739 2.75452 -8.16316 2.39867 -0.11103 -0.20447 -0.49933 0.83459
1494876593.883626461 2.73181 -8.24044 2.35620 -0.12508 -0.21470 -0.48331 0.83945
1494876594.042606354 2.73375 -8.26739 2.36141 -0.13140 -0.21694 -0.47533 0.84246
1494876594.201642752 2.78299 -8.26810 2.40597 -0.12942 -0.21631 -0.47745 0.84173
1494876594.360721827 2.75605 -8.28447 2.40514 -0.13158 -0.21200 -0.46344 0.85027
1494876594.519720793 2.77263 -8.31616 2.39281 -0.12981 -0.21777 -0.45074 0.85589
1494876594.678731203 2.77894 -8.31094 2.40707 -0.12731 -0.21246 -0.44789 0.85910
1494876594.839816570 2.79656 -8.33533 2.41541 -0.13075 -0.21291 -0.44516 0.85989
1494876594.998883247 2.79710 -8.34554 2.42251 -0.12504 -0.21254 -0.44048 0.86323
1494876595.157999516 2.78187 -8.35352 2.41741 -0.11785 -0.21081 -0.43316 0.86836
1494876595.317085505 2.79947 -8.35374 2.43432 -0.11586 -0.21084 -0.43768 0.86635
1494876595.476170778 2.81401 -8.35621 2.44794 -0.11591 -0.21073 -0.44469 0.86279
1494876595.635236025 2.82865 -8.35669 2.45934 -0.12131 -0.20955 -0.45600 0.85641
1494876595.794335604 2.84357 -8.35608 2.46561 -0.13107 -0.21382 -0.46601 0.84849
1494876595.953404903 2.88186 -8.42647 2.51339 -0.14407 -0.22741 -0.46714 0.84221
1494876596.114543200 2.74155 -8.52006 2.41677 -0.17546 -0.22973 -0.43521 0.85266
1494876596.273617744 2.74587 -8.52099 2.43981 -0.17124 -0.22684 -0.42782 0.85801
1494876596.432695150 2.74866 -8.55912 2.42769 -0.16963 -0.22974 -0.41949 0.86167
1494876596.591829538 2.75081 -8.56577 2.43849 -0.15913 -0.22589 -0.41857 0.86513
1494876596.750924349 2.74376 -8.60154 2.43610 -0.15552 -0.23132 -0.40838 0.86921
1494876596.909959078 2.74293 -8.61300 2.44985 -0.15435 -0.23124 -0.40268 0.87210
1494876597.069023371 2.73507 -8.65983 2.44711 -0.16804 -0.23666 -0.39302 0.87252
1494876597.228102684 2.73858 -8.68616 2.45983 -0.18132 -0.23354 -0.39031 0.87192
1494876597.389205217 2.74090 -8.71830 2.46216 -0.18876 -0.22507 -0.38875 0.87326
1494876597.548270226 2.74321 -8.73043 2.48026 -0.18396 -0.21660 -0.38599 0.87764
1494876597.707326889 2.76351 -8.74980 2.48636 -0.17488 -0.21871 -0.37470 0.88385
1494876597.866417646 2.76664 -8.77663 2.50014 -0.16612 -0.21798 -0.36126 0.89128
1494876598.025503874 2.77080 -8.79666 2.49586 -0.15544 -0.22163 -0.35018 0.89671
1494876598.184588671 2.76854 -8.84961 2.48461 -0.15613 -0.22415 -0.33399 0.90212
1494876598.343638659 2.76843 -8.86290 2.53254 -0.15032 -0.21090 -0.32345 0.91011
1494876598.502708912 2.73483 -8.89581 2.57213 -0.14649 -0.19347 -0.30642 0.92044
1494876598.663774252 2.70731 -8.94057 2.63445 -0.14467 -0.17256 -0.28452 0.93185
1494876598.822795153 2.72518 -8.95765 2.66868 -0.14698 -0.16574 -0.27100 0.93674
1494876598.981847048 2.73505 -8.99960 2.69284 -0.16095 -0.16491 -0.25410 0.93933
1494876599.140911102 2.74718 -9.04204 2.70248 -0.17241 -0.17278 -0.24459 0.93840
1494876599.299987555 2.75014 -9.05798 2.66630 -0.17077 -0.18456 -0.23870 0.93798
1494876599.459087133 2.77520 -9.07907 2.63784 -0.17035 -0.19974 -0.22938 0.93727
1494876599.618172884 2.77158 -9.10518 2.65780 -0.16156 -0.19269 -0.21716 0.94319
1494876599.777286768 2.75754 -9.08727 2.67697 -0.14912 -0.17635 -0.21114 0.94978
1494876599.938420296 2.77153 -9.09637 2.72373 -0.14315 -0.16238 -0.19857 0.95588
1494876600.097501993 2.73165 -9.13555 2.72852 -0.14924 -0.15314 -0.18525 0.95914
1494876600.256601334 2.77651 -9.13164 2.78040 -0.15171 -0.14748 -0.18070 0.96051
1494876600.415668249 2.75563 -9.15951 2.77130 -0.16160 -0.14981 -0.17285 0.95998
1494876600.574717045 2.77579 -9.16252 2.77275 -0.16036 -0.15517 -0.16998 0.95985
1494876600.733794928 2.78053 -9.18115 2.77894 -0.16157 -0.15512 -0.16216 0.96101
1494876600.892865896 2.77930 -9.20893 2.78953 -0.16168 -0.15189 -0.15016 0.96345
1494876601.051915884 2.80710 -9.24620 2.80917 -0.15760 -0.15204 -0.13118 0.96687
1494876601.213023424 2.81371 -9.26359 2.80693 -0.16040 -0.15418 -0.11983 0.96754
1494876601.372107506 2.84264 -9.30061 2.79583 -0.16758 -0.16954 -0.10933 0.96500
1494876601.531161308 2.84542 -9.33354 2.79633 -0.18078 -0.17606 -0.10343 0.96209
1494876601.690250158 2.85887 -9.32962 2.79593 -0.18513 -0.18087 -0.10346 0.96037
1494876601.849320173 2.86495 -9.33553 2.79834 -0.19229 -0.18475 -0.10499 0.95806
1494876602.008383512 2.86845 -9.33888 2.79974 -0.19320 -0.18590 -0.10142 0.95804
1494876602.167468786 2.88236 -9.32730 2.80818 -0.18807 -0.18440 -0.09987 0.95951
1494876602.326548338 2.88070 -9.35658 2.77275 -0.17949 -0.19375 -0.09266 0.96003
1494876602.487673998 2.90462 -9.37236 2.72939 -0.19267 -0.22165 -0.09669 0.95100
1494876602.646776915 2.95075 -9.41532 2.66667 -0.19130 -0.25414 -0.08894 0.94388
1494876602.805894375 2.94787 -9.40883 2.66874 -0.18810 -0.25227 -0.08884 0.94503
1494876602.965072155 2.94019 -9.42284 2.67680 -0.18528 -0.24798 -0.07932 0.94757
1494876603.124223471 2.95505 -9.44632 2.68799 -0.18375 -0.24777 -0.06615 0.94893
1494876603.283392191 2.96856 -9.44784 2.69277 -0.17955 -0.24838 -0.06003 0.94998
1494876603.442507029 2.96794 -9.49613 2.70097 -0.18861 -0.24833 -0.04417 0.94911
1494876603.601666451 2.95839 -9.54751 2.74324 -0.19786 -0.23269 -0.02525 0.95188
1494876603.762855291 2.95422 -9.55160 2.78487 -0.19315 -0.21397 -0.01241 0.95747
1494876603.922018528 2.94167 -9.57976 2.80459 -0.19287 -0.20211 0.00208 0.96018
1494876604.081201077 2.94902 -9.58678 2.82168 -0.18410 -0.19130 0.01295 0.96402
1494876604.240326881 2.94289 -9.58813 2.82689 -0.17368 -0.18270 0.01543 0.96758
1494876604.399446726 2.94467 -9.58785 2.82486 -0.17046 -0.18265 0.01632 0.96815
1494876604.558569908 2.94390 -9.58220 2.82098 -0.16766 -0.18343 0.01500 0.96851
1494876604.717668056 2.95463 -9.58093 2.81044 -0.16745 -0.19127 0.01539 0.96703
1494876604.876784563 2.97792 -9.60658 2.79326 -0.16989 -0.20386 0.02379 0.96385
1494876605.037949800 3.00103 -9.56049 2.82936 -0.17034 -0.20163 0.02595 0.96419
1494876605.197050571 3.01656 -9.64082 2.81443 -0.17874 -0.20580 0.05118 0.96077
1494876605.356187582 3.02988 -9.69085 2.82710 -0.18529 -0.20323 0.07357 0.95862
1494876605.515292168 3.06105 -9.69668 2.87488 -0.18525 -0.19339 0.09233 0.95904
1494876605.674448729 3.08366 -9.64724 2.92847 -0.18444 -0.17666 0.09401 0.96225
1494876605.833578348 3.06872 -9.68506 2.96465 -0.19253 -0.15805 0.10689 0.96256
1494876605.992745161 3.07112 -9.71624 2.97888 -0.18928 -0.14875 0.11917 0.96325
1494876606.151881933 3.06566 -9.73357 2.99572 -0.19067 -0.13853 0.12606 0.96362
1494876606.313046455 3.07186 -9.74346 2.98864 -0.18803 -0.13857 0.13414 0.96304
1494876606.472149372 3.08395 -9.75663 2.98479 -0.19416 -0.14701 0.14054 0.95966
1494876606.631282806 3.08211 -9.77305 2.97957 -0.20210 -0.15266 0.14239 0.95686
1494876606.790365696 3.08591 -9.78511 2.97321 -0.20295 -0.15656 0.14624 0.95546
1494876606.949532032 3.08460 -9.78953 2.96557 -0.20262 -0.15921 0.14511 0.95527
1494876607.108662605 3.08778 -9.79699 2.94644 -0.19384 -0.16348 0.14538 0.95633
1494876607.267799377 3.09541 -9.80695 2.95077 -0.18933 -0.15938 0.15239 0.95683
1494876607.426911354 3.08034 -9.79916 2.98117 -0.18706 -0.13894 0.15259 0.96043
1494876607.588101387 3.06425 -9.78761 2.97673 -0.17142 -0.12669 0.14752 0.96582
1494876607.747220278 3.05129 -9.74545 2.97459 -0.16164 -0.12050 0.13523 0.97009
1494876607.906258345 3.03229 -9.75270 2.95926 -0.15799 -0.12063 0.13001 0.97138
1494876608.065318584 3.03176 -9.75527 2.93796 -0.15521 -0.12834 0.12756 0.97117
1494876608.224387884 3.02832 -9.75481 2.92664 -0.15766 -0.13509 0.12295 0.97045
1494876608.383404493 3.02085 -9.73699 2.90669 -0.14927 -0.13851 0.11410 0.97238
1494876608.542473316 3.02505 -9.72961 2.90665 -0.14803 -0.13905 0.11380 0.97252
1494876608.701573133 3.01357 -9.72329 2.92766 -0.14300 -0.12349 0.11326 0.97543
1494876608.862692833 2.99265 -9.70837 2.91579 -0.14715 -0.12813 0.09977 0.97569
1494876609.021764755 2.99981 -9.67756 2.92499 -0.16218 -0.13693 0.08709 0.97333
1494876609.180788755 2.99727 -9.66444 2.91087 -0.16058 -0.14290 0.08236 0.97315
1494876609.339871883 3.00744 -9.66205 2.88785 -0.16318 -0.15813 0.07917 0.97062
1494876609.498951435 3.01779 -9.66355 2.88380 -0.15785 -0.16065 0.08404 0.97068
1494876609.658040762 3.02016 -9.65058 2.88071 -0.13693 -0.14984 0.08661 0.97535
1494876609.817101717 2.98316 -9.59080 2.94528 -0.12181 -0.10360 0.07140 0.98455
1494876609.976199865 2.92273 -9.65591 2.98075 -0.12913 -0.07220 0.07837 0.98589
1494876610.137295723 2.94172 -9.55119 2.99410 -0.10471 -0.06110 0.05790 0.99093
1494876610.296345472 2.91837 -9.56712 2.97206 -0.10761 -0.06798 0.05216 0.99049
1494876610.455435753 2.92974 -9.58625 2.96959 -0.12147 -0.07940 0.05775 0.98773
1494876610.614501238 2.90408 -9.63319 2.90899 -0.09082 -0.08015 0.06770 0.99033
1494876610.773584366 2.93248 -9.59911 2.94534 -0.08535 -0.06897 0.07099 0.99142
1494876610.932636738 3.01878 -9.53777 3.00212 -0.07145 -0.05645 0.08313 0.99237
1494876611.091675520 2.99595 -9.60528 3.00110 -0.07862 -0.05042 0.09960 0.99063
1494876611.250745058 3.06369 -9.55966 3.02851 -0.07889 -0.05184 0.10224 0.99027
1494876611.411854267 2.81989 -9.50359 3.07246 -0.06950 -0.02371 0.10041 0.99223
1494876611.570879698 2.81490 -9.46922 3.06165 -0.05241 -0.01549 0.11282 0.99211
1494876611.729937315 2.81079 -9.45303 3.10755 -0.06621 -0.00915 0.11827 0.99073
1494876611.888960361 2.80959 -9.49015 3.14251 -0.06672 -0.00486 0.13123 0.98909
1494876612.047986031 2.70568 -9.42101 3.13687 -0.08148 -0.01200 0.12159 0.98916
1494876612.207054853 2.73633 -9.32187 3.11673 -0.09453 -0.02467 0.11635 0.98839
1494876612.366137743 2.61099 -9.37955 3.09741 -0.10672 -0.03234 0.11590 0.98698
1494876612.525183916 2.72439 -9.41423 3.09600 -0.10445 -0.04226 0.12449 0.98580
1494876612.686324120 2.71848 -9.35763 3.10770 -0.10722 -0.04619 0.11001 0.98705
1494876612.845406532 2.69559 -9.36397 3.11667 -0.10592 -0.04293 0.10839 0.98752
1494876613.004470348 2.70114 -9.38084 3.19160 -0.10358 -0.03181 0.11397 0.98756
1494876613.163558960 2.70038 -9.37874 3.19293 -0.10047 -0.03416 0.11111 0.98813
1494876613.322630405 2.74406 -9.38600 3.19274 -0.08841 -0.02947 0.11678 0.98878
1494876613.481679201 2.72272 -9.39545 3.21125 -0.07873 -0.01804 0.11994 0.98949
1494876613.640781879 2.76598 -9.37325 3.23651 -0.06241 -0.00234 0.12917 0.98965
1494876613.799827814 2.79105 -9.33747 3.36325 -0.07746 0.02403 0.12782 0.98848
1494876613.960932732 2.81429 -9.35083 3.33478 -0.06965 0.01645 0.13400 0.98839
1494876614.120016813 2.82110 -9.33190 3.30326 -0.08071 0.00857 0.12881 0.98834
1494876614.279066324 2.81201 -9.33100 3.29994 -0.08861 0.00516 0.13384 0.98702
1494876614.438190937 2.82869 -9.33769 3.29420 -0.09102 0.00332 0.14366 0.98543
1494876614.597315788 2.84154 -9.36233 3.30589 -0.08802 0.00338 0.15843 0.98343
1494876614.756448746 2.84357 -9.33290 3.31282 -0.09302 0.00281 0.15279 0.98387
1494876614.915566206 2.86799 -9.29466 3.32677 -0.08777 0.00790 0.15420 0.98410
1494876615.074657440 2.92906 -9.28294 3.33339 -0.09499 0.01054 0.15381 0.98347
1494876615.235771656 2.85054 -9.27035 3.31515 -0.10933 0.00646 0.13928 0.98418
1494876615.394863367 2.84576 -9.26151 3.30279 -0.11629 -0.00281 0.12556 0.98524
1494876615.553945780 2.84367 -9.25852 3.30220 -0.11704 -0.00715 0.11979 0.98585
1494876615.713048220 2.82391 -9.26225 3.29751 -0.11889 -0.01219 0.11798 0.98580
1494876615.872152328 2.81990 -9.26096 3.29740 -0.12269 -0.02461 0.10533 0.98653
1494876616.031274319 2.81351 -9.24982 3.27974 -0.13800 -0.03699 0.08764 0.98585
1494876616.190354586 2.82018 -9.24510 3.27932 -0.13752 -0.02979 0.08448 0.98644
1494876616.349460363 2.82635 -9.24398 3.27651 -0.13131 -0.02240 0.08889 0.98709
1494876616.510606050 2.87618 -9.21947 3.28232 -0.14303 -0.01804 0.08364 0.98601
1494876616.669680119 2.89646 -9.20978 3.29891 -0.12839 -0.01428 0.07712 0.98862
1494876616.828776121 2.88913 -9.21019 3.30232 -0.11685 -0.01017 0.07129 0.99054
1494876616.987875700 2.87784 -9.22289 3.30144 -0.12121 -0.01460 0.08190 0.98913
1494876617.147030592 2.86118 -9.23184 3.30989 -0.09541 -0.01021 0.06824 0.99304
1494876617.306198835 2.91718 -9.21506 3.30839 -0.10613 -0.00943 0.06484 0.99219
1494876617.465373993 2.91615 -9.25829 3.30557 -0.09223 -0.00181 0.06654 0.99351
1494876617.624522448 2.79760 -9.22263 3.32019 -0.08727 0.00962 0.04957 0.99490
1494876617.785777569 2.88316 -9.21321 3.35416 -0.08858 0.01810 0.04646 0.99482
