1494876483.939572334 -0.12144 -0.00780 -0.04796 0.03609 0.01108 0.00896 0.99925
1494876484.257462740 -0.12145 0.00160 -0.05202 0.03438 0.01935 0.00077 0.99922
1494876484.734539032 -0.12263 0.03280 -0.05254 -0.00281 0.01981 -0.01463 0.99969
1494876484.893583536 -0.12465 0.04185 -0.05086 -0.01945 0.01323 -0.01910 0.99954
1494876485.213707924 -0.13273 0.04953 -0.06142 -0.03501 -0.00949 -0.02698 0.99898
1494876485.372733355 -0.13677 0.05191 -0.06487 -0.04156 -0.01933 -0.02887 0.99853
1494876485.849769592 -0.15349 0.04489 -0.07347 -0.04223 -0.03595 -0.01627 0.99833
1494876486.008817911 -0.16277 0.04233 -0.07934 -0.08672 -0.02783 0.00373 0.99584
1494876486.167839289 -0.17475 0.04114 -0.08730 -0.11116 -0.00142 -0.00029 0.99380
1494876486.326905966 -0.18813 0.03844 -0.10506 -0.11840 -0.00965 -0.01973 0.99272
1494876486.487991333 -0.19540 0.02985 -0.11381 -0.11447 -0.00476 -0.03668 0.99274
1494876486.646967649 -0.20056 0.02888 -0.12125 -0.13370 0.00652 -0.04099 0.99015
1494876486.805969477 -0.19131 0.03349 -0.12688 -0.14755 0.00959 -0.02116 0.98878
1494876486.965036154 -0.19104 0.04223 -0.14187 -0.13911 -0.00354 -0.00802 0.99024
1494876487.124043465 -0.19031 0.04795 -0.14469 -0.14277 -0.01311 -0.00094 0.98967
1494876487.282907009 -0.19390 0.04905 -0.14896 -0.14751 -0.02444 -0.00071 0.98876
1494876487.441647291 -0.19751 0.05030 -0.15579 -0.14922 -0.03548 -0.00350 0.98816
1494876488.237568140 -0.17112 0.04872 -0.18905 -0.15254 -0.03296 0.00568 0.98773
1494876488.396335363 -0.16065 0.05018 -0.19944 -0.15569 -0.02746 0.00861 0.98739
1494876488.555150747 -0.14422 0.05580 -0.20899 -0.15836 -0.02573 0.01705 0.98690
1494876488.713940144 -0.12433 0.06157 -0.21387 -0.15727 -0.02065 0.02725 0.98696
1494876488.872697830 -0.10413 0.06688 -0.21766 -0.15777 -0.02037 0.03822 0.98653
1494876489.351076841 -0.05347 0.07756 -0.20577 -0.15332 -0.01811 0.04015 0.98720
1494876489.668638706 -0.05129 0.08195 -0.19503 -0.15134 -0.02315 0.05021 0.98693
1494876490.145039320 -0.09324 0.07879 -0.19494 -0.16133 -0.02508 0.05018 0.98530
1494876490.624020815 -0.13313 0.07072 -0.20300 -0.16712 -0.03640 0.04528 0.98422
1494876490.862553358 -0.14913 0.06641 -0.21098 -0.16940 -0.05448 0.03909 0.98326
1494876491.180571795 -0.16067 0.06622 -0.20653 -0.16418 -0.06807 0.03790 0.98335
1494876491.339613199 -0.16201 0.06275 -0.20732 -0.15927 -0.07989 0.04045 0.98316
1494876491.498651266 -0.16519 0.06290 -0.20139 -0.15789 -0.08596 0.03199 0.98319
1494876491.659687996 -0.16762 0.06441 -0.19313 -0.15996 -0.08842 0.01406 0.98306
1494876491.818673372 -0.16821 0.06441 -0.19026 -0.15561 -0.08796 -0.00268 0.98389
1494876492.057212591 -0.16710 0.07730 -0.19474 -0.14624 -0.09050 -0.03008 0.98464
1494876492.216217518 -0.16650 0.07835 -0.19985 -0.14608 -0.09383 -0.04235 0.98390
1494876492.534205198 -0.15886 0.06634 -0.20119 -0.14809 -0.08980 -0.02140 0.98466
1494876492.693226337 -0.15019 0.05208 -0.19988 -0.14679 -0.08586 0.01000 0.98538
1494876492.854274511 -0.13737 0.03340 -0.19363 -0.14251 -0.07587 0.05562 0.98531
1494876493.013227463 -0.13194 0.02322 -0.19596 -0.14107 -0.07167 0.09291 0.98302
1494876493.172235250 -0.12799 0.03147 -0.20029 -0.14143 -0.07155 0.10043 0.98224
1494876493.331252337 -0.12856 0.05484 -0.22349 -0.14196 -0.08488 0.08501 0.98256
1494876493.649337769 -0.12800 0.05636 -0.25625 -0.14323 -0.08438 0.07571 0.98318
1494876493.808408737 -0.12293 0.05531 -0.27385 -0.14378 -0.08125 0.07335 0.98354
1494876494.128545761 -0.10241 0.05502 -0.31585 -0.14495 -0.08033 0.06713 0.98388
1494876494.287520647 -0.08922 0.05657 -0.33093 -0.14807 -0.07526 0.06563 0.98392
1494876494.446543455 -0.07723 0.05617 -0.34974 -0.15100 -0.07321 0.06156 0.98389
1494876494.764730930 -0.05418 0.05148 -0.38094 -0.14887 -0.07501 0.05995 0.98418
1494876495.241966963 -0.03304 0.04325 -0.42130 -0.12705 -0.08287 0.06132 0.98652
1494876495.562180996 -0.03794 0.02890 -0.44655 -0.12939 -0.08210 0.06267 0.98620
1494876496.357832670 -0.06565 0.01604 -0.50574 -0.12931 -0.09107 0.06933 0.98498
1494876496.837685347 -0.07551 0.01878 -0.51104 -0.14290 -0.10874 0.05867 0.98199
1494876496.996953487 -0.07929 0.01841 -0.50936 -0.14976 -0.12194 0.05063 0.97987
1494876497.156137705 -0.08701 0.01839 -0.50235 -0.15197 -0.13047 0.03791 0.97900
1494876497.315328360 -0.09351 0.01154 -0.49726 -0.15304 -0.13762 0.02686 0.97822
1494876497.474484205 -0.10132 0.00672 -0.49329 -0.15204 -0.14139 0.01306 0.97812
1494876497.633619070 -0.11045 -0.00177 -0.48670 -0.15051 -0.14371 -0.00077 0.97811
1494876497.792804241 -0.11738 -0.01472 -0.48513 -0.14374 -0.14973 -0.01141 0.97816
1494876497.954011202 -0.12353 -0.02994 -0.48068 -0.12850 -0.15540 -0.01878 0.97928
1494876498.113170385 -0.13030 -0.04096 -0.47150 -0.12401 -0.15801 -0.02922 0.97918
1494876498.272350073 -0.13505 -0.05082 -0.45661 -0.12788 -0.15041 -0.04381 0.97934
1494876498.431508303 -0.13597 -0.06061 -0.44990 -0.13571 -0.14504 -0.06128 0.97816
1494876498.590642452 -0.14049 -0.06930 -0.43743 -0.14032 -0.14058 -0.07929 0.97686
1494876498.749797583 -0.14260 -0.08174 -0.42459 -0.13430 -0.13237 -0.09332 0.97762
1494876498.908933163 -0.14384 -0.08916 -0.41356 -0.12728 -0.12220 -0.10782 0.97839
1494876499.068145514 -0.14593 -0.09731 -0.40384 -0.12214 -0.11526 -0.12456 0.97790
1494876499.229370117 -0.15291 -0.09939 -0.39334 -0.12324 -0.11577 -0.14934 0.97422
1494876499.388497591 -0.16426 -0.10028 -0.38280 -0.13013 -0.12009 -0.16983 0.96944
1494876499.547643900 -0.17444 -0.10836 -0.37462 -0.13399 -0.13059 -0.18207 0.96532
1494876499.706767559 -0.18119 -0.11761 -0.36287 -0.13620 -0.13935 -0.18780 0.96268
1494876499.865912437 -0.18249 -0.12334 -0.35109 -0.13884 -0.13624 -0.19955 0.96039
1494876500.025018692 -0.18718 -0.12924 -0.33938 -0.13172 -0.13224 -0.21687 0.95819
1494876500.184186697 -0.18896 -0.14101 -0.33472 -0.12496 -0.13244 -0.22821 0.95643
1494876500.343338490 -0.18804 -0.15041 -0.32260 -0.12221 -0.13095 -0.24033 0.95402
1494876500.504532099 -0.18454 -0.16143 -0.31690 -0.11922 -0.13375 -0.25195 0.95101
1494876500.663646936 -0.17902 -0.17201 -0.31248 -0.11676 -0.13036 -0.26346 0.94866
1494876500.822773933 -0.17391 -0.18300 -0.31203 -0.11331 -0.13095 -0.27472 0.94580
1494876500.981881142 -0.16785 -0.19599 -0.31451 -0.10879 -0.12922 -0.28529 0.94344
1494876501.140968800 -0.16155 -0.21127 -0.31703 -0.10190 -0.12702 -0.29531 0.94142
1494876501.300044775 -0.15280 -0.22378 -0.31762 -0.09920 -0.12777 -0.30498 0.93852
1494876501.459133863 -0.14341 -0.24001 -0.31805 -0.09141 -0.12645 -0.31040 0.93771
1494876501.618203878 -0.13622 -0.25714 -0.31877 -0.08938 -0.12790 -0.31528 0.93608
1494876501.779341698 -0.12793 -0.27084 -0.31604 -0.08858 -0.12697 -0.32525 0.93287
1494876501.938426971 -0.12309 -0.28483 -0.31515 -0.08657 -0.12617 -0.33332 0.93031
1494876502.097466707 -0.11317 -0.29691 -0.31183 -0.08498 -0.12484 -0.33983 0.92828
1494876502.256574392 -0.10609 -0.31162 -0.30983 -0.07923 -0.12432 -0.34498 0.92696
1494876502.574766874 -0.09110 -0.33727 -0.30266 -0.07802 -0.12391 -0.35212 0.92443
1494876502.893006563 -0.07469 -0.35751 -0.28901 -0.07163 -0.12973 -0.35652 0.92246
1494876503.054156065 -0.06581 -0.36353 -0.28200 -0.07193 -0.13141 -0.36021 0.92076
1494876503.372379780 -0.05008 -0.38688 -0.26952 -0.07426 -0.13586 -0.36847 0.91666
1494876503.690535784 -0.03621 -0.40393 -0.24913 -0.07368 -0.13860 -0.37625 0.91312
1494876503.849601269 -0.02870 -0.41419 -0.24497 -0.07525 -0.13984 -0.38117 0.91076
1494876504.008616924 -0.01889 -0.42344 -0.23601 -0.07633 -0.13773 -0.38830 0.90798
1494876504.328805923 -0.00355 -0.44111 -0.22986 -0.07703 -0.14121 -0.39447 0.90472
1494876504.487868309 0.03677 -0.49028 -0.22162 -0.07790 -0.14807 -0.39704 0.90242
1494876504.647010565 0.00676 -0.46460 -0.22288 -0.07830 -0.14661 -0.40802 0.89772
1494876504.806101084 0.00962 -0.47950 -0.21775 -0.07660 -0.14587 -0.41320 0.89561
1494876504.965260983 0.01442 -0.49455 -0.21426 -0.07565 -0.14537 -0.41943 0.89287
1494876505.283550978 0.02906 -0.52450 -0.20677 -0.07292 -0.14496 -0.42914 0.88854
1494876505.603842497 0.04899 -0.54950 -0.20102 -0.06813 -0.14906 -0.43517 0.88530
1494876505.762949467 0.05877 -0.55673 -0.19513 -0.06982 -0.15367 -0.44109 0.88145
1494876505.922080994 0.06682 -0.56886 -0.19154 -0.07049 -0.15821 -0.44574 0.87825
1494876506.081183910 0.07207 -0.58033 -0.18694 -0.06888 -0.16215 -0.45112 0.87490
1494876506.240288734 0.07987 -0.59039 -0.18259 -0.06649 -0.16360 -0.45820 0.87113
1494876506.558549881 0.08401 -0.62522 -0.17575 -0.06173 -0.16597 -0.46698 0.86636
1494876506.717622757 0.08810 -0.64319 -0.16790 -0.05943 -0.16395 -0.47236 0.86398
1494876507.037909269 0.08784 -0.66933 -0.15835 -0.05373 -0.16690 -0.47698 0.86125
1494876507.356094837 0.09468 -0.69440 -0.14233 -0.05372 -0.17641 -0.47800 0.85878
1494876507.833479643 0.11875 -0.72688 -0.11748 -0.06475 -0.17299 -0.48537 0.85458
1494876508.312909842 0.14592 -0.76654 -0.09333 -0.07144 -0.16659 -0.49517 0.84968
1494876509.108638525 0.19306 -0.81948 -0.08539 -0.07600 -0.16179 -0.49854 0.84824
1494876509.588058233 0.21750 -0.86326 -0.07026 -0.07816 -0.17042 -0.50108 0.84485
1494876509.747191906 0.22739 -0.92829 -0.06436 -0.06367 -0.17245 -0.49853 0.84716
1494876509.906352758 0.23505 -0.88782 -0.05951 -0.05455 -0.17234 -0.50931 0.84139
1494876510.383883953 0.24612 -0.91098 -0.04384 -0.07159 -0.15705 -0.50173 0.84763
1494876510.704253912 0.26431 -0.92972 -0.03398 -0.07965 -0.16547 -0.49579 0.84880
1494876511.181712627 0.29734 -0.96053 -0.01460 -0.09178 -0.15616 -0.50310 0.84503
1494876511.499979973 0.31991 -0.98912 -0.01106 -0.09100 -0.15534 -0.50930 0.84155
1494876512.297630072 0.37453 -1.05572 -0.00248 -0.09295 -0.16934 -0.50315 0.84233
1494876512.934118509 0.41771 -1.12147 -0.00034 -0.08537 -0.16769 -0.49847 0.84624
1494876513.890921831 0.47369 -1.20766 0.00117 -0.07330 -0.17797 -0.49607 0.84668
1494876514.209171295 0.48523 -1.23299 0.01174 -0.06513 -0.18540 -0.50137 0.84262
1494876514.529436111 0.48780 -1.25562 0.03416 -0.06036 -0.18258 -0.50835 0.83940
1494876514.847643375 0.49258 -1.28356 0.04880 -0.05398 -0.18348 -0.51095 0.83806
1494876515.484074593 0.51363 -1.31453 0.08203 -0.06776 -0.16971 -0.51805 0.83560
1494876516.121627808 0.53839 -1.35678 0.11841 -0.07036 -0.16801 -0.51951 0.83482
1494876517.076848269 0.59786 -1.44244 0.12972 -0.06652 -0.16834 -0.52003 0.83475
1494876517.394590139 0.62059 -1.47804 0.13722 -0.06195 -0.16342 -0.52570 0.83253
1494876517.712314844 0.63823 -1.51247 0.13423 -0.05970 -0.16705 -0.52857 0.83015
1494876518.188986778 0.67747 -1.56610 0.13980 -0.05933 -0.16723 -0.53222 0.82780
1494876518.508726120 0.69244 -1.60356 0.14943 -0.05170 -0.17583 -0.53858 0.82240
1494876518.667567253 0.67886 -1.64072 0.16345 -0.05659 -0.17875 -0.53758 0.82210
1494876518.826421261 0.69398 -1.65975 0.16181 -0.05812 -0.18130 -0.54590 0.81593
1494876519.144445419 0.71655 -1.69215 0.17403 -0.05920 -0.18546 -0.55235 0.81056
1494876519.462736130 0.74054 -1.73939 0.17320 -0.06501 -0.19991 -0.55423 0.80538
1494876519.783142090 0.75239 -1.77775 0.19899 -0.06505 -0.20133 -0.56046 0.80070
1494876519.942282915 0.76677 -1.80678 0.21232 -0.06629 -0.20686 -0.56500 0.79598
1494876520.260644913 0.77725 -1.85430 0.23963 -0.06408 -0.21214 -0.56716 0.79323
1494876520.738069773 0.81264 -1.91156 0.26778 -0.07411 -0.21887 -0.56185 0.79431
1494876521.376494408 0.85936 -1.99459 0.30858 -0.07727 -0.22054 -0.56238 0.79317
1494876521.694746971 0.86266 -2.05586 0.33443 -0.07528 -0.22269 -0.56421 0.79146
1494876522.013042450 0.88409 -2.10600 0.34100 -0.07493 -0.21462 -0.56584 0.79256
1494876522.492506027 0.92284 -2.17638 0.36659 -0.07413 -0.20963 -0.56603 0.79383
1494876522.969987154 0.93103 -2.25605 0.38881 -0.07024 -0.21685 -0.56340 0.79412
1494876523.288280249 0.95175 -2.30110 0.39030 -0.06450 -0.22519 -0.56702 0.78970
1494876523.767757893 0.96452 -2.37218 0.41105 -0.06584 -0.22793 -0.56595 0.78957
1494876524.244853258 1.00358 -2.43275 0.42998 -0.07522 -0.21846 -0.57254 0.78665
1494876524.724383831 1.04091 -2.48937 0.44247 -0.08340 -0.21141 -0.56989 0.78967
1494876525.201199770 1.06936 -2.55473 0.44778 -0.08573 -0.20727 -0.56705 0.79256
1494876525.677920580 1.08389 -2.61047 0.46825 -0.07575 -0.20358 -0.56464 0.79624
1494876525.997865200 1.08983 -2.64701 0.48090 -0.06812 -0.19023 -0.56107 0.80273
1494876526.156977892 1.09262 -2.66158 0.48589 -0.06980 -0.18097 -0.56334 0.80313
1494876526.475054264 1.10058 -2.68986 0.50308 -0.06720 -0.17437 -0.56579 0.80309
1494876527.111158371 1.11771 -2.75412 0.52937 -0.06326 -0.16496 -0.56127 0.80856
1494876527.590212584 1.14490 -2.79756 0.53840 -0.07031 -0.16927 -0.54816 0.81604
1494876527.908263206 1.16986 -2.83478 0.54827 -0.07067 -0.17080 -0.53730 0.82289
1494876528.546373606 1.21658 -2.90952 0.54880 -0.07250 -0.17124 -0.52897 0.82802
1494876529.023411036 1.22967 -2.96641 0.55164 -0.06763 -0.18337 -0.52519 0.82824
1494876529.341481924 1.22835 -3.01061 0.55704 -0.06943 -0.19956 -0.51737 0.82927
1494876529.500519753 1.23302 -3.02796 0.56467 -0.06703 -0.20462 -0.52105 0.82592
1494876529.659539938 1.23212 -3.04337 0.56753 -0.06604 -0.20631 -0.52510 0.82301
1494876529.979605436 1.22636 -3.07344 0.56885 -0.06312 -0.21467 -0.52684 0.81999
1494876530.456724167 1.22389 -3.12472 0.56157 -0.06329 -0.22389 -0.52411 0.81925
1494876531.253863573 1.23671 -3.19580 0.58867 -0.06969 -0.22499 -0.52299 0.81915
1494876531.571932793 1.23526 -3.23102 0.60928 -0.07450 -0.22671 -0.52508 0.81691
1494876531.890002251 1.22373 -3.26371 0.62413 -0.07689 -0.22832 -0.52414 0.81685
1494876532.369195700 1.22350 -3.30455 0.63994 -0.08534 -0.22223 -0.52792 0.81525
1494876532.846280336 1.23687 -3.35226 0.66177 -0.09741 -0.21596 -0.53371 0.81180
1494876533.005295515 1.23573 -3.37170 0.67008 -0.09897 -0.21412 -0.54022 0.80779
1494876533.164337158 1.23506 -3.38859 0.68124 -0.10866 -0.21362 -0.54593 0.80282
1494876533.323376656 1.23656 -3.40805 0.69038 -0.11350 -0.22356 -0.54714 0.79861
1494876533.802760124 1.25044 -3.45992 0.71094 -0.10870 -0.23702 -0.53455 0.80391
1494876534.439191818 1.25351 -3.54652 0.72044 -0.10815 -0.24276 -0.52447 0.80889
1494876534.757402897 1.24451 -3.58833 0.72972 -0.11139 -0.24759 -0.52426 0.80712
1494876535.395850420 1.26234 -3.66225 0.74816 -0.11046 -0.24882 -0.50713 0.81774
1494876535.714096308 1.27802 -3.69974 0.76412 -0.11488 -0.24187 -0.49669 0.82559
1494876536.032320499 1.28521 -3.73685 0.77194 -0.13024 -0.23447 -0.50282 0.82173
1494876536.511745214 1.28897 -3.80341 0.77012 -0.10596 -0.24598 -0.49015 0.82947
1494876537.148379564 1.31676 -3.88006 0.78779 -0.09256 -0.24830 -0.47444 0.83945
1494876537.627948523 1.32651 -3.92743 0.78025 -0.09253 -0.24996 -0.47831 0.83677
1494876537.787086010 1.31981 -3.94592 0.77519 -0.07664 -0.25500 -0.48101 0.83530
1494876537.946264505 1.30991 -3.96586 0.77223 -0.05695 -0.26298 -0.48084 0.83450
1494876538.105415821 1.30457 -3.98262 0.77702 -0.03593 -0.26438 -0.48067 0.83532
1494876538.423675299 1.32242 -4.00213 0.80808 -0.06009 -0.23916 -0.49090 0.83559
1494876538.903222322 1.32891 -4.03670 0.83752 -0.07836 -0.23988 -0.48383 0.83799
1494876539.698937654 1.32911 -4.10312 0.87521 -0.08818 -0.23807 -0.47759 0.84110
1494876540.337503910 1.33287 -4.15359 0.90515 -0.09394 -0.24091 -0.47307 0.84222
1494876540.973788500 1.33305 -4.20599 0.92888 -0.08396 -0.23929 -0.46693 0.84715
1494876541.612127542 1.33984 -4.26777 0.95099 -0.07277 -0.23693 -0.46186 0.85162
1494876542.407683611 1.35066 -4.32661 0.98553 -0.07497 -0.23075 -0.45265 0.85805
1494876542.887061357 1.35855 -4.36249 1.01651 -0.07665 -0.21811 -0.45179 0.86165
1494876543.843834877 1.38164 -4.42297 1.05847 -0.08035 -0.21141 -0.45142 0.86317
1494876545.277798414 1.40011 -4.49030 1.16131 -0.07770 -0.20689 -0.45057 0.86495
1494876546.073453903 1.41304 -4.53348 1.20257 -0.08582 -0.20943 -0.44956 0.86410
1494876546.393822908 1.42449 -4.55647 1.21124 -0.08206 -0.19728 -0.45250 0.86579
1494876546.552958250 1.43074 -4.56561 1.22096 -0.08016 -0.18298 -0.45678 0.86686
1494876546.871237755 1.43221 -4.58760 1.23425 -0.09334 -0.16859 -0.46356 0.86486
1494876547.507824183 1.44905 -4.62273 1.25501 -0.09900 -0.17027 -0.45319 0.86938
1494876547.987321854 1.47253 -4.67356 1.25704 -0.09110 -0.16401 -0.45115 0.87251
1494876548.305629492 1.51477 -4.68072 1.30812 -0.08497 -0.14483 -0.45971 0.87205
1494876548.782968760 1.57996 -4.71332 1.36075 -0.07601 -0.13588 -0.47620 0.86545
1494876548.944130659 1.55864 -4.75221 1.31848 -0.07923 -0.14710 -0.47151 0.86589
1494876549.898910761 1.61907 -4.81423 1.36782 -0.06756 -0.15307 -0.47209 0.86553
1494876550.378333807 1.56923 -4.88309 1.34076 -0.06406 -0.16694 -0.46144 0.86896
1494876550.696645021 1.59876 -4.89285 1.36135 -0.06514 -0.16941 -0.47214 0.86263
1494876551.174130201 1.63235 -4.91833 1.38638 -0.07234 -0.18001 -0.47847 0.85640
1494876551.494542122 1.59247 -4.94774 1.43634 -0.08234 -0.17851 -0.46624 0.86254
1494876552.290063143 1.62696 -5.00041 1.47331 -0.08100 -0.16999 -0.47133 0.86162
1494876552.769667387 1.65444 -5.03422 1.50189 -0.07994 -0.17422 -0.46464 0.86450
1494876553.406189203 1.67681 -5.08364 1.52462 -0.06936 -0.17980 -0.46839 0.86225
1494876553.724478960 1.68630 -5.10767 1.53998 -0.06310 -0.17861 -0.47548 0.85909
1494876554.204013586 1.69929 -5.14285 1.55638 -0.06035 -0.17537 -0.48033 0.85725
1494876554.999985218 1.72432 -5.19252 1.60184 -0.06062 -0.17062 -0.48199 0.85726
1494876555.320374250 1.74478 -5.20955 1.62479 -0.07065 -0.17384 -0.48235 0.85564
1494876555.957093239 1.77043 -5.24562 1.64674 -0.06631 -0.17917 -0.47676 0.85802
1494876556.275390387 1.77703 -5.26422 1.65666 -0.06268 -0.17635 -0.48203 0.85594
1494876556.595738649 1.78336 -5.28909 1.67401 -0.06297 -0.17538 -0.48643 0.85362
1494876557.232474804 1.80232 -5.32707 1.70204 -0.06393 -0.17680 -0.48962 0.85142
1494876557.710016727 1.81396 -5.35965 1.70815 -0.05519 -0.17443 -0.49404 0.84997
1494876558.189550161 1.82217 -5.38933 1.71845 -0.04599 -0.18729 -0.49930 0.84469
1494876558.507868528 1.83397 -5.41160 1.72366 -0.04695 -0.19248 -0.50573 0.83963
1494876558.826189995 1.84403 -5.43879 1.72951 -0.05345 -0.18715 -0.51478 0.83493
1494876559.305508137 1.87557 -5.48041 1.72817 -0.06356 -0.20176 -0.51298 0.83193
1494876559.623603582 1.90859 -5.51244 1.71489 -0.07357 -0.21914 -0.50565 0.83119
1494876559.941655159 1.92732 -5.54934 1.69345 -0.07360 -0.21537 -0.50394 0.83321
1494876560.259699345 1.95886 -5.58447 1.68449 -0.07737 -0.20671 -0.50496 0.83445
1494876560.738855362 1.99909 -5.63943 1.67181 -0.09733 -0.21092 -0.50680 0.83018
1494876560.897935629 2.01041 -5.66327 1.66356 -0.09505 -0.22135 -0.51132 0.82493
1494876561.215985060 2.03772 -5.71325 1.64720 -0.09309 -0.22869 -0.51273 0.82228
1494876561.375045776 2.04868 -5.73410 1.63677 -0.09124 -0.22666 -0.51141 0.82387
1494876561.695134878 2.06463 -5.77437 1.61350 -0.09624 -0.22102 -0.51514 0.82251
1494876561.854193449 2.07030 -5.79669 1.61010 -0.09709 -0.21510 -0.51601 0.82343
1494876562.172313213 2.08777 -5.84247 1.61144 -0.08893 -0.21739 -0.51038 0.82725
1494876562.490445852 2.09981 -5.87736 1.60933 -0.07540 -0.22799 -0.50304 0.83023
1494876562.969702959 2.12331 -5.93946 1.60506 -0.08262 -0.22367 -0.50630 0.82874
1494876563.128747463 2.14103 -5.95175 1.60641 -0.08217 -0.21075 -0.50960 0.83014
1494876563.446881056 2.16334 -5.98233 1.60179 -0.08871 -0.20391 -0.50366 0.83479
1494876563.765013933 2.18492 -6.00904 1.59986 -0.09182 -0.20067 -0.50240 0.83600
1494876564.083140850 2.20360 -6.04002 1.59817 -0.09399 -0.21291 -0.49527 0.83698
1494876564.403355122 2.22388 -6.07064 1.60274 -0.09137 -0.20828 -0.49823 0.83668
1494876565.039856195 2.24502 -6.12259 1.60896 -0.09600 -0.21007 -0.50034 0.83445
1494876565.519270897 2.26008 -6.15865 1.61301 -0.09181 -0.20898 -0.49773 0.83676
1494876565.996495247 2.27349 -6.18877 1.63021 -0.08114 -0.20768 -0.50070 0.83641
1494876566.632649899 2.28292 -6.22183 1.66333 -0.07380 -0.20965 -0.50391 0.83467
1494876566.952806711 2.29216 -6.24223 1.68727 -0.07279 -0.21138 -0.50316 0.83478
1494876567.270459414 2.29931 -6.25502 1.70875 -0.07430 -0.21023 -0.50757 0.83226
1494876567.429296732 2.29794 -6.26432 1.72026 -0.07846 -0.20996 -0.51017 0.83035
1494876567.905861139 2.30610 -6.28738 1.75358 -0.07811 -0.20621 -0.51449 0.82866
1494876568.225616217 2.31511 -6.30249 1.77288 -0.08647 -0.20715 -0.51562 0.82689
1494876568.702294588 2.33077 -6.33224 1.78464 -0.08096 -0.21162 -0.51105 0.82915
1494876568.861195803 2.33842 -6.34284 1.79053 -0.08193 -0.20707 -0.50860 0.83171
1494876569.179000378 2.35227 -6.35884 1.80326 -0.08918 -0.20310 -0.51519 0.82787
1494876569.498826981 2.35940 -6.38471 1.81684 -0.09418 -0.20777 -0.51999 0.82315
1494876569.816557646 2.37192 -6.40918 1.82438 -0.08991 -0.20951 -0.51955 0.82346
1494876570.134349108 2.38720 -6.43340 1.82523 -0.08978 -0.21079 -0.52021 0.82273
1494876570.293265343 2.39569 -6.44745 1.82600 -0.08709 -0.20954 -0.52164 0.82244
1494876570.612995386 2.41048 -6.47597 1.83523 -0.08513 -0.20684 -0.52952 0.81828
1494876570.930746555 2.42293 -6.50490 1.85020 -0.08156 -0.21121 -0.53355 0.81490
1494876571.089611530 2.43135 -6.51591 1.85918 -0.08465 -0.20578 -0.53605 0.81433
1494876571.248512030 2.44125 -6.52659 1.86502 -0.08816 -0.20844 -0.53406 0.81459
1494876571.566413879 2.46278 -6.55047 1.87292 -0.09480 -0.20842 -0.53101 0.81584
1494876571.886670828 2.47912 -6.57747 1.87243 -0.08652 -0.20779 -0.52909 0.81817
1494876572.204891205 2.49200 -6.60376 1.87512 -0.08596 -0.20673 -0.52996 0.81794
1494876572.841204166 2.52016 -6.64913 1.88337 -0.08661 -0.21082 -0.53133 0.81593
1494876573.320482492 2.53274 -6.68134 1.89477 -0.08433 -0.21732 -0.53144 0.81439
1494876573.956912041 2.54972 -6.70993 1.91196 -0.07784 -0.21981 -0.53226 0.81383
1494876574.754519463 2.56110 -6.73540 1.94112 -0.08412 -0.22093 -0.53614 0.81035
1494876575.072829008 2.56068 -6.75231 1.96137 -0.08151 -0.22279 -0.53990 0.80761
1494876575.391069412 2.56283 -6.76646 1.97204 -0.08149 -0.22954 -0.54221 0.80416
1494876575.711393833 2.56356 -6.78121 1.97794 -0.07102 -0.22768 -0.54359 0.80475
1494876576.189017534 2.56835 -6.80019 2.00172 -0.06903 -0.21793 -0.54746 0.80500
1494876576.507491112 2.56482 -6.81436 2.02854 -0.06874 -0.21562 -0.55118 0.80311
1494876576.666728735 2.56437 -6.82155 2.04176 -0.07019 -0.21941 -0.55327 0.80052
1494876576.825936317 2.56413 -6.82850 2.05394 -0.07402 -0.22348 -0.55346 0.79891
1494876577.624024391 2.57024 -6.85298 2.07258 -0.07573 -0.21764 -0.55727 0.79771
1494876578.101541042 2.57826 -6.87068 2.08027 -0.07755 -0.22666 -0.55449 0.79697
1494876578.421947002 2.58467 -6.89023 2.08135 -0.08127 -0.23579 -0.55479 0.79373
1494876578.740251064 2.59055 -6.90938 2.07311 -0.07831 -0.23187 -0.55804 0.79290
1494876578.899437428 2.59343 -6.91711 2.06902 -0.07403 -0.22728 -0.55922 0.79381
1494876579.697598219 2.61361 -6.96053 2.05841 -0.08101 -0.22468 -0.56028 0.79312
1494876580.175286055 2.61739 -6.98593 2.05266 -0.09098 -0.23239 -0.56491 0.78651
1494876580.493686199 2.62011 -7.00209 2.04416 -0.08285 -0.22207 -0.56670 0.78910
1494876580.652920008 2.62314 -7.00980 2.04343 -0.07737 -0.21346 -0.56876 0.79054
1494876581.291603565 2.62979 -7.04055 2.07436 -0.07683 -0.20871 -0.57056 0.79057
1494876581.609762430 2.63259 -7.05584 2.09212 -0.07973 -0.21846 -0.56906 0.78873
1494876582.089033842 2.63697 -7.07907 2.09791 -0.08171 -0.21776 -0.57275 0.78604
1494876582.407222986 2.63752 -7.09954 2.10389 -0.07788 -0.21437 -0.57754 0.78385
1494876582.884525061 2.64553 -7.12603 2.10973 -0.08087 -0.20823 -0.57877 0.78430
1494876583.682421684 2.67137 -7.15698 2.11958 -0.08320 -0.20351 -0.58905 0.77762
1494876583.841594934 2.67202 -7.16385 2.12645 -0.07816 -0.20307 -0.59667 0.77243
1494876584.000747681 2.66859 -7.17250 2.13034 -0.07922 -0.21185 -0.59710 0.76962
1494876584.159908295 2.66909 -7.17928 2.13875 -0.08633 -0.22119 -0.59552 0.76745
1494876584.319095850 2.67077 -7.18556 2.14616 -0.09501 -0.22733 -0.59552 0.76462
1494876584.478278160 2.67582 -7.19270 2.15050 -0.10177 -0.23462 -0.59318 0.76337
1494876585.276220560 2.71766 -7.24527 2.17014 -0.11269 -0.23000 -0.60215 0.75618
1494876585.594618320 2.72478 -7.27602 2.17588 -0.11422 -0.22238 -0.60895 0.75279
1494876585.915019274 2.74761 -7.30306 2.16881 -0.12038 -0.21604 -0.61002 0.75280
1494876586.233401537 2.76184 -7.33648 2.16112 -0.12218 -0.20860 -0.61402 0.75136
1494876586.392556906 2.76462 -7.35176 2.16178 -0.11994 -0.20586 -0.61449 0.75209
1494876586.710897684 2.77804 -7.38418 2.16738 -0.10807 -0.20802 -0.61175 0.75552
1494876586.870019197 2.77954 -7.40111 2.16767 -0.10810 -0.21435 -0.61293 0.75278
1494876587.029165745 2.78112 -7.41726 2.17260 -0.10390 -0.21447 -0.61615 0.75071
1494876587.190355301 2.78237 -7.43632 2.17043 -0.10329 -0.21815 -0.61886 0.74750
1494876587.508668423 2.78130 -7.46275 2.17739 -0.09039 -0.22622 -0.61999 0.74584
1494876587.667790651 2.77291 -7.48051 2.16849 -0.07951 -0.22925 -0.61257 0.75225
1494876587.826969862 2.77675 -7.48867 2.16946 -0.07195 -0.22459 -0.61010 0.75641
1494876587.986192465 2.76907 -7.50550 2.16343 -0.08551 -0.21742 -0.60888 0.75808
1494876588.145396709 2.76653 -7.52652 2.15372 -0.09909 -0.21735 -0.60662 0.75825
1494876588.304603577 2.76149 -7.53438 2.16110 -0.10177 -0.20746 -0.60803 0.75954
1494876588.625106335 2.74163 -7.54361 2.18089 -0.08961 -0.20435 -0.60018 0.76811
1494876588.943461657 2.72433 -7.57364 2.19768 -0.08752 -0.20986 -0.59122 0.77379
1494876589.261669636 2.73957 -7.62365 2.19727 -0.08096 -0.22744 -0.59285 0.76827
1494876589.420826674 2.73291 -7.63680 2.21678 -0.06469 -0.22890 -0.59705 0.76613
1494876589.579931974 2.73043 -7.65320 2.22867 -0.04102 -0.22892 -0.60207 0.76382
1494876589.741096020 2.71608 -7.68231 2.25313 -0.03343 -0.22599 -0.60454 0.76312
1494876589.900194168 2.71633 -7.69570 2.23567 -0.05193 -0.22434 -0.61203 0.75657
1494876590.059278727 2.71381 -7.71747 2.23299 -0.07995 -0.22230 -0.61658 0.75101
1494876590.218384743 2.70183 -7.73495 2.24118 -0.09378 -0.21419 -0.61373 0.75410
1494876590.377506018 2.69678 -7.73543 2.24903 -0.08930 -0.19443 -0.61255 0.76092
1494876590.536600351 2.66429 -7.75576 2.27290 -0.08433 -0.18324 -0.60701 0.76867
1494876590.695713997 2.71055 -7.68262 2.21619 -0.08017 -0.19390 -0.60548 0.76770
1494876590.854811668 2.67989 -7.76749 2.25952 -0.10342 -0.19220 -0.58943 0.77778
1494876591.015926123 2.68301 -7.81633 2.28450 -0.10805 -0.20461 -0.57379 0.78563
1494876591.175031900 2.69123 -7.83850 2.29694 -0.09679 -0.21575 -0.56297 0.79193
1494876591.493264914 2.68131 -7.88378 2.30874 -0.09596 -0.21629 -0.54489 0.80443
1494876591.652397871 2.67048 -7.89443 2.33052 -0.09669 -0.20548 -0.53915 0.81101
1494876591.811533928 2.66572 -7.91392 2.32977 -0.09683 -0.19892 -0.53155 0.81762
1494876591.970659733 2.66790 -7.94514 2.32944 -0.10167 -0.19724 -0.52455 0.82195
1494876592.129791498 2.70140 -7.97617 2.32508 -0.10315 -0.20003 -0.52146 0.82306
1494876592.290936708 2.71091 -7.99845 2.33751 -0.10538 -0.19653 -0.51872 0.82535
1494876593.404554605 2.71555 -8.19307 2.29619 -0.11454 -0.21898 -0.49180 0.83490
1494876593.883626461 2.72084 -8.24989 2.34673 -0.12645 -0.21588 -0.48029 0.84067
1494876594.201642752 2.74816 -8.26562 2.38194 -0.13234 -0.21528 -0.47254 0.84430
1494876594.360721827 2.74987 -8.29645 2.38188 -0.13328 -0.21656 -0.45982 0.85083
1494876594.519720793 2.75927 -8.32615 2.36960 -0.13327 -0.21988 -0.44753 0.85651
1494876594.839816570 2.78376 -8.34194 2.40518 -0.13072 -0.21395 -0.44140 0.86157
1494876595.635236025 2.82736 -8.35652 2.45670 -0.12204 -0.20935 -0.45614 0.85628
1494876595.953404903 2.73813 -8.50135 2.41603 -0.17158 -0.22610 -0.44105 0.85142
1494876596.273617744 2.74531 -8.53603 2.42383 -0.17384 -0.23037 -0.42569 0.85761
1494876596.591829538 2.74403 -8.58263 2.43068 -0.16330 -0.22712 -0.41620 0.86518
1494876597.228102684 2.73655 -8.68869 2.45422 -0.18123 -0.23454 -0.38920 0.87216
1494876597.389205217 2.74324 -8.70781 2.46763 -0.18691 -0.22368 -0.39047 0.87325
1494876597.548270226 2.75577 -8.72980 2.47665 -0.18284 -0.21909 -0.38721 0.87672
1494876597.707326889 2.76121 -8.75583 2.48909 -0.17555 -0.21859 -0.37363 0.88419
1494876598.025503874 2.76426 -8.82453 2.48184 -0.16296 -0.22359 -0.34741 0.89597
1494876598.184588671 2.77367 -8.85021 2.49309 -0.15644 -0.22371 -0.33480 0.90188
1494876598.343638659 2.74533 -8.87494 2.53928 -0.15368 -0.20687 -0.32014 0.91165
1494876598.502708912 2.72573 -8.90430 2.57966 -0.14848 -0.19155 -0.30449 0.92117
1494876598.663774252 2.70964 -8.93246 2.62182 -0.14423 -0.17385 -0.28592 0.93125
1494876598.822795153 2.72518 -8.95754 2.66351 -0.14795 -0.16616 -0.27080 0.93657
1494876598.981847048 2.74108 -9.00823 2.70491 -0.16099 -0.16486 -0.25348 0.93949
1494876599.140911102 2.74496 -9.03240 2.68509 -0.17090 -0.17471 -0.24616 0.93791
1494876599.299987555 2.76469 -9.04269 2.65843 -0.16946 -0.18697 -0.24171 0.93696
1494876599.459087133 2.77544 -9.09370 2.64897 -0.17339 -0.19891 -0.22771 0.93730
1494876599.618172884 2.76723 -9.08443 2.64590 -0.15797 -0.19284 -0.21956 0.94321
1494876599.777286768 2.76444 -9.08964 2.68281 -0.14786 -0.17652 -0.20967 0.95027
1494876599.938420296 2.73806 -9.11796 2.70220 -0.14614 -0.16310 -0.19494 0.95605
1494876600.097501993 2.76888 -9.11965 2.75918 -0.14777 -0.15170 -0.18804 0.95906
1494876600.256601334 2.76311 -9.13596 2.76941 -0.15164 -0.14811 -0.17961 0.96063
1494876600.415668249 2.77227 -9.15337 2.77565 -0.15698 -0.15081 -0.17281 0.96060
1494876600.574717045 2.78147 -9.16709 2.77250 -0.15900 -0.15625 -0.16821 0.96021
1494876600.733794928 2.78043 -9.18834 2.77590 -0.16052 -0.15637 -0.16020 0.96131
1494876600.892865896 2.79671 -9.21433 2.79235 -0.15624 -0.15445 -0.14659 0.96449
1494876601.051915884 2.80611 -9.23571 2.79693 -0.15576 -0.15331 -0.13273 0.96676
1494876601.213023424 2.83378 -9.26107 2.81738 -0.15771 -0.15499 -0.11942 0.96791
1494876601.372107506 2.84241 -9.31090 2.79441 -0.16732 -0.17019 -0.10782 0.96510
1494876601.849320173 2.86309 -9.33062 2.79540 -0.19099 -0.18491 -0.10529 0.95825
1494876602.167468786 2.87247 -9.35600 2.79319 -0.18779 -0.18714 -0.09342 0.95968
1494876602.326548338 2.87766 -9.35281 2.77714 -0.18161 -0.19235 -0.09444 0.95974
1494876602.487673998 2.91677 -9.39322 2.71376 -0.18819 -0.22767 -0.09057 0.95108
1494876602.646776915 2.94468 -9.41011 2.67195 -0.19321 -0.25201 -0.09051 0.94391
1494876602.965072155 2.95312 -9.42727 2.66948 -0.18207 -0.25253 -0.07673 0.94720
1494876603.283392191 2.95879 -9.47432 2.68677 -0.18360 -0.24860 -0.05470 0.94947
1494876603.442507029 2.96036 -9.52549 2.69785 -0.19460 -0.24818 -0.04040 0.94811
1494876603.601666451 2.95412 -9.54392 2.73991 -0.19684 -0.23291 -0.02547 0.95203
1494876603.762855291 2.94028 -9.56590 2.77466 -0.19312 -0.21439 -0.00921 0.95742
1494876603.922018528 2.94514 -9.57782 2.79983 -0.18972 -0.20367 0.00278 0.96048
1494876604.081201077 2.94738 -9.58912 2.82530 -0.18430 -0.19065 0.01366 0.96411
1494876604.558569908 2.94492 -9.57807 2.82257 -0.16707 -0.18316 0.01448 0.96867
1494876604.717668056 2.95890 -9.58802 2.80308 -0.16500 -0.19311 0.01760 0.96704
1494876604.876784563 2.99498 -9.59177 2.80492 -0.16663 -0.20382 0.02351 0.96444
1494876605.037949800 2.99766 -9.62450 2.80138 -0.17226 -0.20730 0.03739 0.96227
1494876605.197050571 3.01283 -9.66221 2.80866 -0.17903 -0.20663 0.05533 0.96031
1494876605.356187582 3.03454 -9.68865 2.83688 -0.18327 -0.20239 0.07423 0.95914
1494876605.515292168 3.06919 -9.65926 2.88875 -0.18435 -0.19188 0.08458 0.96023
1494876605.674448729 3.06527 -9.68888 2.93008 -0.19243 -0.17441 0.09945 0.96055
1494876605.833578348 3.06989 -9.71207 2.96180 -0.19265 -0.15965 0.11313 0.96156
1494876605.992745161 3.06710 -9.73319 2.97617 -0.19077 -0.14890 0.12262 0.96250
1494876606.151881933 3.06445 -9.73798 2.97858 -0.18684 -0.14124 0.12800 0.96372
1494876606.313046455 3.07040 -9.74834 2.98775 -0.18875 -0.13843 0.13564 0.96271
1494876606.472149372 3.08015 -9.77827 2.97797 -0.19495 -0.14776 0.14504 0.95871
1494876606.631282806 3.07885 -9.78330 2.97591 -0.20302 -0.15320 0.14396 0.95634
1494876607.108662605 3.08986 -9.80023 2.94471 -0.19323 -0.16388 0.14630 0.95624
1494876607.267799377 3.09392 -9.80067 2.95504 -0.19117 -0.15846 0.15071 0.95689
1494876607.426911354 3.08587 -9.78920 2.97589 -0.18241 -0.13980 0.15202 0.96129
1494876607.588101387 3.06778 -9.76155 2.98195 -0.17109 -0.12587 0.14329 0.96662
1494876607.747220278 3.05248 -9.74321 2.97290 -0.16106 -0.12085 0.13490 0.97018
1494876607.906258345 3.03452 -9.74927 2.95737 -0.15745 -0.12145 0.12937 0.97145
1494876608.065318584 3.03329 -9.75245 2.93954 -0.15471 -0.12807 0.12699 0.97136
1494876608.224387884 3.03570 -9.74377 2.92302 -0.15359 -0.13664 0.12224 0.97098
1494876608.542473316 3.02331 -9.73334 2.90717 -0.14897 -0.13884 0.11390 0.97240
1494876608.701573133 3.01413 -9.72330 2.92580 -0.14147 -0.12364 0.11416 0.97553
1494876608.862692833 3.00147 -9.69488 2.91939 -0.14577 -0.12835 0.09732 0.97612
1494876609.021764755 2.99552 -9.67300 2.92003 -0.16079 -0.13752 0.08644 0.97353
1494876609.180788755 2.99827 -9.66175 2.91327 -0.16051 -0.14230 0.08213 0.97326
1494876609.339871883 3.00716 -9.65614 2.88924 -0.16149 -0.15735 0.07829 0.97110
1494876609.498951435 3.03358 -9.65688 2.86978 -0.14858 -0.16569 0.08675 0.97105
1494876609.658040762 3.01903 -9.65186 2.88155 -0.13761 -0.14944 0.08656 0.97531
1494876609.817101717 2.97109 -9.62735 2.93638 -0.12490 -0.10400 0.07777 0.98363
1494876609.976199865 2.95068 -9.58418 2.99204 -0.11909 -0.07054 0.06826 0.98802
1494876610.137295723 2.93772 -9.54130 3.00896 -0.11347 -0.05799 0.05217 0.99047
1494876610.296345472 2.93074 -9.55995 2.97562 -0.10633 -0.06869 0.05376 0.99050
1494876610.455435753 2.89659 -9.65121 2.91835 -0.10403 -0.08234 0.06870 0.98878
1494876610.614501238 2.92072 -9.59462 2.93226 -0.09074 -0.07614 0.06265 0.99098
1494876610.773584366 2.92889 -9.61873 2.93683 -0.08263 -0.06965 0.07620 0.99122
1494876610.932636738 2.97895 -9.59937 2.98282 -0.07689 -0.05600 0.09049 0.99134
1494876611.091675520 3.04656 -9.56496 3.01935 -0.07637 -0.05360 0.09735 0.99087
1494876611.250745058 2.83328 -9.50522 3.08067 -0.07060 -0.02614 0.09167 0.99294
1494876611.411854267 2.81054 -9.47133 3.06095 -0.04920 -0.02166 0.10166 0.99337
1494876611.570879698 2.81429 -9.44866 3.10694 -0.05501 -0.00993 0.10916 0.99245
1494876611.729937315 2.81470 -9.47199 3.14377 -0.06213 -0.00282 0.12283 0.99048
1494876611.888960361 2.78806 -9.46012 3.14637 -0.07358 -0.00356 0.12528 0.98938
1494876612.047986031 2.75418 -9.35395 3.11212 -0.08731 -0.01630 0.11560 0.98932
1494876612.207054853 2.74786 -9.35407 3.14700 -0.09877 -0.02105 0.12125 0.98747
1494876612.366137743 2.68406 -9.37944 3.11889 -0.10210 -0.03080 0.12196 0.98679
1494876612.525183916 2.74852 -9.36444 3.11945 -0.10160 -0.03890 0.12018 0.98677
1494876612.686324120 2.71848 -9.35763 3.10770 -0.10722 -0.04619 0.11001 0.98705
1494876613.004470348 2.70624 -9.37650 3.19182 -0.10302 -0.03229 0.11333 0.98767
1494876613.163558960 2.71916 -9.38454 3.18585 -0.09682 -0.03630 0.11332 0.98816
1494876613.322630405 2.75106 -9.37601 3.19508 -0.08609 -0.02952 0.11540 0.98914
1494876613.481679201 2.76582 -9.36718 3.22906 -0.07138 -0.01576 0.11800 0.99032
1494876613.640781879 2.78165 -9.33556 3.33526 -0.07531 0.01105 0.12214 0.98959
1494876613.799827814 2.82325 -9.34535 3.33797 -0.07123 0.01941 0.13163 0.98855
1494876613.960932732 2.82589 -9.33176 3.30624 -0.07514 0.01195 0.13015 0.98857
1494876614.120016813 2.82636 -9.32267 3.30241 -0.08342 0.00822 0.12793 0.98823
1494876614.438190937 2.84957 -9.34770 3.30585 -0.09104 0.00432 0.14849 0.98470
1494876614.756448746 2.85670 -9.30793 3.31833 -0.08692 0.00358 0.15291 0.98440
1494876614.915566206 2.84644 -9.29258 3.32067 -0.09336 0.00676 0.15005 0.98424
1494876615.074657440 2.86165 -9.27394 3.32016 -0.09774 0.01149 0.14857 0.98399
1494876615.235771656 2.85074 -9.25685 3.30690 -0.11156 0.00513 0.13647 0.98433
1494876615.394863367 2.84401 -9.26082 3.30718 -0.11707 -0.00251 0.12513 0.98521
1494876615.553945780 2.83185 -9.25735 3.30379 -0.11669 -0.00653 0.11957 0.98592
1494876615.713048220 2.83185 -9.26147 3.30383 -0.11692 -0.01095 0.11838 0.98600
1494876615.872152328 2.82121 -9.25651 3.28843 -0.12497 -0.02655 0.10391 0.98635
1494876616.031274319 2.82180 -9.25036 3.27428 -0.13255 -0.03798 0.08885 0.98646
1494876616.190354586 2.82637 -9.24260 3.27534 -0.13494 -0.03028 0.08533 0.98671
1494876616.349460363 2.86580 -9.22403 3.27935 -0.14225 -0.02391 0.08319 0.98604
1494876616.510606050 2.88324 -9.21441 3.29412 -0.13847 -0.01643 0.08446 0.98662
1494876616.669680119 2.88294 -9.21381 3.29847 -0.13001 -0.01375 0.07697 0.98843
1494876616.828776121 2.87392 -9.22636 3.30224 -0.11543 -0.01012 0.07384 0.99052
1494876616.987875700 2.84598 -9.23464 3.30706 -0.10934 -0.01090 0.07096 0.99141
1494876617.147030592 2.86590 -9.22683 3.31230 -0.09937 -0.01035 0.06717 0.99273
1494876617.306198835 2.88877 -9.23580 3.31464 -0.10235 -0.00664 0.06297 0.99273
1494876617.465373993 2.98457 -9.23324 3.30553 -0.09786 -0.00636 0.05893 0.99343
1494876617.624522448 2.84438 -9.21099 3.32271 -0.09292 0.00820 0.04683 0.99454
