1532199344.86082 0.00967093101383207 0.0265699871915811 -0.0374678335159658 -0.00840071976334491 0.0106269663678139 0.00743678884012047 0.999880587702864
1532199345.30856 0.0425021151624402 0.0423930958438838 -0.0883673858929738 -0.0113405354380492 0.02815894946449 0.000248945100423332 0.999539095707303
1532199345.85601 0.133898315639674 0.0306987037714439 -0.185108767345572 -0.0184657130136486 0.0757688425905391 -0.0155000873498897 0.99683391155575
1532199346.30169 0.220860294901437 0.00334894316302711 -0.276944674185582 -0.018779377680057 0.0983859498373068 -0.0230056138517544 0.994705122928331
1532199348.1883 0.340558990820904 -0.0876593781332441 -0.33134245762387 -0.00936630213705579 0.154042649302531 -0.0273957198142595 0.987639918753791
1532199350.02506 0.0456632134895814 -0.0176839267888932 -0.217767856082 -0.0355299236679946 -0.050707188276146 -0.00434915471908272 0.998071886406238
1532199350.17574 0.00563736705024286 -0.0100238752170255 -0.22293546687203 -0.0353311648231701 -0.0681191651017631 -0.00178941522526703 0.997049791199632
1532199350.42418 -0.053215951347583 0.000492146348673631 -0.231604308800915 -0.0356463080817967 -0.0929177526089435 0.000965046509383091 0.995035024838562
1532199350.72149 -0.121630602026859 0.0158349343154454 -0.243749948962767 -0.0368547577091379 -0.120796095000014 -0.00162583964248228 0.991991626432606
1532199350.92091 -0.153400537783776 0.0284283671483473 -0.251402682999324 -0.0394571602464314 -0.127870843540101 -0.00235692400359426 0.991002837930787
1532199353.60331 -0.00189986545848618 -0.204806140975459 -0.160662709408441 0.081200428075288 0.0116679462330149 5.15813634515859e-06 0.996629494588882
1532199353.95132 0.0177271863679094 -0.2915959395679 -0.157937226762029 0.121155535142148 0.0201653711553157 -0.00206911301591043 0.992426527699617
1532199354.44791 0.0407101932492075 -0.401740510379113 -0.152061972834598 0.164964190437063 0.0293899622841268 -0.00630443440726001 0.985841417316796
1532199357.38038 -0.0526500742330986 0.0529028312844928 -0.0104427385281847 -0.0910879801111681 0.0221583752956331 -0.0147443201514094 0.995487112576954
1532199357.72837 -0.0704904593891843 0.152796733694451 -0.0710678035079464 -0.143186082817493 0.023000742933229 -0.0134641449183525 0.989336862910466
1532199357.87689 -0.0753806102009306 0.192173754435904 -0.105891399838215 -0.162211766030835 0.0245338552971345 -0.0114683939427664 0.986384260238267
1532199358.02545 -0.076666465853244 0.229939954638072 -0.141021605573541 -0.178728805928455 0.0260394663354899 -0.00954605186891631 0.983507413809408
1532199358.17405 -0.0781713685548113 0.265666140703328 -0.174596146515548 -0.194744210013528 0.0277690586805223 -0.00887286677720342 0.980420748597948
1532199358.32473 -0.0729153453645542 0.298568361615532 -0.206543842173612 -0.210751333582533 0.0293060213256047 -0.00968655362567808 0.977052303198814
1532199358.47344 -0.0763940670001236 0.328094851474232 -0.236774274644227 -0.224016688253899 0.0300339956284829 -0.0105483381488468 0.974065303279325
1532199358.62217 -0.0746433519379758 0.351479920739676 -0.259778607752811 -0.234339559920777 0.029535537105158 -0.0106089203905435 0.97164812227071
1532199358.77093 -0.0771345916910452 0.371840001020853 -0.278382556714386 -0.240615592497959 0.0306093295725336 -0.00971510887406674 0.970089079543494
1532199359.31919 -0.090096735561079 0.383815624776761 -0.296460933622163 -0.230994237954849 0.0320834297797873 -0.0110011705164899 0.972363764139992
1532199359.46803 -0.0988020858075994 0.370352476445148 -0.295885595230433 -0.218946073798559 0.0329185582324744 -0.012083640456084 0.975106645924138
1532199359.6168 -0.108710633784168 0.349703314400562 -0.293152671466218 -0.2059684133551 0.0337752716916821 -0.0145213470983341 0.977867769282017
1532199359.76759 -0.114854619936507 0.317485985410594 -0.286947020530987 -0.193201163147868 0.0335637599589023 -0.0176680315580867 0.980425736726957
1532199359.96532 -0.126144039077629 0.281664719379158 -0.284362670007807 -0.170200112792719 0.0354616797973209 -0.0210661135992366 0.98454589010829
1532199360.11408 -0.129233164197568 0.249399746175665 -0.285546274109951 -0.14984412160023 0.0374073261986214 -0.0231445098274614 0.98773061248165
1532199362.74969 0.0733292425175903 -0.0730176269042244 -0.323075543209865 -0.0259966067025674 0.173882813694075 -0.0286723982811304 0.984005506650544
1532199364.24248 0.409472976154925 -0.259885763425916 -0.300138454140016 0.0126686543779554 0.244681153309976 -0.0608929499666454 0.967606679935352
1532199364.8392 0.439981254772363 -0.398640352308528 -0.21720174850626 0.0547081587474508 0.239899983120144 -0.071392402621506 0.966622025568086
1532199366.03285 0.121175741371141 -0.558721477461254 0.0685486841966221 0.102606036763848 0.0966645335550279 -0.0462341575293133 0.988933957274075
1532199366.77829 -0.196115821587228 -0.544232027203916 0.193432774174369 0.098011376472445 -0.0261583895862985 -0.0297277968089578 0.994397187663519
1532199366.97788 -0.285434776058557 -0.531212399470823 0.212858708300211 0.0920894051894507 -0.0583754699173645 -0.0242225634488301 0.993742981551945
1532199367.22636 -0.376415565216517 -0.503746522037935 0.22684219114045 0.0825628341477509 -0.0915495210462215 -0.0189678413788095 0.992190649324579
1532199367.47487 -0.445257363739554 -0.468924236405385 0.225968381957396 0.0705849999465658 -0.123540377594745 -0.0166642092255768 0.989685726388524
1532199367.77219 -0.473517087029592 -0.420517994677318 0.228863226065742 0.0523176129958211 -0.132064144703807 -0.0135420516362931 0.989766912910082
1532199368.66823 -0.401841489303427 -0.221632482660887 0.223887311344708 0.00924719175545696 -0.119351953365731 -0.0110134020629047 0.992747856027615
1532199369.16505 -0.30563416544592 -0.063492397122534 0.215805068217763 -0.049852379838385 -0.0947972890419293 0.00188485206881518 0.994245775222319
1532199369.46232 -0.230466442129512 0.0163052636453974 0.205186773984572 -0.0842773824030412 -0.0737649638821434 0.0113680791352492 0.993643205429159
1532199369.66189 -0.173932357298545 0.0552904254194647 0.190952471610913 -0.104139124560549 -0.0570326643525972 0.0159406156450731 0.992798174205344
1532199370.25852 -0.0201508611121833 0.0809963871649943 0.136057861584726 -0.131265971709401 -0.0205072217977477 0.00951061123624008 0.991089424219248
1532199370.5558 0.0446847683443949 0.0531399031302053 0.115414263743452 -0.136239502079788 -0.00337580250703448 0.00989769057425269 0.990620733556382
1532199372.84255 0.0284458944654814 -0.539450215163444 0.300152717106626 -0.0588021808255009 -0.0251252861573548 -0.0112998155701006 0.997889441618539
1532199373.73839 0.0443643957237804 -0.700819283209538 0.511579885167472 -0.0114803295947044 -0.0268915341996192 -0.0479169700190875 0.998423262652158
1532199375.477 -0.0372076985318216 -0.672613749784261 0.887814963556869 0.00808269616686382 -0.0487431480967327 -0.0153703368214955 0.998660366832634
1532199376.12448 -0.139126247669778 -0.579291903014711 1.34118522780877 0.0211196165837192 -0.0460818771822739 0.00510543793891739 0.998701335181929
1532199376.47258 -0.182920044777665 -0.525356768144622 1.62486582970572 0.0158772594176776 -0.0430193564144313 0.0144822585952066 0.998843086672304
1532199376.86959 -0.242744229769859 -0.464108696903327 1.9386473019436 0.00859996058025479 -0.0396132580506543 0.015440145681374 0.999058773229068
1532199377.21777 -0.299937627778873 -0.403953884423154 2.20001802093592 -0.00704043979798809 -0.0476591059628947 0.00744132886492032 0.998811127516607
1532199377.61476 -0.374003813478247 -0.353494358365516 2.51760693303951 0.00143852276948534 -0.0518385931479127 -0.0057408612120857 0.998637939107679
1532199378.06223 -0.419764875903497 -0.289130334219218 2.91004976954637 -0.00875152694161458 -0.0468849211371128 -0.00172903741767885 0.998860463416071
1532199378.31049 -0.426817620236222 -0.251793597726709 3.13242484186571 -0.0185564325911942 -0.0422221875485017 0.000212313765312228 0.9989358841342
1532199378.65857 -0.441325396664428 -0.225982647795178 3.41014623743097 -0.01390668681663 -0.0408208645670574 -0.00114926068661828 0.999069036792582
1532199379.10606 -0.477136736243044 -0.191130946550649 3.71347155306169 -0.0118352036896465 -0.0386800284936665 -0.00504866510834357 0.999168801719699
1532199379.40308 -0.493385016975396 -0.153986941578577 3.88935009734311 -0.0193843873652164 -0.0401665449532332 -0.00420735233418708 0.998996092274306
1532199380.09936 -0.494889180042362 -0.102628017220657 4.2618615662345 -0.0257775203061393 -0.0422287313614734 -0.00970027628113167 0.998728270519334
1532199380.29878 -0.515919501276124 -0.0893843592430444 4.39279477485414 -0.0324908974386402 -0.0401496669946109 -0.00643807343885626 0.998644529867486
1532199380.69573 -0.589698796702111 -0.0997074435506283 4.6625936815571 -0.0358850740933132 -0.0377252874585659 0.00233117199970275 0.998640891302072
1532199380.9929 -0.649422126496204 -0.107956532714638 4.87409726302307 -0.0366232265368806 -0.034265522709262 0.016051089171176 0.998612525340991
1532199381.19229 -0.688410277011887 -0.0954532532280189 5.03812563696237 -0.0388374237011186 -0.031341878890788 0.0166533619089494 0.998615044291336
1532199381.34085 -0.722706526004179 -0.0819561389491082 5.16374885789632 -0.0376386782742312 -0.0338655843332665 0.0131699603635095 0.998630564442908
1532199381.54033 -0.760434470063055 -0.0623172791331095 5.32039412209886 -0.0370863357825204 -0.035436350945287 0.00969028958552878 0.998636554016355
1532199381.68889 -0.785666741348463 -0.044251420615507 5.43757585782187 -0.0347491889888145 -0.0373722385032783 0.0110602097111737 0.998635810200606
1532199381.88831 -0.819652918289431 -0.0179836489985792 5.59655697979183 -0.034623253615243 -0.0399061262932757 0.0118735141728078 0.998532799188164
1532199382.03693 -0.851283120106034 -0.00166192060584674 5.70672785625354 -0.0349678404970162 -0.0434888162510328 0.00973358596727341 0.998394326053729
1532199382.18552 -0.880299077651389 0.01233341310118 5.81863065681336 -0.0346450725673555 -0.0457110541808572 0.00758259058470946 0.998324958514263
1532199382.33614 -0.905520882421216 0.0286643874591013 5.93998940851053 -0.0358259060410281 -0.0454822271203304 0.00360787020375797 0.998316009460486
1532199382.48473 -0.930216912650555 0.044243117007886 6.06280472614134 -0.0371047753612688 -0.0461291601996204 0.00114656755079111 0.998245471618841
1532199382.63332 -0.949622297110067 0.0553762538709673 6.18327044013472 -0.0351962619655016 -0.0471192347544923 0.00133056041734557 0.998268115522471
1532199382.78189 -0.971285524908182 0.0645789944301808 6.30565064914687 -0.031455485873731 -0.0461572775840145 0.00168035176611991 0.998437396411224
1532199382.98137 -1.00516105061064 0.0757967833253477 6.4654773931382 -0.0270994550495787 -0.0472149713650653 5.2309128003851e-05 0.99851708211666
1532199383.18091 -1.038589732625 0.089051107402384 6.61771559070076 -0.0229211325605194 -0.0476139684451506 0.000454984546640625 0.998602686096984
1532199383.32957 -1.06872705392411 0.102182308608498 6.73238144789197 -0.0227022286713708 -0.0481649667858323 0.003193890355996 0.998576258406071
1532199383.52701 -1.10550899122366 0.123865799496181 6.88638752108645 -0.0244000250107451 -0.0481110007095422 0.00809759165529082 0.998511091275199
1532199383.67761 -1.13148151811521 0.141001292731607 7.00656973018241 -0.0225645076654725 -0.0462532851715621 0.00891325737707573 0.998635083725575
1532199383.8262 -1.1533215711557 0.157649621301611 7.11976564167177 -0.0211488201963802 -0.0465004466218783 0.00592413824405202 0.998676794791155
1532199384.0259 -1.175904419467 0.179679521882094 7.26823846111817 -0.0222991063722431 -0.0460876976044558 0.00156766567439236 0.998687246543609
1532199384.17461 -1.18963372148686 0.20094238689938 7.38503589087179 -0.0228314742499122 -0.0458385967517955 0.00279714939285316 0.998683995459364
1532199384.42311 -1.21746226104704 0.235377814217448 7.57710885738502 -0.0220624168068024 -0.0492141321438216 0.00165923084325518 0.998543171783266
1532199384.57181 -1.23526745555311 0.253011554825432 7.68442078375957 -0.0221952918497217 -0.0484408995975811 0.00122157862694184 0.998578667913321
1532199384.77136 -1.26768834113032 0.279279193482267 7.83668712507811 -0.0197369494485554 -0.0502585462530379 -0.00227060806142459 0.998538620031308
1532199384.91995 -1.29096579349548 0.289405059865977 7.94464322635167 -0.0179966767849036 -0.0531840984058997 -0.00656794113977878 0.998400938226041
1532199385.06854 -1.31764220297866 0.300431676327572 8.05736295420534 -0.0161009068433747 -0.0524901490647361 -0.00956286652904289 0.998445840611164
1532199385.21918 -1.33984090285442 0.316258098494269 8.17406743654058 -0.0152431338573828 -0.0507858366928974 -0.0112559263240714 0.998529794139463
1532199385.36776 -1.35885072439146 0.329751185132004 8.28197602641054 -0.016678215310167 -0.0494222277494364 -0.0127973111700355 0.998556713144111
1532199385.51634 -1.36877333999264 0.334258139674574 8.39494112311043 -0.021374017920784 -0.0464965847973691 -0.0153383264258256 0.998571957698873
1532199385.66486 -1.3626252172254 0.322169201461641 8.49828854771911 -0.0286320935174321 -0.0447782014535906 -0.0174076983415997 0.998434819071251
1532199385.81544 -1.36276789803075 0.318655172011767 8.60408007760139 -0.0324848614439981 -0.042675574066537 -0.017965466424746 0.998399104151841
1532199385.96398 -1.34876816861893 0.313615694827973 8.70290992872448 -0.035179034440076 -0.0431126195916505 -0.0202548774115513 0.998245199091313
1532199386.11254 -1.31837704696682 0.321754492377564 8.79276477502591 -0.0339932993254389 -0.0461791536990472 -0.0253571224916384 0.99803254340906
1532199386.26107 -1.30757507975715 0.31959044953781 8.90130143648499 -0.0302396885855767 -0.0489243067218281 -0.0279855063656814 0.997952295893694
1532199386.46046 -1.31514122376709 0.309910051523587 9.03515929019477 -0.0236299346363331 -0.0570724208763177 -0.0322430013787834 0.997569423061117
1532199386.65988 -1.32877709642987 0.308931538606599 9.17363413320362 -0.0153722081700154 -0.0609757073015174 -0.0349654863891519 0.997408177777097
1532199386.80843 -1.3489397244174 0.298553845966051 9.27075726121733 -0.0128608765822942 -0.0621161432434108 -0.0338529560602237 0.997411730414319
1532199386.95696 -1.35284754955048 0.301263433157536 9.36512599450391 -0.0103365738157193 -0.0622775473930471 -0.0353822876291609 0.997377940429098
1532199387.10551 -1.36303755028629 0.30354651798629 9.44728640065658 -0.00859661891349184 -0.0623522415340642 -0.0323092150366593 0.99749406551751
1532199387.25612 -1.3605511395077 0.294576930622635 9.5458214773282 -0.0056290589969753 -0.0717639173491012 -0.0283213102148088 0.997003589386336
1532199387.40464 -1.36452193370623 0.276367728148931 9.62865869814541 0.00114078022241981 -0.0791197785826987 -0.0262964070060342 0.996517565442819
1532199387.55316 -1.35708077807985 0.253776634528244 9.72639090477286 0.0112041525885321 -0.0902654997935986 -0.0226968412073148 0.995596032490586
1532199387.70169 -1.37565854061752 0.239356208621031 9.81267173672422 0.0171646540599545 -0.0995733739764621 -0.0170967946901937 0.994735249931995
1532199387.90112 -1.36802838848634 0.229560290077621 9.83793073904448 0.0171524603771461 -0.116102957675312 -0.00914527393099786 0.993046957745093
1532199388.04967 -1.36289445835134 0.216987134062163 9.85602897890729 0.0172743639104346 -0.123834131494815 -0.00664750217644704 0.992130291314216
1532199388.19821 -1.36265139128984 0.211924932223988 9.87652111316748 0.0226513088499037 -0.123733780570383 -0.0085374178869825 0.99202015213854
1532199388.39764 -1.36537334516801 0.204746227788114 9.90657382355448 0.0265509697149411 -0.122367773626357 -0.0119682548272147 0.9920574251833
1532199388.54622 -1.37428375620085 0.200783364961099 9.92677274174293 0.0286508292441174 -0.114171448691867 -0.00963740358228438 0.993001072879289
1532199388.74569 -1.3807069661351 0.191079479712395 9.95149968020382 0.0327927595869643 -0.106579696795107 -0.00821054910315357 0.993729334393003
1532199388.89428 -1.38469083505986 0.184384100413811 9.97381135437006 0.0361637418643312 -0.0978616881263121 -0.00490720047379466 0.994530639626025
1532199389.04287 -1.39094031846471 0.175040312828469 9.99939730654098 0.0358565303373891 -0.0856623329879727 0.00479643819753029 0.995667247688625
1532199389.1935 -1.39611452242232 0.163899947059339 10.0209567795762 0.0317210156018392 -0.0745628459301664 0.0155867676184531 0.996589791163442
1532199389.49077 -1.40264565561968 0.146471385242656 10.0483062382369 0.0316471259559335 -0.0896055030065263 0.0367278267719583 0.994796652582973
1532199389.63937 -1.40541448678366 0.138049001111626 10.0540472134889 0.0496611576041586 -0.10798884362989 0.0441378837153148 0.991929446229937
1532199389.78998 -1.40589058344513 0.131489858172675 10.06035151356 0.0779224765713795 -0.125208641795948 0.0453741689636925 0.988024325841957
1532199389.93858 -1.40687898280348 0.123017638742674 10.0769975516856 0.100702479249649 -0.122538311605031 0.0378183160520989 0.986617021864588
1532199390.08722 -1.40929735717198 0.111475037454151 10.1033761118784 0.113843731351655 -0.115915213307848 0.0292527535995882 0.986279648255287
1532199390.23586 -1.41089757293679 0.0992909132441973 10.1315136444579 0.117564683124058 -0.109634316837882 0.0320578925495682 0.986474101727315
1532199390.53522 -1.42435386423128 0.0815863470073299 10.1762476035623 0.135398016367239 -0.13433430463308 0.0283128403377197 0.981233945007294
1532199390.73475 -1.43767854520605 0.0732867083349027 10.2028184563505 0.143043216701199 -0.154921722737681 0.0266560553145227 0.977152676246059
1532199390.98322 -1.45086910914902 0.0660599641077482 10.2368301983976 0.146501098527559 -0.16567437967112 0.0261942164988591 0.974886296484273
1532199391.28062 -1.46527641718968 0.0611538667321708 10.2776810979055 0.150668187166995 -0.159545107719205 0.0272364590805364 0.975244908356581
1532199391.42932 -1.4733870049463 0.0609122379716621 10.3006549626018 0.150037330123879 -0.150205906940865 0.0305727465953654 0.976725290066244
1532199391.62896 -1.48408123243859 0.0614551473518877 10.3305458366359 0.150360561374238 -0.137487908394061 0.0283387723858548 0.978614168407711
1532199391.87748 -1.50406842201652 0.0650028950676389 10.364929864722 0.144970915129043 -0.134582751937128 0.0235129242589084 0.979958192496228
1532199392.02612 -1.5171559090409 0.0678172495634642 10.386233290269 0.138332080384088 -0.139798842440405 0.0213978626558538 0.980236017835856
1532199392.17677 -1.53271677270979 0.0729763397139761 10.4060742320185 0.135406437619552 -0.144376285208358 0.0131496316706478 0.980126355174447
1532199392.32535 -1.54732399078474 0.0769917886745879 10.4234902419434 0.131233810533699 -0.14795232541846 0.00136318593698384 0.98024789624879
1532199392.47395 -1.5623509044581 0.0822840925561061 10.4387646248843 0.126767947056568 -0.152851354199283 -0.00938915066581248 0.980039894579953
1532199392.62256 -1.57591015050557 0.0853086594059331 10.4532100293384 0.123741398887092 -0.159076049383075 -0.0155591987186233 0.979357334199002
1532199392.82206 -1.59397494764831 0.0864698099449255 10.474929628032 0.121732618687037 -0.165564362985357 -0.0107106029931799 0.978598433597956
1532199393.21903 -1.62047628856128 0.0884006289049933 10.5261960089061 0.128974491304611 -0.166613112616201 0.00490125447488806 0.977538556273681
1532199393.41858 -1.63122624679961 0.0890881208574219 10.5519783299785 0.126786104957934 -0.167752030294415 0.01115437790327 0.977578702599075
1532199393.56725 -1.63678395059726 0.0898900215894107 10.5735656809427 0.122903791522438 -0.16456518463846 0.014920020341715 0.978565455668308
1532199393.71601 -1.64192643335645 0.0900760226303254 10.5959516800768 0.117193906726543 -0.162468709825753 0.0190888749510672 0.979543322884103
1532199393.86675 -1.64590954021336 0.0912960538776554 10.6210757244033 0.110413509730574 -0.157283924010782 0.0242765312060279 0.98106129989382
1532199394.01547 -1.65141244282894 0.0938022328776585 10.6456384470709 0.104170868801789 -0.153928879710801 0.0275416037686923 0.982189284275648
1532199394.16417 -1.65797194993747 0.0983840278666617 10.6719470827238 0.0993911488098481 -0.152029231783452 0.0283541252790895 0.982957046773282
1532199394.36381 -1.66776045859881 0.105865387612275 10.7092341891723 0.0949351022719203 -0.147692806204008 0.0272210333749246 0.984090024689921
1532199394.51253 -1.67395020247265 0.112197702718919 10.7401792130503 0.0926074361691045 -0.140111230155158 0.026815771928984 0.985430677585414
1532199394.66123 -1.68013052266171 0.117759907805876 10.7733710552447 0.0902434767049721 -0.133563402146179 0.0262834783920692 0.986572912299417
1532199394.80994 -1.68796902917858 0.125733599468325 10.806301725012 0.0872105501140828 -0.12744611386016 0.0247831922885227 0.987693070437742
1532199394.96064 -1.6964922674568 0.131961561035937 10.841635413002 0.0814275925456968 -0.116968792827668 0.0215015476199009 0.989558251002234
1532199395.1093 -1.70523344517093 0.139122224026521 10.8781611505812 0.0774164936788189 -0.111598272056549 0.0171601034420188 0.990584697555101
1532199395.25802 -1.71642198106589 0.147100309746224 10.9146931213186 0.0752051274615208 -0.112273162062631 0.0140989423200415 0.990727079325791
1532199395.45769 -1.73458620305164 0.15860259751788 10.9600741718503 0.0693343963698023 -0.110106779194679 0.0105781644465714 0.991442051303228
1532199395.60641 -1.74824688901907 0.166470206812077 10.9949028638555 0.0632025235250329 -0.11120030349904 0.00697096021421861 0.991761735113572
1532199395.80606 -1.76410681898123 0.177398645480733 11.0402814734058 0.0589644718138254 -0.117990179945574 0.00149269906938976 0.99126145912651
1532199395.95479 -1.77855715093471 0.184220413260993 11.0694178994765 0.0597822797313544 -0.123794382032263 -0.00463630523458805 0.990494590939873
1532199396.1035 -1.7909266682717 0.188888327637337 11.0964705263926 0.0597199701342117 -0.133871835327248 -0.0129771635222126 0.989112455740096
1532199396.25222 -1.8027957558956 0.19308869641453 11.122203458258 0.0546357999167572 -0.140031560170224 -0.0183601426679594 0.988468004886837
1532199396.403 -1.81372107666606 0.197175534741861 11.1489387586958 0.0495665101740205 -0.146999443724815 -0.0219852505882403 0.987649215749366
1532199396.6515 -1.83005244684858 0.202056798144266 11.1908427777794 0.0567606867074267 -0.139652007798063 -0.0251756088260478 0.988251855491661
1532199396.8491 -1.84156130381998 0.206181532782496 11.2255159791885 0.0597693128301524 -0.130040195527305 -0.0308490273900198 0.989224703644285
1532199397.04874 -1.8543262559466 0.211667944940749 11.2596279699127 0.0640172746858894 -0.12351000751721 -0.0361589721196814 0.989615882714167
1532199397.24838 -1.86790057213362 0.213673596565844 11.2967846901355 0.0640717778983968 -0.114538064842453 -0.0358152740426635 0.990703338605627
1532199397.49686 -1.88427569581646 0.21298434411571 11.3414641974524 0.0619839028134179 -0.106015657892392 -0.0336561991907208 0.991859837038327
1532199397.69443 -1.89509031229604 0.212252406184352 11.3724630021568 0.0636433399284642 -0.0973480598932794 -0.0315724794379563 0.992711468181922
1532199397.89413 -1.90791516109777 0.210938031881085 11.4020503885517 0.066994291407993 -0.0886812089316483 -0.0264813208522243 0.993451633320458
1532199398.04289 -1.91387940609612 0.210365253211917 11.4257023150777 0.0658624006677926 -0.0803902689729895 -0.0214559773777257 0.994353654324001
1532199398.39123 -1.93060050669945 0.209894924208454 11.4780634969151 0.0561165672697538 -0.0663597022889236 -0.0137647841988633 0.996121403999505
1532199399.38678 -1.97213001474313 0.21534953760535 11.5651180350629 0.0596549067790266 -0.0642083923252439 0.0036783951288539 0.996145091772013
1532199399.68357 -1.98250013871804 0.222488777756982 11.568887917963 0.0560169102736023 -0.0625435567437384 -0.0114528768753286 0.996403151783716
1532199400.13085 -1.9933952801596 0.223499713624338 11.5679772688225 0.0231765929388469 -0.0688494261889555 0.00609159378867545 0.997339207360422
1532199401.07478 -2.00542391781396 0.225400283528121 11.5617128213863 0.0362377196488901 -0.0871573552918585 0.038057727625715 0.99480753538619
1532199401.22338 -2.0143369650218 0.232129225727519 11.5706586326908 0.0323193855959944 -0.0743591281135789 0.0485142398932692 0.995526265805411
1532199401.37198 -2.00154616898462 0.230817799354379 11.5578365336282 0.0373122631767953 -0.0651140283521982 0.0581158819345347 0.995485058951338
1532199401.72014 -2.02001336812508 0.217293230673104 11.5667216311596 0.0431466457614545 -0.0615173231411831 0.0625392123219559 0.995209944099852
1532199402.06824 -2.03363182003182 0.238437181034943 11.6047404593662 0.0468552505886812 -0.0507360420987424 0.066270318907034 0.995408802631556
1532199402.21683 -2.04652883742183 0.248667249489357 11.6221572578853 0.0456148416461121 -0.0415316376398783 0.0671929748350408 0.995831066712306
1532199402.36543 -2.05866226234329 0.2509413901229 11.6319816962671 0.039801054734817 -0.0357020884318038 0.0616480138206115 0.996664817938097
1532199402.56495 -2.06412184873271 0.252089420898795 11.6403932004021 0.0297703141845975 -0.0359568342613271 0.0628868600681667 0.996928321041198
1532199402.91299 -2.08012377856736 0.25567876308454 11.6589141467181 0.0210968393499659 -0.033024938678876 0.064706871101998 0.997134543392661
1532199403.11247 -2.09118788002249 0.257556854392149 11.670226621802 0.0195102185306105 -0.0400375547271685 0.0696312172132843 0.996578064766507
1532199403.30989 -2.1012959162798 0.259504278795498 11.6830470344388 0.0103633146789787 -0.0339605994420041 0.0680396313314181 0.997050594484899
1532199403.46051 -2.10931706602038 0.259285840978221 11.697303442947 -0.000566314230615674 -0.0285062743716141 0.0699890776782647 0.997140211111452
1532199403.70878 -2.12241860087581 0.261220840585648 11.726263690363 0.00577981977061604 -0.0190145596774055 0.0721484953069421 0.997195885886339
1532199404.10564 -2.14539619559424 0.267678353546927 11.7704081642438 0.00787440379697919 -0.0119968469449835 0.0555525381685518 0.99835263556083
1532199404.30516 -2.15775141623319 0.270852961890078 11.7942907892708 0.00787453948753994 -0.00117582127926868 0.0533272471323001 0.998545348887806
1532199404.55347 -2.1726323099928 0.282736401204108 11.8267276760901 0.0139289742366156 0.00834306168494508 0.034660947656771 0.999267229376594
1532199404.75083 -2.18510662802385 0.29504987352807 11.8507212102379 0.0245321484423751 0.00982858165765674 0.000661690811188342 0.99965050634743
1532199404.95029 -2.1978986291815 0.307143092795751 11.8699866102294 0.0288243937701259 0.0131851374653804 -0.0213903262306096 0.999268612745119
1532199405.09895 -2.20722956367748 0.316195393961973 11.8822003922199 0.0226027815364607 0.0152540081019154 -0.0280251646265421 0.999235217379421
1532199405.24756 -2.21810610929374 0.327936146921887 11.8936199579072 0.014475753186693 0.0162953584625816 -0.0361886492809931 0.999107249260795
1532199405.39819 -2.22803023583416 0.339101366792509 11.9039448198563 0.00370829401208242 0.0138769310873269 -0.04519520972076 0.998874903257368
1532199405.59563 -2.23851811501141 0.354863681930908 11.9208062312485 -0.0125062581981635 0.0198549651368978 -0.0492664954585696 0.998509983070038
1532199405.74622 -2.24583095066422 0.366312213898888 11.9339287815386 -0.0251871236949812 0.0233349182902662 -0.0462347623423155 0.998340341336316
1532199405.89485 -2.24957281680339 0.373945496891265 11.9454324038255 -0.0360620038747592 0.0297568646487995 -0.0444986706467668 0.997914790547511
1532199406.04347 -2.25559907014274 0.382669534283714 11.9565199401785 -0.0438785152311213 0.0348588792242043 -0.0480105105538063 0.997273545882327
1532199406.19212 -2.259929657935 0.386465523727582 11.9656413796677 -0.0531153118721618 0.0352521753714936 -0.0530440884674966 0.99655525308683
1532199406.34282 -2.26688649149666 0.389543116209991 11.976659664603 -0.0614718998142703 0.0317958990655389 -0.0561489198604761 0.99602084573283
1532199406.83953 -2.2823396869592 0.389943349399972 12.0328143714428 -0.059676568095686 0.0394313255919697 -0.0620649665305266 0.995505809984024
1532199407.13673 -2.29168619853253 0.388395911505296 12.0809191505918 -0.0594123097686323 0.0458473196322727 -0.0689194917905801 0.994795609349892
1532199407.43602 -2.30225605459724 0.391405135693491 12.1302152462186 -0.0590155253074633 0.0498343700677202 -0.0877579144097192 0.993142614024339
1532199407.68437 -2.31287041888326 0.393923712893722 12.167232427235 -0.0598899275782923 0.0471609017989034 -0.100462728905996 0.99201627306055
1532199407.93264 -2.32440183106756 0.39820754202432 12.2011800192695 -0.0625917652318198 0.0457821320173213 -0.108667449886579 0.991048764011269
1532199408.08121 -2.33097703313311 0.401330077353602 12.2187435348324 -0.0710211688796781 0.0376175819292141 -0.114899271794365 0.990120734275315
1532199408.22978 -2.33888178166505 0.404910739777584 12.2349308009673 -0.0794983104869589 0.0246870392331745 -0.122235367832369 0.989004086732965
1532199408.47809 -2.34770687068598 0.408875932209769 12.2628891281976 -0.0832750653572864 0.0268339546205911 -0.128697772182256 0.98781682806302
1532199408.72636 -2.35291395188605 0.411077397808749 12.2875059916253 -0.0825882422110191 0.0345808074997706 -0.138717163114993 0.986276279071178
1532199408.92583 -2.35916962867562 0.416196050722642 12.3039072508767 -0.0884729463579566 0.0370399817111853 -0.150316247638194 0.983974391543577
1532199409.07436 -2.3643962754791 0.421991921818848 12.3160311342335 -0.0993525763188625 0.0360026357379561 -0.159113985832288 0.981588312538046
1532199409.27376 -2.36924896763474 0.429049831681114 12.3357393165855 -0.108345506964991 0.031987698798883 -0.167949892929482 0.979301216026524
1532199409.522 -2.37153784377212 0.43396024243859 12.3707015313705 -0.0989290744782811 0.0264770055167164 -0.167604910649902 0.980520576187863
1532199409.67058 -2.37128512727189 0.437303576386653 12.3971606964953 -0.0890808164230652 0.0281734393954234 -0.165761652675831 0.981730074898499
1532199409.91884 -2.37056297798858 0.444074832759417 12.4395899375894 -0.0761401449881476 0.023791366855733 -0.163193468363644 0.98336389046363
1532199410.1183 -2.36838045151732 0.446117216394222 12.4700502970088 -0.0670507290690271 0.0138633153036915 -0.152471435249617 0.985933298784977
1532199410.31775 -2.36397982399387 0.44642043921396 12.4984030315662 -0.0574739283785333 0.00770517053416392 -0.138346856306454 0.988684745130571
1532199410.46635 -2.35668894221709 0.444808850658275 12.5182610364587 -0.0478661332677057 0.00297581877121678 -0.132857411754248 0.98997418447685
1532199410.61491 -2.34631169524081 0.444290387882392 12.5375075821308 -0.0380364800685665 0.00427921877353699 -0.134207720466054 0.990213715436213
1532199410.81433 -2.33163810613982 0.446409325414877 12.5599909434724 -0.0310831910595198 -0.00130374491716684 -0.134804314377315 0.990383729827996
1532199410.96288 -2.32087330090422 0.450084095367626 12.5756599402759 -0.0275831157228425 -0.0035650314771886 -0.132635673733077 0.990774565847833
1532199411.11145 -2.30955138817581 0.452637814503859 12.5895618092343 -0.0239109020578601 -0.00449942373990939 -0.134004338281857 0.990682018243206
1532199411.26206 -2.29747699951823 0.45554113870687 12.6033460439116 -0.0175570190216865 -0.00167997065229483 -0.138432050425694 0.99021487375045
1532199411.41059 -2.28426209982621 0.457175257319321 12.615289480913 -0.014172230677042 0.00367038242087331 -0.14144545929045 0.989837793891826
1532199411.55914 -2.27169399133369 0.458038765559744 12.6275011487199 -0.0144588317570389 0.00847775938462185 -0.138884407065612 0.990166749216552
1532199411.7077 -2.25998130434367 0.458605404399715 12.6411493993471 -0.0127054489271368 0.0145476439839455 -0.134539577168752 0.990719960330532
1532199411.90715 -2.24615633147944 0.457457195283906 12.6600522057975 -0.00178832664543258 0.0215352687168758 -0.137418899141456 0.990277274427649
1532199412.05572 -2.23673013040572 0.456939440861635 12.6744401541681 0.00796236603632135 0.0259554747435017 -0.1385135284565 0.989988341594221
1532199412.25516 -2.22566807425844 0.456177821823016 12.692604621718 0.0102177601359684 0.0266282231854086 -0.140147867792531 0.989719712979893
1532199412.40373 -2.21810143777208 0.45867232614101 12.7078656372921 0.00313536896955677 0.0290515454785755 -0.137144922990927 0.990119915598382
1532199412.55231 -2.20979367189103 0.461785121805042 12.7230023587855 -0.00636783477213829 0.0357036605722389 -0.127764313681415 0.991141251008945
1532199412.70293 -2.20067127407533 0.46393376730078 12.7364519757488 -0.0101971312190468 0.0405767993329401 -0.1182349608228 0.992103843309776
1532199412.90036 -2.1905270180024 0.463945754811192 12.7480199960544 0.00192161524490219 0.032013397117444 -0.120892856977213 0.992147351421018
1532199413.04893 -2.18351543775711 0.462891836782645 12.753786913096 0.01083668983802 0.0211455155900061 -0.128980018239961 0.991362490826947
1532199413.34811 -2.16683535054824 0.463283474893172 12.7694380006883 0.00440619334908747 0.0110993854666273 -0.132330375282209 0.991133725024078
1532199413.4967 -2.1597099560882 0.463773706690218 12.7807313848913 -0.00259146852621712 0.00556445305550747 -0.128437889865581 0.991698557828915
1532199413.64527 -2.15478448751261 0.465041830297486 12.7951346467447 -0.00547810011802375 -0.0010964148566892 -0.130145295095774 0.991479193154347
1532199413.79591 -2.15224097008849 0.467350304262892 12.8121886260505 -0.00783354949528535 -0.0108355466904122 -0.13969285542037 0.990104606884914
1532199413.99336 -2.15127451226908 0.469602825585356 12.8373592084068 -0.00525317368477193 -0.0197525713067215 -0.146932773015275 0.988935286207876
1532199414.19283 -2.15274068024649 0.467991016474438 12.8635128241654 0.00541110190309611 -0.0217902981100508 -0.1395198467385 0.989964704042794
1532199414.34144 -2.15445191086443 0.468550931595043 12.8806544262049 0.00121000809889672 -0.027527994768179 -0.129184622269139 0.991237649987946
1532199414.48999 -2.15484196627341 0.471237862073667 12.8952615430616 -0.00875630975939878 -0.0361347169612528 -0.122107515415361 0.991820227636348
1532199414.6406 -2.15365917688447 0.472678566352759 12.9075142553008 -0.0122758008458505 -0.0443258484942435 -0.117266951745495 0.992034770508161
1532199414.838 -2.14732707523346 0.473004924391173 12.9188176370074 -0.019250755289179 -0.0553693450922211 -0.11221529445844 0.991953311267452
1532199414.9886 -2.14049487861388 0.474096502030369 12.929055737295 -0.0307678744906261 -0.0575649027717662 -0.108236603574047 0.991980069111755
