#timestamp tx ty tz qx qy qz qw
1578862329.515130399 -0.391596528 -0.202986507 -0.050215427 0.537315882 0.731857253 -0.341856550 -0.242509181
1578862329.548729599 -0.392781431 -0.202983763 -0.047828997 0.538097724 0.731327623 -0.341950812 -0.242240356
1578862329.614061849 -0.393009313 -0.203184647 -0.047228888 0.538585390 0.730466976 -0.342222496 -0.243367084
1578862329.679394100 -0.393388144 -0.203221619 -0.046046382 0.537197031 0.730841118 -0.342306494 -0.245187427
1578862330.009787849 -0.391242631 -0.202648589 -0.044081809 0.537356136 0.726964355 -0.342384502 -0.256015747
1578862330.371914450 -0.390804049 -0.201446687 -0.040497221 0.536941036 0.725582793 -0.338426371 -0.265878779
1578862330.700441749 -0.393207463 -0.202476951 -0.040701171 0.532930080 0.725838699 -0.337823406 -0.273896073
1578862330.799372899 -0.393899787 -0.202079272 -0.039550592 0.531439529 0.725841967 -0.338029713 -0.276516508
1578862331.030835449 -0.395621584 -0.199996572 -0.037818526 0.529995319 0.724187053 -0.339831647 -0.281376128
1578862331.195098949 -0.398551748 -0.200983451 -0.037092519 0.530363080 0.720693537 -0.343689362 -0.284944647
1578862331.590824999 -0.400283511 -0.192157684 -0.033686312 0.532947699 0.713232710 -0.351901857 -0.288844135
1578862331.755088549 -0.398926408 -0.182323508 -0.032177835 0.532809222 0.711081484 -0.354984749 -0.290625678
1578862331.820420749 -0.398695950 -0.178352284 -0.030314799 0.532210849 0.710466941 -0.356639708 -0.291198310
1578862331.952951499 -0.416762172 -0.178537782 -0.025494338 0.530210166 0.710028892 -0.359151590 -0.292824671
1578862332.051883049 -0.421615849 -0.178188264 -0.025872686 0.529286062 0.708965162 -0.362216727 -0.293297981
1578862332.281478699 -0.450827630 -0.179058717 -0.040848361 0.525482773 0.707154008 -0.371037421 -0.293483043
1578862332.512940949 -0.479961715 -0.171827621 -0.052682725 0.524325729 0.702972714 -0.380405895 -0.293603895
1578862332.776136149 -0.506683859 -0.167023123 -0.064381457 0.523676970 0.697087221 -0.391213107 -0.294591484
1578862333.138262649 -0.593170757 -0.148347980 -0.094754805 0.525005048 0.694379348 -0.395040317 -0.293513488
1578862333.533988649 -0.595973408 -0.159308523 -0.042780619 0.532128511 0.694866420 -0.388921403 -0.287645700
1578862333.896115149 -0.557799934 -0.190398365 -0.012183296 0.536235112 0.699048418 -0.375876115 -0.287228759
1578862334.291841050 -0.572306163 -0.181249769 -0.009730583 0.535880314 0.703442873 -0.372307999 -0.281757284
1578862335.115025949 -0.613750581 -0.157701310 0.001414476 0.535983305 0.711119105 -0.375686513 -0.256692733
1578862335.477152600 -0.623717498 -0.152055358 0.009760171 0.533155408 0.717367624 -0.372623086 -0.249561695
1578862336.037142000 -0.650854031 -0.145673963 0.033175348 0.535948025 0.721931981 -0.370824755 -0.232514366
1578862336.498199949 -0.635379315 -0.161793739 0.056346865 0.534128382 0.727172070 -0.370714931 -0.220222824
1578862336.828593600 -0.615294926 -0.181877900 0.076055747 0.534248825 0.728039040 -0.371057211 -0.216457606
1578862337.519247400 -0.550221061 -0.244744450 0.111358807 0.536086906 0.721594152 -0.374506207 -0.227283545
1578862337.849641199 -0.506819561 -0.288862478 0.127342234 0.535595470 0.716687657 -0.376431749 -0.240406810
1578862338.573894699 -0.409381670 -0.371168663 0.123809511 0.536693853 0.710046613 -0.370558374 -0.265480708
1578862339.167483249 -0.360941214 -0.403202037 0.109457388 0.546804472 0.691594552 -0.373229324 -0.288793554
1578862339.561342499 -0.346600604 -0.409429754 0.101388450 0.551738727 0.679243327 -0.374932610 -0.306003949
1578862340.121332150 -0.335380770 -0.403194998 0.099264312 0.560920896 0.663458129 -0.373053101 -0.325610878
1578862340.517058349 -0.334067190 -0.398014502 0.099804287 0.564993921 0.662906325 -0.361264853 -0.332903558
1578862340.912784199 -0.334951160 -0.383277675 0.090084329 0.569979201 0.670913082 -0.346893241 -0.323518819
1578862341.373842100 -0.356021042 -0.344507029 0.043062326 0.570768205 0.681493914 -0.337447981 -0.309707219
1578862341.933831549 -0.406867974 -0.333774756 0.024151599 0.576313318 0.681909116 -0.346986807 -0.287163842
1578862342.691684199 -0.483755664 -0.314922010 0.023020381 0.571249958 0.692255198 -0.359035267 -0.256027152
1578862343.053810599 -0.538846650 -0.300016532 0.023075714 0.562705810 0.696954617 -0.368673844 -0.248386854
1578862343.613800150 -0.613923524 -0.251189143 0.021654282 0.560201231 0.698157815 -0.363542847 -0.258044270
1578862344.173790000 -0.696570385 -0.177922868 0.014077308 0.560526695 0.698903081 -0.342671522 -0.282702203
1578862344.799111549 -0.777495317 -0.086965647 0.017399137 0.559027790 0.691109427 -0.343942215 -0.302587910
1578862345.655895349 -0.850467847 0.029438074 0.021517340 0.560054653 0.690071860 -0.351290586 -0.294507280
1578862345.853758700 -0.867241296 0.051819585 0.017266717 0.560933861 0.688899130 -0.352642585 -0.293963262
1578862346.710542449 -0.925844108 0.127363245 0.008515698 0.540534631 0.715928549 -0.327702730 -0.296444844
1578862347.401196249 -0.888919791 0.078987649 0.027792255 0.544355788 0.717184480 -0.343047180 -0.267659914
1578862348.028384650 -0.915015807 0.082696604 0.043394227 0.556311129 0.711603806 -0.357814376 -0.236868789
1578862348.752637849 -0.849756552 0.004196127 0.063021424 0.551421343 0.722112853 -0.349843112 -0.228248388
1578862349.510489849 -0.701443371 -0.134883315 0.076783741 0.534903183 0.732433262 -0.342023362 -0.245845727
1578862350.367273999 -0.696153121 -0.143291005 0.082288673 0.554548988 0.723530316 -0.326911445 -0.249215188
1578862350.893663900 -0.785328841 -0.083151496 0.079886750 0.566347151 0.718982618 -0.319341056 -0.245634259
1578862351.617917250 -0.777261936 -0.065202902 0.090672576 0.566314510 0.711374457 -0.324526888 -0.260608053
1578862352.276837949 -0.720997712 -0.079507943 0.090519849 0.558384502 0.711803133 -0.316194702 -0.285594044
1578862353.198953650 -0.756210573 0.005711638 0.067614917 0.546449947 0.716896768 -0.281376449 -0.329057403
1578862353.792542899 -0.797621929 0.061603261 0.051626490 0.551951728 0.718686332 -0.272775687 -0.323160443
1578862354.352531949 -0.836350429 0.109104330 0.050702980 0.560807130 0.711438899 -0.298323102 -0.300588394
1578862355.241048599 -0.929209996 0.194230651 0.045775109 0.573597727 0.702126612 -0.307542483 -0.288827784
1578862355.868236849 -0.922670712 0.159733562 0.047925904 0.582061523 0.701508743 -0.300247825 -0.280964608
1578862356.329294999 -0.982771366 0.189292248 0.065157510 0.579388491 0.698726569 -0.309343654 -0.283543052
1578862356.954616299 -1.067635955 0.221765333 0.083807264 0.552665146 0.718753754 -0.312301925 -0.283587350
1578862357.647136399 -1.153275932 0.247208752 0.118419330 0.547534188 0.718487602 -0.327351178 -0.277169777
1578862358.272458150 -1.196426963 0.238531139 0.141430880 0.543605400 0.720212839 -0.326301217 -0.281627683
1578862358.733516299 -1.227734348 0.228425514 0.152237943 0.541816810 0.720813350 -0.325836140 -0.284065959
1578862359.392436749 -1.247424186 0.208763058 0.166953796 0.550301187 0.713062769 -0.341133190 -0.268957688
1578862360.017758699 -1.251474416 0.212424388 0.180705453 0.552305855 0.709955883 -0.345880658 -0.266997111
1578862360.809209999 -1.220659812 0.192540848 0.194847691 0.544962027 0.700340987 -0.364404097 -0.282397850
1578862361.171336899 -1.265838536 0.199203100 0.202227902 0.540598819 0.694325807 -0.376900191 -0.289155386
1578862361.632394849 -1.321182778 0.200762220 0.224164198 0.533890583 0.681433206 -0.402346957 -0.297870036
1578862361.731325849 -1.329208550 0.194587642 0.218727484 0.535339516 0.680670469 -0.404574741 -0.293970396
1578862362.455580249 -1.515440291 0.232319266 0.271817994 0.529190582 0.668491145 -0.428162986 -0.299588676
1578862362.653442000 -1.608548961 0.227909850 0.288383109 0.536674193 0.675309685 -0.418172248 -0.284727256
1578862363.377694749 -1.863329879 0.186606941 0.297202630 0.546160440 0.672196691 -0.418488513 -0.273363763
1578862363.476626149 -1.895162761 0.188920580 0.315477226 0.544485610 0.669989161 -0.422502608 -0.275937475
1578862363.937690250 -2.082053328 0.147629823 0.350093832 0.528716321 0.655398736 -0.450299650 -0.296886803
1578862364.531272849 -2.326260235 0.068103214 0.363428194 0.533989975 0.654016928 -0.449376383 -0.291851728
1578862364.729135900 -2.405971686 0.028232608 0.355870491 0.536481069 0.655501517 -0.443587272 -0.292807371
1578862365.255525999 -2.617067995 -0.041672184 0.358436878 0.541705864 0.666289090 -0.433218416 -0.273743328
1578862365.354457250 -2.669294767 -0.062516986 0.350260700 0.545284124 0.668191868 -0.429526678 -0.267753027
1578862365.750183300 -2.923992057 -0.157315176 0.348723395 0.550059382 0.673210686 -0.420345968 -0.259867881
1578862366.211240949 -3.134208363 -0.235862496 0.344323645 0.547696298 0.672628812 -0.421485391 -0.264479322
1578862366.375504900 -3.231208126 -0.275737916 0.337356653 0.544326029 0.674977963 -0.418468721 -0.270181149
1578862367.034425499 -3.418223736 -0.318847044 0.293423626 0.552430636 0.683374987 -0.405546948 -0.251695634
1578862367.133356999 -3.439904961 -0.321330398 0.275203056 0.552788964 0.688288301 -0.397307217 -0.250660230
1578862367.529082799 -3.715772889 -0.393609909 0.229512721 0.559024618 0.702617381 -0.372867546 -0.234072821
1578862367.990140749 -4.045415040 -0.467035267 0.209534355 0.555165304 0.697872682 -0.379019443 -0.247203290
1578862368.055472799 -4.078947995 -0.469809828 0.194623331 0.553783543 0.694113760 -0.385322312 -0.251110714
1578862368.451198500 -4.239647006 -0.483377085 0.188372594 0.549875744 0.690141450 -0.392128738 -0.259954799
1578862368.813324799 -4.446938145 -0.501089928 0.191691979 0.545239812 0.684449104 -0.402586278 -0.268639646
1578862369.339715050 -4.750946683 -0.525690012 0.169516086 0.555166165 0.688509736 -0.389914562 -0.256342557
1578862369.735440849 -5.000382740 -0.544782744 0.190770981 0.547476158 0.677392968 -0.410438644 -0.270090250
1578862369.800779049 -5.022181692 -0.539751219 0.186617678 0.548016177 0.676105091 -0.412540085 -0.269018315
1578862370.295430100 -5.336033982 -0.553655952 0.235218377 0.540903584 0.665120416 -0.430347537 -0.282558211
1578862370.657556399 -5.490221755 -0.564027090 0.256934406 0.534377515 0.661985717 -0.447461080 -0.275670390
1578862371.053282299 -5.647266535 -0.609388680 0.279707895 0.500246347 0.689233759 -0.459639598 -0.251876671
1578862371.284744999 -5.716932360 -0.629749539 0.333301829 0.470796391 0.690596029 -0.504569009 -0.216420882
1578862371.613271999 -5.821377064 -0.691617972 0.422184137 0.406064634 0.693201968 -0.572638565 -0.163302229
1578862371.678603899 -5.849790835 -0.674933077 0.420593515 0.394363983 0.697427677 -0.579078192 -0.150798313
1578862371.910066149 -5.892520618 -0.741535112 0.452014518 0.331291641 0.730353007 -0.582492245 -0.132412686
1578862372.238593149 -5.910936064 -0.794615878 0.458120091 0.247890881 0.755492878 -0.600507516 -0.084683796
1578862372.535387549 -5.899904789 -0.865804073 0.478753451 0.175126903 0.775175133 -0.604811956 -0.051347633
1578862372.832181899 -5.904365346 -0.939830283 0.502287459 0.122727257 0.785897592 -0.605696981 -0.020836565
1578862372.931113449 -5.896755246 -0.972684842 0.498955014 0.109429703 0.791560541 -0.601177069 -0.006571288
1578862373.194308799 -5.897762269 -1.038598025 0.544304812 0.074803385 0.796121634 -0.600351078 0.013167419
1578862373.259640449 -5.886533182 -1.051530523 0.526958114 0.065528425 0.796545982 -0.600712606 0.019102094
1578862373.491103099 -5.912716244 -1.170798426 0.541010171 0.040964797 0.808670249 -0.585328108 0.042015709
1578862373.655366249 -5.864899628 -1.173414596 0.498543168 0.017452213 0.814980600 -0.577645750 0.042748446
1578862374.017492899 -5.847423681 -1.272418538 0.496017332 -0.013598938 0.830548563 -0.554340163 0.052068577
1578862374.215355949 -5.831095471 -1.326480694 0.470941757 -0.024060584 0.843674689 -0.532868790 0.060703874
1578862374.512150199 -5.782271402 -1.498810760 0.447863260 -0.045898034 0.852073735 -0.517770423 0.061461441
1578862374.874276499 -5.742643409 -1.698400655 0.443915741 -0.063801614 0.860118315 -0.501575882 0.067434946
1578862375.204670499 -5.697994954 -1.926293386 0.457338570 -0.073097468 0.861645116 -0.497109890 0.071457759
1578862375.598529649 -5.667699659 -2.123125976 0.461460477 -0.080054953 0.861557922 -0.495602471 0.075414475
1578862375.928923099 -5.631970321 -2.319796883 0.466426857 -0.085620442 0.852805038 -0.508993485 0.079487979
1578862376.059587449 -5.616479106 -2.352365648 0.435457287 -0.089382636 0.850558518 -0.511946121 0.080449492
1578862376.455313449 -5.581412386 -2.597218419 0.443187463 -0.090781878 0.851301655 -0.509450380 0.086628248
1578862376.554244749 -5.570943068 -2.641326458 0.433336385 -0.089810442 0.854260372 -0.504147279 0.089492024
1578862376.916371449 -5.555943757 -2.810381855 0.428785827 -0.091636474 0.859525015 -0.494894130 0.088878036
1578862377.213165849 -5.536684499 -2.951327093 0.426146291 -0.094435292 0.863402715 -0.488088347 0.085950529
1578862377.312097099 -5.525285401 -2.993459980 0.399956037 -0.095938811 0.867206544 -0.480810593 0.087004180
1578862377.773155099 -5.505100918 -3.103084311 0.380925011 -0.098633425 0.882861351 -0.450856047 0.086925873
1578862378.135281299 -5.461955400 -3.393274105 0.396936359 -0.095245021 0.870721960 -0.474308173 0.088336917
1578862378.497407699 -5.431711122 -3.506726212 0.387366916 -0.093131106 0.866185089 -0.483411970 0.085807087
1578862378.629938800 -5.407951969 -3.691297831 0.386250272 -0.090776964 0.870527929 -0.475520340 0.088436835
1578862378.893133549 -5.397907348 -3.655800989 0.355393635 -0.095635714 0.874756230 -0.467261373 0.085569601
1578862379.255260399 -5.349895033 -3.835382975 0.347771804 -0.099626427 0.877329085 -0.461878805 0.083882182
1578862379.617386849 -5.298041241 -4.052649523 0.346742326 -0.097513951 0.873440394 -0.469189017 0.086339870
1578862379.650985849 -5.287168174 -4.077409782 0.334775405 -0.097274325 0.872528350 -0.470762924 0.087259687
1578862380.013115449 -5.232614208 -4.261553911 0.346267735 -0.094561688 0.863466590 -0.486886681 0.091787226
1578862380.309906749 -5.185745926 -4.419858756 0.348076872 -0.091337370 0.864092616 -0.485392129 0.096932534
1578862380.474170249 -5.162832777 -4.465352464 0.342556245 -0.089286764 0.862346035 -0.487580117 0.103212495
1578862380.869896299 -5.099454523 -4.609289826 0.372966969 -0.100374053 0.846955521 -0.501239982 0.146115968
1578862380.935228400 -5.094298778 -4.624001189 0.367371453 -0.110377699 0.843624670 -0.504136257 0.148191814
1578862381.166690499 -5.058041464 -4.602856203 0.368046247 -0.148279834 0.835844437 -0.502612069 0.163579570
1578862381.495217899 -4.988109883 -4.723471343 0.350553994 -0.226976649 0.827738937 -0.482906118 0.173584375
1578862381.627748799 -4.935038165 -4.781507460 0.350865788 -0.261600511 0.820811295 -0.469818555 0.192625323
1578862382.021607699 -4.814179266 -4.948608989 0.371853950 -0.345917548 0.778181334 -0.459033127 0.253107585
1578862382.055207150 -4.796306573 -4.961598338 0.362023467 -0.354913308 0.774666083 -0.456794418 0.255475760
1578862382.417333749 -4.717207737 -4.989824517 0.366944837 -0.442476094 0.731756650 -0.427570102 0.293139761
1578862382.878391299 -4.587282136 -4.991369109 0.383541768 -0.525621818 0.681312242 -0.390366334 0.327336919
1578862383.274117199 -4.477267348 -4.971835455 0.364723037 -0.571289410 0.654587877 -0.363556038 0.336110291
1578862383.373048899 -4.432458418 -4.969814052 0.361355313 -0.578081785 0.649500439 -0.356324284 0.342057940
1578862383.834106849 -4.304111793 -4.926238821 0.362607880 -0.611788078 0.616573535 -0.338512013 0.361886778
1578862384.031969400 -4.216998394 -4.904472967 0.356698778 0.625490165 -0.604689005 0.334591983 -0.362162208
1578862384.394099600 -4.158846991 -4.870446654 0.373480567 0.630385419 -0.593726355 0.323982551 -0.380970531
1578862384.459428249 -4.155617188 -4.864420810 0.353436844 0.632036974 -0.591353587 0.322453427 -0.383215327
1578862384.855154050 -4.019730003 -4.818013758 0.348975135 0.645174577 -0.581964891 0.309408443 -0.386436342
1578862385.086616099 -3.964116317 -4.815658739 0.382790400 0.638052253 -0.572469624 0.313789846 -0.408293749
1578862385.448742749 -3.779451773 -4.781275118 0.400171318 0.641705872 -0.563124068 0.312807740 -0.416240526
1578862385.777269499 -3.678709649 -4.768075772 0.411739188 0.649165026 -0.561448579 0.299195005 -0.416944373
1578862385.941533249 -3.596322316 -4.759052754 0.416946893 0.650127245 -0.556433015 0.303182169 -0.419282049
1578862386.271927049 -3.443792893 -4.758469052 0.435150424 0.650322417 -0.553961342 0.298070285 -0.425865814
1578862386.634053649 -3.298578755 -4.753018618 0.421245653 0.660102088 -0.552516194 0.291672928 -0.417034760
1578862386.798316999 -3.223578614 -4.740101957 0.414729463 0.665341509 -0.548362500 0.294117241 -0.412449140
1578862387.095111599 -3.090894841 -4.739021559 0.411256524 0.670833892 -0.549065981 0.284955863 -0.409033731
1578862387.490837299 -2.887042050 -4.721149682 0.431125030 0.662565351 -0.546291349 0.291373113 -0.421514682
1578862387.589768949 -2.836535576 -4.710512949 0.421332505 0.661910843 -0.544693450 0.293219410 -0.423326657
1578862387.918295999 -2.715442922 -4.691102240 0.399209848 0.670742684 -0.551401211 0.279324035 -0.409925653
1578862388.314021549 -2.555367107 -4.662927247 0.399953914 0.673518498 -0.551546170 0.272201905 -0.409970460
1578862388.412953149 -2.453364981 -4.644134844 0.397436737 0.672743864 -0.548079847 0.276704444 -0.412866595
1578862388.840411500 -2.272360978 -4.605207027 0.407992418 0.667690049 -0.549322841 0.280203093 -0.417037937
1578862389.071873900 -2.189097896 -4.600979789 0.419452193 0.661292162 -0.549361696 0.281440300 -0.426246127
1578862389.434000499 -1.985128181 -4.562618997 0.442820996 0.656303409 -0.544660442 0.288207632 -0.435370186
1578862389.697195400 -1.732220268 -4.519741100 0.464264579 0.650477801 -0.541400901 0.294727081 -0.443733753
1578862390.092921050 -1.587245166 -4.500603428 0.482653775 0.647221563 -0.541716670 0.296771693 -0.446736902
1578862390.324383749 -1.435126788 -4.494532947 0.506420015 0.649830701 -0.544496964 0.294137008 -0.441278298
1578862390.718243000 -1.336210272 -4.450815918 0.503938960 0.657524269 -0.546495150 0.271079714 -0.442177200
1578862390.817173949 -1.197448302 -4.423939088 0.506566207 0.661993107 -0.544455492 0.254971481 -0.447574449
1578862391.179300750 -1.046776289 -4.378794260 0.523973857 0.689051564 -0.511651408 0.218403801 -0.464457273
1578862391.509694549 -0.975034353 -4.340891344 0.492241950 0.726695312 -0.451389665 0.210336712 -0.473201608
1578862391.871820900 -0.790643761 -4.261144133 0.488706631 0.771135032 -0.370730176 0.179423734 -0.485506975
1578862391.970752100 -0.734393053 -4.230635243 0.477277098 0.784926524 -0.344925641 0.167212124 -0.486782045
1578862392.267546500 -0.652893786 -4.171150208 0.454843175 0.825296812 -0.260385376 0.139879037 -0.481163676
1578862392.332878750 -0.646958837 -4.157772296 0.439917254 0.832658102 -0.242470513 0.134912247 -0.479256947
1578862392.530741499 -0.542836430 -4.072434699 0.420039450 0.848797969 -0.194518314 0.111472845 -0.478830281
1578862392.991799650 -0.399573028 -3.904651896 0.402921871 0.864435092 -0.108452174 0.054842053 -0.487834446
1578862393.353925800 -0.345386000 -3.772275951 0.370220640 0.875910423 -0.057799675 0.025850732 -0.478301022
1578862393.749651649 -0.326493885 -3.628982043 0.344804033 0.886377228 -0.015969571 0.004277845 -0.462668438
1578862394.111778250 -0.330281361 -3.501114590 0.328686286 0.883885741 0.016960520 -0.011112108 -0.467263158
1578862394.408572549 -0.323777470 -3.338652803 0.308006214 0.892301342 0.035930215 -0.022914432 -0.449424370
1578862394.770699100 -0.335265666 -3.133760200 0.292642181 0.889448488 0.047723229 -0.042523252 -0.452543537
1578862395.033893849 -0.355599751 -3.022389769 0.279615045 0.887615207 0.051188057 -0.057640138 -0.454088803
1578862395.330688299 -0.393975811 -2.861685323 0.254167855 0.889955414 0.061353501 -0.062258511 -0.447592435
1578862395.593883200 -0.432930847 -2.711223851 0.260524781 0.882917234 0.067770470 -0.066881322 -0.459772999
1578862395.989608999 -0.505500466 -2.461950542 0.250495640 0.885934546 0.077105386 -0.071015151 -0.451809238
1578862396.054941200 -0.515918248 -2.416137559 0.235090806 0.885193980 0.077914102 -0.073200690 -0.452772204
1578862396.515999099 -0.618176993 -2.138292552 0.251156527 0.872108953 0.079680982 -0.084530305 -0.475322568
1578862396.614930749 -0.637891501 -2.069348731 0.246713641 0.872743921 0.079710478 -0.086970915 -0.473709138
1578862397.010656300 -0.719916116 -1.830561610 0.257104049 0.868890586 0.081166978 -0.093480645 -0.479272824
1578862397.075988600 -0.732731688 -1.788383396 0.258480239 0.867766459 0.080757035 -0.092080223 -0.481643962
1578862397.372782949 -0.787041262 -1.641718292 0.265512651 0.859634718 0.078524547 -0.097460647 -0.495341770
1578862397.635977749 -0.830667341 -1.502157466 0.283277452 -0.853797364 -0.078845068 0.095107569 0.505735175
1578862397.998104500 -0.878451949 -1.323327297 0.324188885 -0.849694318 -0.076993960 0.098189499 0.512299052
1578862398.393829950 -0.929888513 -1.096234938 0.373790779 -0.836975872 -0.078226030 0.099888915 0.532329112
1578862398.854887800 -0.973240089 -0.840748001 0.417459888 -0.835356618 -0.080108305 0.104490069 0.533707604
1578862398.953819700 -0.973889977 -0.802407258 0.406630045 -0.837859555 -0.080644877 0.107099485 0.529166770
1578862399.315946049 -1.004317304 -0.595908681 0.425666593 -0.847947640 -0.086157991 0.104394744 0.512506915
1578862399.579141100 -1.011276903 -0.457986640 0.468429856 -0.847002758 -0.088160094 0.103052529 0.513998348
1578862399.974866749 -1.010954402 -0.301565814 0.532907366 -0.829655464 -0.086962217 0.109655138 0.540449013
1578862400.172729500 -1.015990385 -0.258516436 0.511286025 -0.822035032 -0.084813478 0.119544093 0.550249298
1578862400.534856100 -1.019923781 -0.073253593 0.549928604 -0.827091916 -0.076869147 0.143943222 0.537857273
1578862400.831650550 -1.016660646 -0.034318987 0.562999090 -0.834550225 -0.074855879 0.201524124 0.507257870
1578862400.896982399 -1.008508920 0.046005818 0.567814856 -0.834443222 -0.078232706 0.214236971 0.501683838
1578862401.227376600 -1.016328081 0.201058063 0.602979875 0.827464955 0.114740233 -0.279451791 -0.473331938
1578862401.358040700 -1.014353970 0.224922203 0.591226869 0.825973674 0.146881746 -0.291849290 -0.459366123
1578862401.688434349 -1.026406157 0.197095840 0.554425464 0.804405291 0.241826009 -0.320010495 -0.438230068
1578862401.753766200 -1.030498982 0.215680109 0.547282708 0.799451428 0.259209054 -0.323565995 -0.434733398
1578862402.016961299 -1.057636993 0.230850888 0.528187040 0.776679710 0.338495200 -0.341355147 -0.407021243
1578862402.313755499 -1.092249869 0.291876985 0.526351476 0.740685772 0.418807514 -0.359282890 -0.383276216
1578862402.709481500 -1.169538052 0.311412210 0.488325387 0.696676069 0.504570181 -0.367227292 -0.353829765
1578862403.038008600 -1.284025823 0.331139471 0.458469955 0.664872646 0.547045882 -0.379348334 -0.338791984
1578862403.433734400 -1.449152141 0.305762398 0.408086590 0.634139617 0.601299631 -0.365252333 -0.320774739
1578862403.566265149 -1.510732037 0.295980236 0.365331048 0.621541408 0.617017630 -0.359186420 -0.322429277
1578862403.993723549 -1.744156736 0.234389543 0.325585067 0.602129857 0.644671764 -0.355335262 -0.309151748
1578862404.355850249 -1.940307838 0.204051220 0.308027404 0.598893243 0.654213096 -0.352597613 -0.298340463
1578862404.454781400 -2.007976880 0.193460968 0.289003236 0.597881265 0.655554132 -0.353235272 -0.296667517
1578862405.113702649 -2.265462336 0.218244900 0.279582777 0.608115915 0.651529368 -0.342590127 -0.297214604
1578862405.277965750 -2.366415864 0.223480294 0.243795070 0.610584149 0.648835973 -0.340023910 -0.300969463
1578862405.608359699 -2.520808321 0.292480716 0.277330546 0.621494615 0.640764821 -0.328425675 -0.308709351
1578862405.936886600 -2.744330047 0.350913454 0.253441658 0.636662948 0.632281649 -0.309723448 -0.314565721
1578862406.465143449 -2.899392438 0.470268405 0.222115697 0.664493786 0.614512937 -0.277106293 -0.322542959
1578862406.530475600 -2.971791443 0.490893217 0.212644473 0.670483138 0.611403517 -0.273093512 -0.319465231
1578862407.090464649 -3.152944872 0.639739553 0.211014562 0.699757181 0.577221490 -0.256460774 -0.333741084
1578862407.551522750 -2.463639018 0.551872911 0.293118227 0.715101805 0.551817355 -0.243174179 -0.353543963
1578862407.650454099 -2.463806749 0.559505131 0.294511759 0.718861616 0.545796789 -0.241757336 -0.356226379
1578862408.111512150 -2.367217512 0.554199059 0.312675881 0.740485459 0.514030773 -0.235540770 -0.363282529
1578862408.210443400 -2.385273252 0.569692761 0.314152496 0.746676670 0.506454210 -0.234541415 -0.361895577
1578862408.835764849 -2.396464926 0.598146443 0.324237195 0.772156534 0.458275532 -0.222370483 -0.379880496
1578862409.429353599 -2.465767404 0.664351868 0.327433515 0.801476241 0.401108849 -0.216945307 -0.386887917
1578862409.494685599 -2.471949934 0.671359629 0.327484699 0.803493845 0.395727781 -0.214763873 -0.389453005
1578862410.218938450 -2.504862043 0.718718921 0.333690433 0.827644761 0.313901427 -0.219020067 -0.410487825
1578862410.252537749 -2.506699373 0.722842530 0.334200412 0.828384976 0.309961225 -0.220505352 -0.411193093
1578862410.549332099 -2.514112580 0.740251343 0.338417231 0.833700475 0.275554173 -0.226789011 -0.421402611
1578862411.239985549 -2.532588260 0.794942051 0.352844443 0.836420279 0.200479179 -0.243414149 -0.448284249
1578862411.372516850 -2.531671626 0.800820846 0.355142802 0.835620522 0.187773407 -0.245983254 -0.453841084
1578862411.734643250 -2.542965376 0.835800672 0.360316251 0.831375892 0.153918750 -0.254797390 -0.469256257
1578862412.393563849 -2.552800292 0.886326859 0.371932474 0.817811811 0.098414277 -0.279553958 -0.493303209
1578862412.789289649 -2.544071540 0.887863025 0.373858465 -0.805614503 -0.072717432 0.295929885 0.508058019
1578862412.953553199 -2.544166224 0.893173792 0.374337642 -0.799464457 -0.063511675 0.302616241 0.515020641
1578862413.282080100 -2.545539925 0.906205918 0.383613483 -0.787929305 -0.049201915 0.314277384 0.527234586
1578862413.677811999 -2.558793053 0.929416905 0.396205310 -0.772450030 -0.038681133 0.324333580 0.544639744
1578862413.745004799 -2.563862854 0.940090258 0.400167734 -0.770098975 -0.037484411 0.325907648 0.547107570
1578862414.172463050 -2.587507797 0.977771808 0.415359546 -0.751444181 -0.033471289 0.331953702 0.569225838
1578862414.469257449 -2.595645744 0.988126677 0.423730281 -0.738662715 -0.034369056 0.335051930 0.583897565
1578862414.633527449 -2.599465907 0.988435634 0.424467816 -0.730950950 -0.036990740 0.335401408 0.593168012
1578862414.995647499 -2.599850357 1.002434286 0.429417828 -0.713471283 -0.044491466 0.338282022 0.612000418
1578862415.159911049 -2.600862900 1.011861166 0.428890260 -0.706050847 -0.049568563 0.338605026 0.619985319
1578862415.456705300 -2.595796311 0.997358341 0.417963403 -0.691375640 -0.061836295 0.336038141 0.636595920
1578862415.654568300 -2.598745309 1.002481567 0.413776338 -0.681592587 -0.070576248 0.333311102 0.647575670
1578862415.753499699 -2.599397874 1.004272811 0.410671828 -0.676373335 -0.075147016 0.331773169 0.653298249
1578862415.787098849 -2.599199411 1.004855958 0.409630544 -0.674592602 -0.076469169 0.330920450 0.655415092
1578862415.852431250 -2.598894920 1.006027298 0.407553021 -0.671132798 -0.079443833 0.329694337 0.659220061
1578862415.951362349 -2.584142994 1.010129688 0.409169053 -0.666444361 -0.085805266 0.331913124 0.662059701
1578862416.016694599 -2.583148004 1.011473838 0.407000241 -0.663071737 -0.089784533 0.330933530 0.665400337
1578862416.115626000 -2.585377320 1.027087047 0.399935898 -0.658083818 -0.095872661 0.328911835 0.670485739
1578862416.180958099 -2.589740483 1.034236548 0.395959190 -0.655061151 -0.099642488 0.327377372 0.673639606
1578862416.248156950 -2.598194667 1.033528204 0.395939050 -0.651800906 -0.103690776 0.325836131 0.676930290
1578862416.313488749 -2.598505630 1.036224570 0.393396805 -0.648416139 -0.107573631 0.324325033 0.680292362
1578862418.915572800 -2.603907290 1.188686070 0.048740020 -0.635341642 -0.249980630 0.232251862 0.692755192
1578862419.014504049 -2.638591172 1.178156806 0.027240286 -0.657066588 -0.251354131 0.230955451 0.672119170
1578862419.113435349 -2.633804168 1.102672266 0.012130173 -0.677501387 -0.253734443 0.230771949 0.650657368
1578862419.212366800 -2.671382255 1.072913391 -0.002413590 -0.698987131 -0.257081213 0.229093037 0.626771586
1578862419.376630549 -2.688438452 0.945623575 0.005028711 -0.728221069 -0.262370406 0.222649279 0.592691441
1578862419.574493099 -2.722529837 0.891369887 0.031850064 -0.756186068 -0.263945024 0.209516313 0.560908699
1578862419.871287650 -2.956088853 0.862019060 -0.079594183 -0.784872105 -0.266824979 0.186414476 0.527285361
1578862420.168081950 -3.114579655 1.016852139 -0.228410060 -0.802960286 -0.275110384 0.165076762 0.502313367
1578862420.332345300 -3.154433035 1.121328547 -0.284504981 0.808283989 0.279833660 -0.154137632 -0.494582355
1578862420.496615449 -3.192048234 1.218455796 -0.313977104 0.811762096 0.285129140 -0.152010019 -0.486453110
1578862420.563807899 -3.198172193 1.237798129 -0.322947223 0.812386551 0.287578964 -0.151503564 -0.484120958
1578862420.629140000 -3.104218442 1.313857045 -0.334701646 0.811280157 0.291044705 -0.152024992 -0.483741551
1578862420.694471799 -3.118248009 1.363387630 -0.362636069 0.811061010 0.294117436 -0.151383042 -0.482450149
1578862420.793403299 -3.116705919 1.404186769 -0.381089737 0.809940341 0.298410484 -0.150965806 -0.481826890
1578862421.056598300 -3.174847572 1.581773531 -0.418928859 0.810736057 0.305379161 -0.141001043 -0.479133926
1578862421.418725000 -3.196483592 1.724679325 -0.425551514 0.813401796 0.290676161 -0.138007243 -0.484601784
1578862421.715519249 -3.126407195 1.725801650 -0.351438648 0.818170637 0.276429841 -0.159154521 -0.478386027
1578862422.309107950 -3.093601003 1.669163931 -0.335599263 0.827151338 0.288082833 -0.167475663 -0.452527179
1578862422.934429649 -3.144020200 1.909652800 -0.347324017 0.824023003 0.326329495 -0.154472031 -0.436616012
1578862422.999761649 -3.150573189 1.937483322 -0.349837034 0.825162855 0.328688936 -0.153312720 -0.433087815
1578862423.395487299 -3.182720434 2.011891332 -0.332570247 0.824055986 0.332097636 -0.177938736 -0.423061105
1578862423.791212949 -3.203204686 2.052018726 -0.305496354 0.815631764 0.325759934 -0.225187593 -0.421800709
1578862424.153339499 -3.260676813 2.211506066 -0.260136134 0.806758511 0.328445407 -0.252206535 -0.421492804
1578862424.614397400 -3.266346494 2.259905470 -0.202600975 0.791213093 0.327680341 -0.295109529 -0.423695411
1578862424.976524249 -3.252228637 2.307151599 -0.157583994 0.777822346 0.321775347 -0.320424429 -0.434489597
1578862425.437581949 -3.192883352 2.325442330 -0.102362997 0.762929241 0.296283664 -0.353266981 -0.453163771
1578862425.734376200 -3.092727836 2.004052359 -0.186990521 0.766645114 0.270688300 -0.362401379 -0.455684489
1578862426.130102150 -3.023483550 1.986039526 -0.249602324 0.790209830 0.220277746 -0.325751511 -0.470034139
1578862426.393297050 -2.982278862 2.045593765 -0.278713887 0.807409090 0.199259503 -0.293080885 -0.471688251
1578862426.690091699 -2.925272340 2.105012594 -0.309146846 0.827762801 0.178360927 -0.250544082 -0.469280075
1578862427.052218099 -2.842735674 2.149906301 -0.344289450 0.848593903 0.133751103 -0.207583116 -0.467876352
1578862427.677539850 -2.776942314 2.153398595 -0.387561319 0.865775960 0.066707075 -0.149147651 -0.473008595
1578862428.073265399 -2.740435417 2.156165588 -0.412193057 0.876878447 0.039972526 -0.083929888 -0.471637743
1578862428.370060099 -2.699288549 2.165578425 -0.434333508 0.882319045 0.029334449 -0.048621931 -0.467213549
1578862428.732186600 -2.574887250 2.199311960 -0.454340201 0.881766852 -0.001521495 -0.043649739 -0.469659030
1578862429.193244300 -2.472816107 2.225991853 -0.452010956 0.878642400 -0.055273512 -0.022206410 -0.473750195
1578862429.588970099 -2.413244845 2.247137487 -0.454909755 0.887925648 -0.080515375 -0.004167901 -0.452866367
1578862430.050027949 -2.323893869 2.262604593 -0.452524879 0.905082531 -0.117084808 0.004847811 -0.408770423
1578862430.214291899 -2.290833261 2.272204530 -0.454997164 0.908820444 -0.133095445 0.008060899 -0.395304976
1578862430.972144350 -2.171569690 2.324608368 -0.456062477 0.904307237 -0.203063853 0.036411093 -0.373721455
1578862431.433201899 -2.126109529 2.342307593 -0.449743621 0.893676927 -0.237754555 0.057500680 -0.376175482
1578862431.696397049 -2.104614294 2.351086074 -0.445585625 0.888382055 -0.254242790 0.073119628 -0.375221866
1578862432.256386400 -2.062639107 2.371256541 -0.428128759 0.876445795 -0.281715752 0.100863972 -0.377233962
1578862432.849975549 -2.046204719 2.392643880 -0.408385606 0.867256964 -0.294047721 0.114208918 -0.385172194
1578862433.178503849 -2.033993970 2.409589084 -0.392547400 0.862519890 -0.299502842 0.114057778 -0.391597127
1578862433.772091249 -2.033769161 2.438902757 -0.366844283 0.858940921 -0.300860356 0.120609769 -0.396430099
1578862434.199549750 -2.009048325 2.462338643 -0.341571235 0.856194419 -0.301960115 0.122023692 -0.401075335
1578862434.826738049 -1.973351459 2.491448526 -0.305956259 0.855137490 -0.300701580 0.126622089 -0.402846472
1578862435.220597450 -1.951406830 2.503269844 -0.286578605 0.854521649 -0.298313222 0.128532887 -0.405316259
1578862435.452059599 -1.934749640 2.511454629 -0.273196003 0.853451943 -0.298938717 0.128345770 -0.407164326
1578862436.077380899 -1.915246366 2.521812699 -0.250816284 0.851259961 -0.293015319 0.127866550 -0.416111340
1578862436.835233200 -1.907669770 2.540443504 -0.235910869 0.849831932 -0.285446161 0.115908776 -0.427634578
1578862437.230959200 -1.904566880 2.554252021 -0.219813310 0.844337447 -0.284207086 0.107909304 -0.441221249
1578862437.725616599 -1.906021954 2.563253480 -0.208905865 0.840143559 -0.278204436 0.103486350 -0.453929144
1578862438.186674249 -1.906548736 2.566446795 -0.207280507 0.843967185 -0.262094108 0.100859278 -0.457004897
1578862438.350937699 -1.903782801 2.570184794 -0.200562076 0.845549611 -0.256045243 0.099271868 -0.457855638
1578862438.910927400 -1.903372537 2.565488864 -0.200311186 0.845500386 -0.245418118 0.098031748 -0.463992264
1578862439.371984949 -1.876079204 2.553987133 -0.191072094 0.844232653 -0.246868981 0.096192039 -0.465912036
1578862439.767710750 -1.856659295 2.541561787 -0.193995520 0.844470646 -0.246475622 0.100921216 -0.464686996
1578862440.228769099 -1.820399098 2.533824198 -0.192564111 0.844304987 -0.244145698 0.104876523 -0.465341683
1578862440.788758649 -1.785596620 2.527342122 -0.196463214 0.842393944 -0.239266033 0.112933594 -0.469436058
1578862441.018354299 -1.785666135 2.531285781 -0.204191117 0.843055596 -0.238048773 0.123599795 -0.466168569
1578862441.414080299 -1.721989230 2.560116041 -0.193464360 0.842600118 -0.237450493 0.136923066 -0.463567016
1578862441.974069550 -1.684159986 2.604353048 -0.202895943 0.847227000 -0.233095430 0.161380368 -0.449254168
1578862442.567658400 -1.668898026 2.657661714 -0.206555548 0.856421787 -0.216133707 0.134330879 -0.449202804
1578862443.192980000 -1.687798731 2.677799947 -0.216340589 0.858154045 -0.211849706 0.097744564 -0.457315360
1578862443.752969649 -1.686943486 2.696603463 -0.239443409 0.859432331 -0.205345592 0.108649099 -0.455416983
1578862444.214027499 -1.657558994 2.722076962 -0.250184109 0.859729902 -0.211503233 0.112285695 -0.451135015
1578862444.774016949 -1.625487578 2.748087311 -0.264799422 0.858351209 -0.211838372 0.124378550 -0.450430553
1578862444.872948249 -1.622424917 2.748236055 -0.270026420 0.858674762 -0.210668293 0.126819209 -0.449681456
1578862445.235074899 -1.583727135 2.769644416 -0.280018525 0.859786102 -0.203805178 0.142944991 -0.445867736
1578862445.893995799 -1.510411580 2.835732889 -0.297769432 0.859566600 -0.190266371 0.161995963 -0.445759213
1578862446.487584599 -1.507009482 2.844667430 -0.319635299 0.858646007 -0.197856595 0.141659810 -0.451123376
1578862446.816111999 -1.506398297 2.851306031 -0.331246062 0.860539739 -0.199078219 0.136765301 -0.448480181
1578862447.376101500 -1.511058502 2.871848952 -0.352625590 0.859508853 -0.202542878 0.141626957 -0.447395485
1578862447.738227799 -1.513859263 2.885207228 -0.364875429 0.860264783 -0.206486446 0.142909793 -0.443716849
1578862447.969690249 -1.509600064 2.897897834 -0.371078459 0.861543199 -0.212514608 0.135367975 -0.440745243
1578862448.628611149 -1.505495719 2.899291246 -0.384558377 0.862297713 -0.223211286 0.123771997 -0.437378405
1578862449.253938550 -1.480251361 2.878649928 -0.395222527 0.862794430 -0.231900364 0.142914431 -0.425891370
1578862449.912853099 -1.416097540 2.859527254 -0.413054315 0.863227608 -0.251357375 0.149077556 -0.411622946
1578862450.571774100 -1.388529986 2.811437376 -0.398602210 0.858775392 -0.252736439 0.138768057 -0.423523960
1578862451.131763349 -1.297370596 2.800879178 -0.416578154 0.857893273 -0.220940270 0.147120614 -0.439954605
1578862451.493889749 -1.155361650 2.832270098 -0.464261466 0.858756798 -0.195892012 0.161653619 -0.445006954
1578862451.988547100 -1.070349974 2.831087406 -0.479222771 0.861569441 -0.178662197 0.142359207 -0.453334065
1578862452.679200599 -1.034500913 2.808518981 -0.473524673 0.861811894 -0.188475094 0.106709071 -0.458661719
1578862453.074926150 -1.061761269 2.789679479 -0.457863973 0.861279342 -0.180657384 0.097028605 -0.464915319
1578862453.535983950 -0.984016532 2.800283514 -0.486362458 0.862879409 -0.166658968 0.101833922 -0.466147794
1578862453.832778300 -0.978110427 2.823450168 -0.496209186 0.864094038 -0.165458938 0.110426359 -0.462353600
1578862454.557031249 -1.013195158 2.907739924 -0.510976728 0.872978777 -0.159998419 0.111972171 -0.446957262
1578862455.348482650 -1.067745807 3.014507959 -0.498841887 0.871589905 -0.173795240 0.069744533 -0.453058443
1578862455.413815049 -1.076943975 3.019350667 -0.495089518 0.871044094 -0.176017602 0.066300553 -0.453766710
1578862456.072738999 -1.110995909 3.091914332 -0.483438108 0.871883647 -0.184658041 0.071304722 -0.447924045
1578862456.434862149 -1.107171711 3.138965556 -0.483968305 0.867453919 -0.191675587 0.093425038 -0.449506318
1578862456.994851450 -1.083121164 3.217321433 -0.479211282 0.865521978 -0.199018792 0.116270235 -0.444684673
1578862457.620172900 -1.073253086 3.287302925 -0.465338544 0.860337988 -0.206201349 0.128797880 -0.448007430
1578862458.015898599 -1.075601259 3.319415292 -0.457884653 0.859648278 -0.205335338 0.126555662 -0.450361968
1578862458.411624449 -1.085369581 3.332804969 -0.446264097 0.853928225 -0.203395039 0.115308440 -0.464909677
1578862458.708418400 -1.083910573 3.352183345 -0.434228449 0.848881626 -0.208552315 0.109294813 -0.473244716
1578862459.104144500 -1.077228093 3.340480189 -0.426405470 0.844127699 -0.215827300 0.104297975 -0.479571618
1578862459.794797800 -1.056527472 3.329945779 -0.403756434 0.846338853 -0.205280524 0.113731109 -0.478158643
1578862460.190523600 -1.039829940 3.333329693 -0.392029573 0.848985456 -0.190430128 0.119834677 -0.478121023
1578862460.849444249 -0.985363562 3.318106807 -0.375705406 0.852592451 -0.189781192 0.115497687 -0.473000524
1578862461.211570899 -0.946079146 3.320090815 -0.369101629 0.854672531 -0.191668211 0.121485639 -0.466946894
1578862461.836892049 -0.856221777 3.315184837 -0.362707535 0.852477250 -0.187351083 0.141933346 -0.466944359
1578862462.167285799 -0.816494797 3.310507300 -0.356518960 0.842640897 -0.185694683 0.146205194 -0.483836589
1578862462.331549099 -0.792240981 3.315325988 -0.348765543 0.840343979 -0.181403735 0.151464567 -0.487824934
1578862462.727274650 -0.701442389 3.380499795 -0.318742656 -0.830506099 0.179712852 -0.140097850 0.508267156
1578862463.024069099 -0.664095942 3.436500353 -0.298237041 -0.815931123 0.183996013 -0.129197131 0.532644320
1578862463.451527849 -0.636520751 3.528224744 -0.280698739 -0.806278907 0.195138966 -0.111035652 0.547271589
1578862463.813654149 -0.578983299 3.637565235 -0.271151474 -0.822767790 0.205757993 -0.089603362 0.522195414
1578862463.878986349 -0.563230013 3.663927710 -0.265081011 -0.826549615 0.207305793 -0.088480983 0.515762695
1578862464.110448250 -0.530111668 3.748276553 -0.272225367 0.838983994 -0.208995965 0.076243502 -0.496601925
1578862464.274711849 -0.501083563 3.814109589 -0.261175911 0.843971323 -0.210913012 0.073795748 -0.487629259
1578862464.571506149 -0.485938346 3.896380110 -0.270078287 0.850176377 -0.215001852 0.063642215 -0.476365407
1578862464.834701300 -0.431456996 4.043219780 -0.273775105 0.856544770 -0.215472723 0.067046195 -0.464119995
1578862465.066163499 -0.384488376 4.169770435 -0.276579030 0.866884473 -0.219703137 0.063753444 -0.442919112
1578862465.394690299 -0.329300632 4.334926704 -0.275106195 0.863866463 -0.216454144 0.070309766 -0.449376095
1578862465.592553150 -0.292167192 4.444313640 -0.278952478 0.863466649 -0.214126260 0.076370036 -0.450269818
1578862465.756816599 -0.253387522 4.550674499 -0.285726691 0.868827485 -0.217191122 0.070202543 -0.439361378
1578862465.922946950 -0.217900640 4.642470644 -0.283020172 0.869040498 -0.216701919 0.075813238 -0.438247925
1578862466.087210399 -0.183146717 4.737957129 -0.282348727 0.864663134 -0.214498442 0.077220666 -0.447643890
1578862466.152542599 -0.166688335 4.782552032 -0.284563473 0.866609418 -0.215024118 0.074481847 -0.444077921
1578862466.316806049 -0.135058735 4.862012678 -0.284900586 0.870296921 -0.213817011 0.077831559 -0.436815525
1578862466.415737250 -0.111514079 4.922874322 -0.286475014 0.868694153 -0.212371897 0.080128264 -0.440281849
1578862466.613600149 -0.080628522 4.984854283 -0.281614323 0.868715259 -0.216114770 0.074066605 -0.439479627
1578862466.876795299 -0.035405263 5.084463887 -0.279474435 0.860603725 -0.215210936 0.081776620 -0.454266514
1578862467.173589399 0.037788905 5.232027279 -0.283644419 0.862975876 -0.217703700 0.079910963 -0.448878575
1578862467.569315300 0.165176592 5.475234404 -0.300167689 0.871216212 -0.223328073 0.071815366 -0.431218549
1578862467.634647149 0.179944169 5.505150477 -0.302576519 0.868775446 -0.223083990 0.073695470 -0.435926296
1578862467.897841900 0.184334667 5.470614101 -0.274225965 0.854714155 -0.225653290 0.077029812 -0.461097293
1578862468.194636299 0.247862745 5.559074485 -0.262135052 0.841072317 -0.226070349 0.080702334 -0.484743941
1578862468.590362200 0.349678784 5.701683349 -0.249640096 0.841312121 -0.226774930 0.078296231 -0.484393174
1578862468.887156299 0.434891379 5.817647833 -0.239505621 0.834465616 -0.224020161 0.079573074 -0.497142061
1578862468.952488400 0.448770833 5.835425132 -0.238489473 0.835574738 -0.224818925 0.076503145 -0.495397393
1578862469.447145649 0.560543286 5.985790662 -0.224354317 0.841364901 -0.230012064 0.066460330 -0.484543681
1578862469.841004549 0.625386068 6.091751246 -0.235136497 0.846463506 -0.233430473 0.062749894 -0.474417747
1578862469.908203550 0.643752940 6.119639728 -0.232995010 0.847055272 -0.232563061 0.065684786 -0.473389162
1578862470.303928899 0.747902415 6.300578249 -0.228298343 0.846435028 -0.231204403 0.068223674 -0.474802905
1578862470.369260999 0.761617808 6.329880293 -0.227281307 0.844646718 -0.228946050 0.071551833 -0.478577018
1578862470.468192800 0.764437579 6.350590216 -0.233876712 0.843804478 -0.226566871 0.072737535 -0.481010091
1578862470.929250149 0.866446699 6.563897978 -0.205452106 0.833306248 -0.226444908 0.073972141 -0.498850202
1578862471.291376550 0.918626960 6.694802199 -0.198175451 -0.830207642 0.226566248 -0.077186706 0.503453294
1578862471.489239699 0.956366562 6.775421721 -0.186708260 0.835775475 -0.230916843 0.072197326 -0.492893815
1578862471.851365699 1.013194953 6.918823941 -0.182622099 0.841434088 -0.229220052 0.068596306 -0.484501176
1578862472.411354950 1.096396652 7.114130330 -0.162360068 0.845253284 -0.207314360 0.059933931 -0.488851271
1578862472.510286400 1.118388092 7.143517375 -0.159727569 0.844463558 -0.196939666 0.055194871 -0.495024842
1578862472.872412899 1.182471987 7.311052877 -0.126006270 -0.840214425 0.141904447 -0.026367361 0.522692653
1578862473.367069950 1.257353610 7.502436483 -0.075750075 -0.832686191 0.037016494 0.039440346 0.551097039
1578862473.531333599 1.249411249 7.526421526 -0.068808579 -0.836135644 -0.009275801 0.052450941 0.545930438
1578862473.828127749 1.262114836 7.567251400 -0.041214983 -0.820053354 -0.081183303 0.107995325 0.556110401
1578862473.893459650 1.263877626 7.574565880 -0.037724124 -0.816708428 -0.096801821 0.119250173 0.556233896
1578862474.223853549 1.264166317 7.662019276 0.018899898 -0.795451081 -0.152249350 0.230381410 0.539446123
1578862474.453448949 1.244960537 7.701434035 0.082762628 0.776330522 0.182178408 -0.352816385 -0.489532989
1578862474.651311899 1.238115323 7.699254735 0.121786478 0.754523462 0.223777969 -0.438949274 -0.433521972
1578862474.849174649 1.214739763 7.672177355 0.164795321 0.730671985 0.252457937 -0.529830850 -0.348801822
1578862474.914507000 1.223252530 7.683045276 0.170176428 0.723188652 0.260920202 -0.548847434 -0.328154408
1578862475.112369549 1.208689496 7.679211957 0.208961979 0.695777401 0.317944176 -0.569978785 -0.299882467
1578862475.211300949 1.209394325 7.664557150 0.239003122 0.674030572 0.337848561 -0.589152333 -0.290586763
1578862475.409163799 1.206927519 7.633044854 0.244195689 0.629536399 0.389531602 -0.602073292 -0.299093304
1578862475.573427550 1.191179652 7.600916557 0.257748633 -0.592164946 -0.424577003 0.623972861 0.282370171
1578862475.638759550 1.198153695 7.600126701 0.276240471 -0.576278639 -0.431636304 0.637646114 0.273862126
1578862475.870221550 1.206806026 7.605133369 0.280176528 -0.516996422 -0.476764961 0.660912421 0.261924880
1578862476.034485449 1.199268447 7.591853323 0.292114319 -0.475206570 -0.504504205 0.673817884 0.256171197
1578862476.133416800 1.200290982 7.579711779 0.301573208 -0.454711457 -0.524605446 0.675988585 0.247115460
1578862476.167016199 1.204916818 7.580144644 0.302708756 -0.448925146 -0.531624898 0.675957618 0.242739531
1578862476.331279549 1.180002107 7.600072018 0.301230995 -0.420008623 -0.562335582 0.674583980 0.228709213
1578862476.594474450 1.172604166 7.594525391 0.270645638 -0.372347934 -0.599858207 0.673950301 0.217527329
1578862476.659806599 1.170508788 7.596248561 0.270943355 -0.363625568 -0.607439516 0.673181843 0.213588124
1578862476.727005000 1.168698564 7.595633670 0.272932400 -0.351714429 -0.615356517 0.671858565 0.215033455
1578862476.792337399 1.162806590 7.588489546 0.270583752 -0.339840148 -0.624338255 0.669399267 0.215905161
1578862476.990200250 1.156258199 7.571643834 0.274443198 0.320618572 0.655528603 -0.654650798 -0.197277250
1578862477.055537400 1.154691962 7.576715973 0.277631674 0.315697997 0.665094244 -0.648745108 -0.192650475
1578862477.188063000 1.150240645 7.567852972 0.278140084 0.296401406 0.681622966 -0.637763494 -0.201975405
1578862477.451258100 1.148007394 7.561704906 0.285118730 0.279053586 0.705171668 -0.626186206 -0.180977485
1578862477.516589799 1.144924478 7.557297991 0.286047714 0.272846718 0.711654408 -0.620576349 -0.184357446
1578862477.748052200 1.140304144 7.545392216 0.282418195 0.255790309 0.731994974 -0.607728629 -0.171524312
1578862477.846983899 1.134789151 7.536758274 0.282313654 0.253076227 0.745682156 -0.593980061 -0.164615410
1578862477.912315700 1.132141240 7.532463813 0.285979889 0.248111896 0.751920967 -0.588022338 -0.165181951
1578862478.209109899 1.115587147 7.494007549 0.288534376 0.231619370 0.772171697 -0.573221097 -0.146700075
1578862478.571236599 1.083592288 7.429002638 0.283564490 0.218049513 0.798548522 -0.545466997 -0.131302794
1578862478.769099449 1.087545633 7.439480820 0.282750353 0.209481744 0.811786350 -0.528923214 -0.131759457
1578862479.065893450 1.066909512 7.398644972 0.279049467 0.207008383 0.829708860 -0.505484028 -0.114963626
1578862479.230157249 1.069257048 7.401576919 0.275384770 0.200190494 0.835542017 -0.499204827 -0.112195565
1578862479.691214849 1.039819841 7.347719159 0.262149326 0.193029870 0.861082436 -0.460748262 -0.094802669
1578862479.790146250 1.023847365 7.321813571 0.259411264 0.195141658 0.864725071 -0.454319496 -0.088114022
1578862480.152272749 0.958301166 7.211257775 0.232268916 0.191298472 0.877280278 -0.431060517 -0.089280675
1578862480.251204399 0.946431934 7.196818019 0.230919208 0.191623638 0.881135980 -0.423083456 -0.088770241
1578862480.646929899 0.929639287 7.177118476 0.220394806 0.191017636 0.890876311 -0.403715276 -0.082859140
1578862480.712262000 0.924792019 7.172097962 0.219465056 0.189032159 0.892066576 -0.401644141 -0.084652529
1578862481.107988000 0.849554352 7.064707769 0.195714230 0.189534723 0.894851368 -0.395848934 -0.081370998
1578862481.667977249 0.798750869 6.985310512 0.202073665 0.191826658 0.875150213 -0.437478436 -0.076988673
1578862481.996503950 0.745305964 6.894876857 0.215593213 0.198244416 0.857524963 -0.468247604 -0.078065803
1578862482.293298249 0.709588447 6.832354336 0.232243658 0.203347988 0.846714747 -0.486156503 -0.073318392
1578862482.689023950 0.644428404 6.713535073 0.264257455 0.201732383 0.826612180 -0.520303949 -0.072802133
1578862482.985818499 0.598831852 6.623158455 0.289696282 0.200660693 0.810870600 -0.544896618 -0.072882322
1578862483.314345549 0.553657064 6.515977727 0.318050656 0.200083549 0.807754027 -0.549953997 -0.071067612
1578862483.545807899 0.558494382 6.507593864 0.321897093 0.199496317 0.810893355 -0.545541628 -0.070975477
1578862483.809002549 0.525108850 6.406340575 0.341653215 0.200771525 0.815911980 -0.538750753 -0.061041481
1578862484.072197750 0.498130220 6.301700770 0.363145975 0.195227447 0.817192761 -0.537401293 -0.072677966
1578862484.335392550 0.484597294 6.245202044 0.379197014 0.214098501 0.814647106 -0.534748112 -0.067500976
1578862484.632186899 0.448450783 6.108838996 0.406068102 0.254750212 0.807959212 -0.525633032 -0.077551001
1578862484.731118450 0.433375206 6.068402301 0.417232349 0.267489379 0.802449385 -0.525135946 -0.093576996
1578862485.027912700 0.392506700 5.951030110 0.448473282 0.318385294 0.771499055 -0.532501468 -0.140933316
1578862485.093244550 0.381733386 5.935134798 0.457575082 0.329680843 0.764131787 -0.530792452 -0.160226484
1578862485.291107300 0.382918609 5.948838933 0.439025839 0.362676286 0.744199672 -0.519777557 -0.210865005
1578862485.587901850 0.295528679 5.799181074 0.462281429 0.442387626 0.706626260 -0.500971889 -0.232378321
1578862485.916429050 0.229940188 5.705884163 0.483959910 0.518610852 0.656655755 -0.473854732 -0.274422479
1578862486.048959599 0.203330230 5.677287234 0.474980793 0.549258567 0.640047908 -0.461844294 -0.274506012
1578862486.411086200 0.117224239 5.619570745 0.487194051 0.625953389 0.573939957 -0.445899196 -0.282752873
1578862486.773212099 0.031682065 5.599080881 0.486093792 0.717810430 0.481234196 -0.428324939 -0.264006783
1578862486.838544599 0.016269838 5.598179759 0.483066857 0.732489998 0.465831590 -0.420180886 -0.264399992
1578862487.135338899 -0.005560211 5.666640050 0.495131354 0.792588751 0.369235523 -0.406706960 -0.264684057
1578862487.333201649 0.054839954 5.721195956 0.480346675 0.824922766 0.305763204 -0.384977601 -0.278932859
1578862487.531064300 0.046970924 5.753748624 0.482712483 0.859084831 0.248134177 -0.356872868 -0.270267349
1578862487.629996049 0.039126402 5.767264226 0.480616328 0.874374648 0.224203685 -0.336573779 -0.268178625
1578862488.025721849 0.028444337 5.822820505 0.468512608 0.919264405 0.112990023 -0.260982426 -0.272166091
1578862488.322515950 0.014445057 5.868079387 0.456093825 0.937501183 0.046070198 -0.203794341 -0.278274927
1578862488.716374849 -0.003112040 5.954506079 0.431241278 0.947738746 -0.023748528 -0.150539590 -0.280294682
1578862488.815306650 -0.010292937 5.967789407 0.422425280 0.946642389 -0.038606445 -0.135943706 -0.289649856
1578862489.112100649 -0.021822748 6.040612784 0.399628158 0.950040999 -0.078921096 -0.099676405 -0.285058196
1578862489.408895000 -0.034921190 6.127512682 0.363734311 0.953214539 -0.111461183 -0.074820308 -0.270851194
1578862489.737421800 -0.035762319 6.230831236 0.335435305 0.948135289 -0.137707707 -0.049316920 -0.282212512
1578862489.968884199 -0.029937232 6.342157861 0.315135590 0.940294464 -0.151175859 -0.028442745 -0.303616849
1578862490.364609999 -0.005078134 6.490912844 0.309371021 0.919532763 -0.171409346 0.002058933 -0.353658160
1578862490.693136800 0.019346176 6.653939652 0.303127193 0.899041244 -0.181418354 0.027896478 -0.397534916
1578862490.989931049 0.041118106 6.728899303 0.305214157 0.885219649 -0.186561601 0.038779940 -0.424354874
1578862491.253126099 0.067985231 6.858314557 0.309732856 0.876253275 -0.188428147 0.053978365 -0.440183335
1578862491.549920349 0.104125970 6.979345147 0.318079715 0.871016453 -0.195359432 0.057596132 -0.447043304
1578862491.714184000 0.122093149 7.053673306 0.317447963 0.865017464 -0.200508830 0.057290508 -0.456353802
1578862492.010978450 0.162399524 7.168946245 0.338810839 0.854000542 -0.201345061 0.069356598 -0.474692430
1578862492.242440449 0.187684372 7.224549463 0.351530928 0.848762212 -0.202266566 0.069654838 -0.483569176
1578862492.570967399 0.226713106 7.323205424 0.369242550 -0.836080055 0.203438543 -0.074837012 0.503966589
1578862492.867761600 0.274642925 7.430352456 0.402182374 -0.818594179 0.203596392 -0.086552550 0.530057294
1578862493.097357449 0.311886845 7.494646426 0.435285457 -0.808756745 0.206218125 -0.090354254 0.543344017
1578862493.394151900 0.354316855 7.566325334 0.465582938 -0.791217114 0.203500646 -0.093442292 0.569061950
1578862493.724545549 0.415930442 7.668892515 0.491009825 -0.797222018 0.203193280 -0.090763083 0.561169856
1578862493.789877249 0.424583478 7.676851970 0.494844711 -0.799446562 0.205311922 -0.086773370 0.557855349
1578862494.152003700 0.496687014 7.781147960 0.517251669 -0.803401423 0.206930525 -0.080131377 0.552544002
1578862494.185603000 0.499861843 7.783369484 0.515834349 -0.805100102 0.207569383 -0.078637566 0.550040826
1578862494.514130000 0.565549158 7.876249396 0.536621679 -0.810159978 0.210181690 -0.074610077 0.542123421
1578862494.613061600 0.579152306 7.887995884 0.543613081 -0.811309444 0.213014957 -0.071498288 0.539712525
1578862495.008787150 0.685636898 8.014565354 0.612295092 -0.786992277 0.212623200 -0.085256847 0.572857575
1578862495.305581599 0.716165647 8.040339712 0.620619863 -0.785385151 0.211971013 -0.091318054 0.574368756
1578862495.469845049 0.762870697 8.093710897 0.634174659 -0.794150637 0.215201468 -0.086791864 0.561676300
1578862495.831971449 0.841512091 8.186945635 0.640693829 -0.813680668 0.214108792 -0.082626236 0.534091847
1578862495.996235099 0.888345633 8.246718921 0.649106943 -0.818007183 0.210565261 -0.089564877 0.527735399
1578862496.391960900 0.961248385 8.355194183 0.648719461 -0.834718153 0.206126737 -0.062072208 0.506857391
1578862496.490892050 0.982227012 8.378925880 0.642830512 -0.841096349 0.193987238 -0.055204340 0.501874849
1578862496.853018550 1.002942622 8.456852859 0.640481717 -0.853279292 0.122303225 -0.037218440 0.505540463
1578862497.017282199 1.013675957 8.495238880 0.633630165 -0.859179358 0.073322661 -0.042377114 0.504617478
1578862497.248744449 1.020028233 8.576364459 0.635141705 -0.861269070 0.019821866 -0.004292817 0.507744281
1578862497.644469850 1.027225558 8.694909524 0.652707160 -0.851231730 -0.088390181 0.061405507 0.513635164
1578862498.170859549 0.998365155 8.840565276 0.626121821 0.848196551 0.243855070 -0.078379269 -0.463631326
1578862498.532986299 0.918214483 9.044218261 0.596484171 0.789796098 0.397792166 -0.022319540 -0.466353250
1578862498.598318299 0.904539445 9.057992986 0.595973305 0.771120262 0.424145625 -0.016031589 -0.474570352
1578862498.829780200 0.795534472 9.147529908 0.596064729 0.721524316 0.489389812 -0.039104103 -0.488232673
1578862499.290838149 0.664404490 9.146341115 0.638037990 0.612631592 0.609069578 -0.126151796 -0.487649983
1578862499.356170250 0.652257579 9.150076559 0.648560483 0.599655637 0.623782693 -0.133739342 -0.483137721
1578862499.751895950 0.547107712 9.145676275 0.649576081 0.541259357 0.699978376 -0.178934497 -0.430175577
1578862499.850827150 0.536426128 9.123737458 0.651998968 0.523053647 0.718555772 -0.189230692 -0.417473628
1578862500.147621649 0.430100323 9.101071659 0.656152970 0.473018714 0.766676843 -0.232995013 -0.366296655
1578862500.212953699 0.433689434 9.085439959 0.660367467 0.462825791 0.774789711 -0.245060141 -0.354173289
1578862500.476151849 0.317982912 9.051291134 0.681291850 0.422509679 0.798749331 -0.294306990 -0.311237006
1578862500.707610800 0.240790746 9.004216979 0.708028390 0.401233914 0.812391741 -0.325961618 -0.269777739
1578862500.970805749 0.146433750 8.936950503 0.722451551 0.374421481 0.817469631 -0.369919305 -0.233905248
1578862501.267600300 0.102970081 8.898789945 0.734481403 0.344669538 0.821945431 -0.406668785 -0.200571973
1578862501.332932200 0.084921821 8.881025152 0.730414526 0.340785883 0.825989839 -0.406952063 -0.189725555
1578862501.728657900 -0.013331396 8.784167362 0.708276785 0.314117954 0.847784745 -0.399582581 -0.151409045
1578862502.090784250 -0.056064035 8.712989289 0.738222194 0.291916272 0.837499048 -0.442397290 -0.132909262
1578862502.452910650 -0.149083645 8.596784922 0.752749994 0.274152761 0.833489518 -0.465429365 -0.116236801
1578862502.815036800 -0.228764908 8.475279958 0.770014585 0.257984456 0.831919947 -0.479185591 -0.108325401
1578862503.145430249 -0.277915120 8.384649181 0.797548726 0.245685242 0.827304535 -0.495078893 -0.100512975
1578862503.473957299 -0.373928656 8.232727246 0.835504796 0.240333277 0.817559982 -0.515451162 -0.090253484
1578862503.770751499 -0.430503257 8.116887094 0.864391002 0.232142157 0.807210048 -0.535508748 -0.088047360
1578862503.968614449 -0.456748921 8.062732951 0.876738839 0.227937778 0.813631300 -0.527695691 -0.087096121
1578862504.067545699 -0.475326818 8.016172805 0.881846180 0.225539484 0.813534511 -0.529049352 -0.086025135
1578862504.297141449 -0.515139608 7.937444679 0.892558264 0.221504738 0.822547761 -0.517553666 -0.080554541
1578862504.463271700 -0.546132561 7.868534487 0.909882434 0.214853370 0.820022635 -0.524269748 -0.080883490
1578862504.791798500 -0.586362928 7.765164686 0.926366758 0.212335747 0.820080303 -0.525663381 -0.077844957
1578862505.088592600 -0.614218469 7.677344936 0.941190703 0.213594987 0.825165812 -0.517815044 -0.073117335
1578862505.252856299 -0.648273606 7.584221893 0.952181086 0.211517914 0.819415602 -0.527223409 -0.076509604
1578862505.417119649 -0.673743841 7.514944643 0.969358541 0.212300380 0.819769358 -0.526927956 -0.072482260
1578862505.812846849 -0.731970225 7.339394368 1.007287635 0.205633032 0.811713176 -0.540549682 -0.081503479
1578862506.208571099 -0.766436005 7.216027559 1.049226221 0.200342050 0.799419225 -0.559072031 -0.090721717
1578862506.570697349 -0.803491042 7.076439943 1.099846846 0.197204559 0.788878097 -0.574287939 -0.094736858
1578862506.669628899 -0.809108840 7.054617266 1.116831311 0.197917759 0.786879557 -0.576533262 -0.096221209
1578862507.031755249 -0.838879597 6.912231661 1.175693545 0.194444651 0.777239012 -0.589969029 -0.100136612
1578862507.130686449 -0.846841585 6.879566728 1.198264553 0.193349579 0.774342744 -0.593372048 -0.104493388
1578862507.492813149 -0.876717131 6.750472186 1.252861916 0.187589507 0.764907927 -0.606819693 -0.107218938
1578862507.526412249 -0.877435526 6.741310672 1.260446774 0.187050101 0.763132201 -0.608904547 -0.108980536
1578862507.888538850 -0.901262530 6.605596058 1.330686087 0.183403746 0.752901532 -0.622452013 -0.109799093
1578862507.987470050 -0.906103314 6.567246221 1.352407428 0.180614308 0.748249768 -0.628229932 -0.113260355
1578862508.315997050 -0.932635029 6.432203823 1.420747605 0.179061111 0.739835164 -0.639698618 -0.106614853
1578862508.349596549 -0.936688036 6.418463710 1.428900878 0.178687190 0.738893929 -0.640953604 -0.106231479
1578862508.612791150 -0.954136970 6.332484269 1.469705653 0.178111701 0.734275590 -0.647229014 -0.101045449
1578862508.711722450 -0.963622164 6.303043937 1.493435223 0.178286474 0.732464536 -0.649317856 -0.100478646
1578862509.073848800 -0.987577383 6.202043560 1.548371553 0.176580970 0.724483074 -0.659078240 -0.097771728
1578862509.172780449 -0.995814512 6.165361969 1.569715872 0.175647062 0.721284796 -0.662633511 -0.099061512
