1532199344.563656 0.0000000 0.0000000 0.0000000 -0.0000000 -0.0000000 -0.0000000 1.0000000
1532199346.649680 -0.1007401 0.0214652 -0.1143557 0.0198035 -0.1085080 -0.0201347 0.9936944
1532199350.324396 0.0037344 0.0080489 -0.0644096 0.0359809 0.0847488 0.0031899 0.9957474
1532199350.772351 0.0362880 0.0027244 -0.0668071 0.0377543 0.1250722 0.0016520 0.9914277
1532199351.714634 0.0476988 -0.0063736 -0.0690508 0.0391436 0.0727521 0.0026458 0.9965782
1532199351.814365 0.0430478 -0.0061965 -0.0688416 0.0361176 0.0565815 0.0034798 0.9977384
1532199353.057900 0.0077354 0.0328205 -0.0526162 -0.0168707 0.0083616 -0.0014631 0.9998217
1532199353.255298 0.0038641 0.0455618 -0.0508279 -0.0397941 0.0021999 -0.0001123 0.9992055
1532199353.554463 -0.0030744 0.0691111 -0.0494276 -0.0725757 -0.0100992 -0.0005473 0.9973117
1532199353.703048 -0.0065915 0.0808557 -0.0481772 -0.0883697 -0.0130303 -0.0013233 0.9960017
1532199353.902475 -0.0087223 0.0970652 -0.0495023 -0.1110554 -0.0187538 -0.0032655 0.9936319
1532199354.399062 -0.0175199 0.1355999 -0.0478630 -0.1562169 -0.0285513 -0.0077286 0.9872798
1532199356.784129 0.0028937 0.0412515 0.0170063 0.0173645 -0.0201575 -0.0157696 0.9995216
1532199358.224949 0.0214037 -0.0829833 -0.0610240 0.1994525 -0.0246596 -0.0089644 0.9795562
1532199358.422491 0.0237281 -0.0927343 -0.0729422 0.2198165 -0.0266765 -0.0101700 0.9751234
1532199358.970612 0.0297470 -0.1143724 -0.0960056 0.2418494 -0.0295322 -0.0081512 0.9698300
1532199359.268244 0.0290853 -0.1140571 -0.0972778 0.2337084 -0.0286015 -0.0099676 0.9718348
1532199359.368121 0.0297602 -0.1134635 -0.0968617 0.2266524 -0.0287124 -0.0109892 0.9734904
1532199359.516907 0.0323003 -0.1081435 -0.0950380 0.2140534 -0.0297779 -0.0123922 0.9762893
1532199359.567883 0.0324753 -0.1050004 -0.0943480 0.2098493 -0.0298535 -0.0131780 0.9771890
1532199359.716655 0.0340839 -0.0962704 -0.0923043 0.1974847 -0.0300217 -0.0164375 0.9797083
1532199359.816520 0.0352896 -0.0923321 -0.0910082 0.1870123 -0.0299002 -0.0183287 0.9817314
1532199360.016254 0.0352903 -0.0786003 -0.0883261 0.1631974 -0.0321200 -0.0217651 0.9858302
1532199362.949295 -0.0451467 0.0369012 -0.1088464 0.0322400 -0.1798634 -0.0340135 0.9825746
1532199363.645802 -0.0989616 0.0544586 -0.1114000 0.0273139 -0.2143431 -0.0488595 0.9751532
1532199364.291363 -0.1445401 0.1029109 -0.1046867 -0.0089570 -0.2368431 -0.0680880 0.9691177
1532199365.436014 -0.1162296 0.1766114 -0.0288219 -0.0810410 -0.1678989 -0.0648740 0.9803233
1532199366.181531 -0.0242146 0.1911535 0.0321643 -0.0955100 -0.0709913 -0.0469582 0.9917827
1532199366.529817 0.0261880 0.1888718 0.0538503 -0.0962825 -0.0157624 -0.0387964 0.9944727
1532199366.878073 0.0782031 0.1828136 0.0711028 -0.0897805 0.0417657 -0.0260975 0.9947432
1532199367.275255 0.1246395 0.1702245 0.0821459 -0.0756180 0.0962974 -0.0156216 0.9923531
1532199367.474873 0.1412873 0.1613908 0.0839031 -0.0665376 0.1210837 -0.0129555 0.9903250
1532199367.574656 0.1462604 0.1569673 0.0841422 -0.0604324 0.1276139 -0.0121238 0.9899069
1532199367.823124 0.1498816 0.1434636 0.0838208 -0.0466064 0.1297158 -0.0091207 0.9904133
1532199368.517524 0.1331401 0.0959346 0.0796284 -0.0211027 0.1232380 -0.0104658 0.9920976
1532199368.816835 0.1182654 0.0667269 0.0778608 0.0094734 0.1118061 -0.0032086 0.9936798
1532199368.916650 0.1122148 0.0556738 0.0768434 0.0210770 0.1073860 -0.0008886 0.9939936
1532199369.165052 0.0971055 0.0303872 0.0736813 0.0519213 0.0943080 0.0061225 0.9941694
1532199369.264814 0.0895264 0.0201949 0.0726670 0.0636979 0.0882976 0.0094335 0.9940106
1532199369.313686 0.0852999 0.0161915 0.0721167 0.0695902 0.0852857 0.0109652 0.9938628
1532199372.645015 -0.0173077 0.1708366 0.0889510 0.0735804 0.0310648 -0.0075403 0.9967769
1532199373.290535 -0.0165327 0.2110850 0.1421892 0.0502124 0.0282518 -0.0213055 0.9981115
1532199373.638663 -0.0178640 0.2323966 0.1663076 0.0209750 0.0352659 -0.0437163 0.9982010
1532199374.186314 -0.0382591 0.2451491 0.1845865 0.0115603 0.0104918 -0.0429956 0.9989533
1532199375.627616 0.0147430 0.2139614 0.3139255 -0.0094694 0.0537576 -0.0170075 0.9983643
1532199376.024723 0.0346321 0.1908493 0.4007407 -0.0175637 0.0504059 -0.0009198 0.9985740
1532199376.472577 0.0510673 0.1634591 0.5096842 -0.0100280 0.0452379 0.0159057 0.9987993
1532199376.670082 0.0609596 0.1532847 0.5580587 -0.0095877 0.0431384 0.0155892 0.9989015
1532199377.018205 0.0790585 0.1318722 0.6368631 0.0054667 0.0452410 0.0151865 0.9988457
1532199377.117994 0.0837125 0.1259319 0.6620565 0.0102574 0.0487372 0.0126302 0.9986791
1532199377.217774 0.0900470 0.1197700 0.6832488 0.0122703 0.0500013 0.0092732 0.9986308
1532199377.317570 0.0956007 0.1146498 0.7063770 0.0124770 0.0505455 0.0064872 0.9986228
1532199377.417305 0.1010836 0.1099189 0.7306597 0.0098796 0.0500302 0.0019043 0.9986970
1532199377.614756 0.1129127 0.1017312 0.7799873 0.0037057 0.0548857 -0.0033913 0.9984800
1532199377.714421 0.1176354 0.0968139 0.8052124 0.0033861 0.0558573 -0.0038572 0.9984255
1532199377.913837 0.1254747 0.0861451 0.8567811 0.0078380 0.0543268 -0.0022016 0.9984900
1532199378.062234 0.1280400 0.0771543 0.8977398 0.0137803 0.0502839 0.0006186 0.9986397
1532199378.261638 0.1304768 0.0655432 0.9516581 0.0216423 0.0457019 0.0023451 0.9987179
1532199378.459066 0.1337058 0.0576385 1.0012265 0.0266540 0.0465066 0.0018750 0.9985605
1532199378.607684 0.1349176 0.0539905 1.0376430 0.0218416 0.0457474 0.0011127 0.9987136
1532199378.858081 0.1409784 0.0479597 1.0919853 0.0140131 0.0455679 -0.0006109 0.9988627
1532199378.906924 0.1427113 0.0466174 1.1013070 0.0142231 0.0454109 -0.0013126 0.9988663
1532199379.006496 0.1450902 0.0432153 1.1213659 0.0155092 0.0445769 -0.0023805 0.9988827
1532199379.154847 0.1487858 0.0370636 1.1494269 0.0181710 0.0425112 -0.0023630 0.9989280
1532199379.354225 0.1527088 0.0282206 1.1847906 0.0235540 0.0445592 -0.0017699 0.9987275
1532199379.602626 0.1519925 0.0192410 1.2252373 0.0254076 0.0428907 -0.0010322 0.9987561
1532199379.899876 0.1501933 0.0132252 1.2717137 0.0217880 0.0463079 -0.0059767 0.9986717
1532199380.247915 0.1575088 0.0023740 1.3336664 0.0364340 0.0464382 -0.0044273 0.9982467
1532199380.595988 0.1758910 0.0000213 1.4048277 0.0407823 0.0443130 0.0011027 0.9981844
1532199380.992897 0.1991396 -0.0008303 1.4898424 0.0413458 0.0413451 0.0181942 0.9981233
1532199381.241130 0.2143793 -0.0075848 1.5521219 0.0433858 0.0393893 0.0179679 0.9981199
1532199381.540330 0.2316198 -0.0167773 1.6253479 0.0429275 0.0448676 0.0119505 0.9979987
1532199381.688892 0.2392270 -0.0233837 1.6602205 0.0407805 0.0471760 0.0134261 0.9979635
1532199381.888313 0.2484934 -0.0327423 1.7078173 0.0407830 0.0506510 0.0144910 0.9977782
1532199382.185524 0.2655704 -0.0432479 1.7747401 0.0410470 0.0584307 0.0102967 0.9973941
1532199382.533586 0.2831213 -0.0561120 1.8590304 0.0436745 0.0610307 0.0040218 0.9971718
1532199382.832808 0.2952543 -0.0646337 1.9323300 0.0371438 0.0623186 0.0046244 0.9973542
1532199383.081105 0.3081350 -0.0702010 1.9902787 0.0321388 0.0651571 0.0029189 0.9973531
1532199383.278630 0.3178745 -0.0764549 2.0348353 0.0299138 0.0668638 0.0053505 0.9972993
1532199385.268030 0.3974600 -0.1463215 2.4958663 0.0335762 0.0935769 -0.0047040 0.9950346
1532199385.416616 0.4026925 -0.1507011 2.5286286 0.0371547 0.0939958 -0.0076648 0.9948496
1532199385.715721 0.4093713 -0.1569762 2.5927789 0.0463647 0.0909390 -0.0123102 0.9947004
1532199386.063692 0.4139663 -0.1594034 2.6711655 0.0507069 0.0878616 -0.0152051 0.9947251
1532199387.553155 0.4933753 -0.1348453 3.0117872 0.0210363 0.1101830 -0.0046098 0.9936780
1532199388.597086 0.5550079 -0.1374204 3.2331102 -0.0087495 0.1221351 0.0081132 0.9924418
1532199388.794543 0.5633087 -0.1282983 3.2698019 -0.0141614 0.1146305 0.0095818 0.9932610
1532199389.390968 0.5695601 -0.1126716 3.3850625 -0.0119771 0.0890997 0.0407754 0.9951157
1532199390.435462 0.6317436 -0.0117022 3.5688367 -0.1108279 0.1223996 0.0465661 0.9851737
1532199391.926374 0.7572021 0.0003457 3.8673646 -0.1239268 0.1359970 0.0389928 0.9821540
1532199392.573701 0.8470568 -0.0293599 3.9806619 -0.1090548 0.1589301 0.0010693 0.9812477
1532199393.667106 0.9533255 -0.0632050 4.1842709 -0.1061687 0.1624621 0.0331307 0.9804267
1532199394.412698 0.9950525 -0.1007116 4.3659773 -0.0809437 0.1449882 0.0419057 0.9852261
1532199395.009511 1.0419298 -0.1522898 4.5383949 -0.0671240 0.1128369 0.0338638 0.9907651
1532199395.308974 1.0760480 -0.1913558 4.6588478 -0.0646984 0.1122335 0.0268851 0.9912089
1532199395.506591 1.0994182 -0.2021700 4.7006664 -0.0562964 0.1083938 0.0201958 0.9923072
1532199395.806058 1.1387537 -0.2278099 4.7964015 -0.0476293 0.1161384 0.0136152 0.9919969
1532199396.054607 1.1696635 -0.2392710 4.8706875 -0.0490692 0.1298596 0.0015112 0.9903163
1532199396.303146 1.1971779 -0.2479755 4.9363317 -0.0412251 0.1421119 -0.0073998 0.9889641
1532199396.403004 1.2105392 -0.2538157 4.9585452 -0.0387669 0.1460765 -0.0092378 0.9884703
1532199396.502795 1.2208276 -0.2563145 4.9824028 -0.0398822 0.1463264 -0.0112816 0.9883677
1532199396.800204 1.2445151 -0.2682891 5.0538054 -0.0489979 0.1319685 -0.0173195 0.9898907
1532199396.948921 1.2579374 -0.2742498 5.0875869 -0.0512349 0.1258107 -0.0219748 0.9904866
1532199397.197432 1.2819401 -0.2802033 5.1485701 -0.0529754 0.1158910 -0.0257412 0.9915141
1532199397.545746 1.3203368 -0.2874806 5.2340732 -0.0512252 0.1015761 -0.0223525 0.9932566
1532199397.645539 1.3273830 -0.2893411 5.2570982 -0.0521983 0.0973420 -0.0219184 0.9936395
1532199397.894127 1.3486308 -0.2959575 5.3078947 -0.0569038 0.0869223 -0.0160815 0.9944586
1532199398.242527 1.3720056 -0.3080066 5.3806438 -0.0509550 0.0718883 -0.0072373 0.9960840
1532199398.391226 1.3821930 -0.3107280 5.4119496 -0.0471264 0.0641603 -0.0035621 0.9968199
1532199398.491000 1.3906311 -0.3170156 5.4301786 -0.0468080 0.0585903 -0.0020719 0.9971820
1532199398.639643 1.3979309 -0.3203564 5.4598694 -0.0455354 0.0520573 -0.0016674 0.9976040
1532199399.484311 1.4699444 -0.3375244 5.5393276 -0.0533247 0.0585369 0.0086228 0.9968228
1532199400.179639 1.5078344 -0.3719128 5.5358810 -0.0195030 0.0655421 0.0249824 0.9973463
1532199400.775587 1.5305914 -0.3822193 5.5336685 -0.0493905 0.0851772 0.0413865 0.9942799
1532199402.216834 1.5885756 -0.4155869 5.5921822 -0.0413881 0.0285173 0.0783869 0.9956552
1532199402.912993 1.6606191 -0.4561401 5.6463628 -0.0233765 0.0165843 0.0787478 0.9964825
1532199403.757622 1.7459934 -0.4736558 5.7602315 -0.0137406 -0.0035282 0.0856780 0.9962219
1532199404.453763 1.8086531 -0.5170046 5.8840723 -0.0190813 -0.0240179 0.0646925 0.9974337
1532199405.198736 1.8904114 -0.5850879 5.9997211 -0.0291547 -0.0373248 -0.0121433 0.9988040
1532199406.591206 1.9794244 -0.7095776 6.1755266 0.0401118 -0.0492102 -0.0294892 0.9975469
1532199407.832926 2.0249121 -0.6788263 6.4433064 0.0424562 -0.0587420 -0.0767114 0.9944155
1532199409.174063 2.0760193 -0.6934461 6.6480379 0.0901561 -0.0386720 -0.1322790 0.9863461
1532199410.118298 2.0663443 -0.7255852 6.8580480 0.0501890 -0.0152953 -0.1189001 0.9915190
1532199410.763467 2.0140605 -0.7292671 6.9783363 0.0176622 -0.0033396 -0.1027739 0.9945423
1532199411.459432 1.9351658 -0.7504563 7.0658331 0.0006674 -0.0095083 -0.1082749 0.9940753
1532199411.955996 1.8827235 -0.7520153 7.1224728 -0.0118454 -0.0293018 -0.1062084 0.9938415
1532199412.503496 1.8388026 -0.7587872 7.1930985 -0.0036892 -0.0396450 -0.1001280 0.9941776
1532199413.348112 1.7699922 -0.7668073 7.2691336 -0.0105034 -0.0190758 -0.0999965 0.9947495
1532199413.844773 1.7446747 -0.7742159 7.3463469 0.0007374 0.0071607 -0.1086145 0.9940579
1532199414.341441 1.7451577 -0.7805218 7.4433026 -0.0090928 0.0207577 -0.0927478 0.9954317
1532199414.540894 1.7445408 -0.7874380 7.4757161 0.0020583 0.0325185 -0.0832639 0.9959947
1532199414.888902 1.7269440 -0.7951859 7.5110025 0.0131578 0.0515370 -0.0720501 0.9959818
1532199415.037448 1.7115750 -0.7996917 7.5229659 0.0246981 0.0524371 -0.0693548 0.9959068
1532199415.137197 1.6989670 -0.8029206 7.5306058 0.0312603 0.0534665 -0.0696249 0.9956488
1532199415.186054 1.6925290 -0.8045586 7.5352664 0.0334001 0.0539151 -0.0700226 0.9955272
1532199415.236942 1.6862236 -0.8061261 7.5400820 0.0355197 0.0534722 -0.0709841 0.9954096
1532199415.285799 1.6789212 -0.8079686 7.5446577 0.0373190 0.0531385 -0.0720804 0.9952829
1532199415.334669 1.6707639 -0.8090544 7.5486698 0.0390619 0.0513800 -0.0745084 0.9951295
1532199415.385556 1.6644448 -0.8127503 7.5530529 0.0397614 0.0481382 -0.0758108 0.9951656
1532199415.982185 1.6237645 -0.8312324 7.6239538 0.0382927 0.0237636 -0.1097446 0.9929376
1532199416.081970 1.6264631 -0.8293355 7.6360502 0.0374204 0.0239974 -0.1101392 0.9929215
1532199416.279475 1.6218355 -0.8334231 7.6650782 0.0347336 0.0296579 -0.1055287 0.9933669
1532199416.527895 1.6173739 -0.8371668 7.7109008 0.0341799 0.0262703 -0.0836564 0.9955618
1532199417.026855 1.6095736 -0.8350631 7.8027978 -0.0072445 0.0435706 -0.0529722 0.9976187
1532199417.275287 1.6139896 -0.8387734 7.8406453 -0.0073557 0.0527720 -0.0486452 0.9973939
1532199417.373020 1.6176484 -0.8428264 7.8541336 -0.0005710 0.0556438 -0.0485282 0.9972705
1532199417.472781 1.6183546 -0.8488949 7.8663545 0.0073709 0.0621802 -0.0524680 0.9966577
1532199418.169275 1.6148789 -0.8939180 7.9412360 0.0518185 0.0483602 -0.0565346 0.9958815
1532199418.368884 1.6133568 -0.9070570 7.9650860 0.0672411 0.0410788 -0.0353085 0.9962653
1532199418.766025 1.6295698 -0.8998203 8.0261984 0.0573361 0.0535306 -0.0399465 0.9961181
1532199418.914687 1.6351091 -0.8982618 8.0503263 0.0581379 0.0552855 -0.0443950 0.9957874
1532199419.065376 1.6361195 -0.8960896 8.0745316 0.0614347 0.0599201 -0.0449532 0.9952962
1532199419.759845 1.6098058 -0.8935231 8.1861382 0.0734547 0.0447085 -0.0377701 0.9955797
1532199420.356564 1.6015218 -0.8986326 8.2925472 0.0974319 0.0375121 -0.0280320 0.9941399
1532199420.407457 1.5989609 -0.9067467 8.2933817 0.0983599 0.0368087 -0.0255830 0.9941409
1532199420.804505 1.6108632 -0.9036930 8.3665991 0.1066801 0.0367501 -0.0336932 0.9930426
1532199421.201535 1.6341507 -0.9076652 8.4280186 0.1024368 0.0538947 -0.0294966 0.9928404
1532199421.948156 1.6545942 -0.9480369 8.4990730 0.1173888 0.0972556 -0.0389212 0.9875457
1532199422.345226 1.6628029 -0.9632418 8.5511065 0.1315190 0.0901009 -0.0219380 0.9869667
1532199422.841982 1.6712271 -0.9696268 8.6233940 0.1174139 0.0764708 -0.0171687 0.9899856
1532199423.238800 1.6891227 -0.9666266 8.6882687 0.1082258 0.0734384 -0.0070462 0.9913850
1532199423.586684 1.6940839 -0.9703772 8.7288551 0.1012390 0.0814734 0.0042232 0.9915115
1532199424.282323 1.7322360 -0.9947607 8.8230944 0.1019446 0.0831614 0.0013941 0.9913070
1532199424.729968 1.7652262 -1.0143676 8.8795433 0.0776183 0.1113481 -0.0046547 0.9907348
1532199425.375021 1.7925434 -1.0786204 8.9656229 0.0670513 0.1381261 -0.0046633 0.9881314
1532199425.574487 1.7924458 -1.1121931 8.9974174 0.0840698 0.1276136 0.0163267 0.9881197
1532199425.971383 1.7907552 -1.1573159 9.0709286 0.0867472 0.0998478 0.0201484 0.9910093
1532199426.319500 1.7990971 -1.1868842 9.1278419 0.0886738 0.0942570 -0.0036890 0.9915841
1532199426.616768 1.8137871 -1.2079856 9.1754580 0.0962994 0.1020728 -0.0132400 0.9900163
1532199426.915970 1.8285205 -1.2284310 9.2260723 0.0965504 0.1216660 -0.0136412 0.9877699
1532199427.264086 1.8509963 -1.2426426 9.2897701 0.0993416 0.1259644 -0.0051315 0.9870349
1532199427.711923 1.8762542 -1.2625636 9.3731108 0.1020203 0.1252514 0.0045561 0.9868552
1532199428.208599 1.9084933 -1.2734102 9.4687281 0.0886947 0.1388988 -0.0126636 0.9862454
1532199428.505781 1.9232273 -1.2805697 9.5266399 0.0832902 0.1387646 -0.0141124 0.9867157
1532199428.953536 1.9410080 -1.2952654 9.6062393 0.0838808 0.1369258 0.0026963 0.9870198
1532199429.350480 1.9574136 -1.3105056 9.6794500 0.0863564 0.1311834 0.0016066 0.9875885
1532199429.798309 1.9783773 -1.3249367 9.7722759 0.0809101 0.1193101 -0.0050462 0.9895419
1532199430.294979 1.9997734 -1.3434730 9.8715038 0.0837519 0.1087792 -0.0053592 0.9905170
1532199430.791694 2.0204239 -1.3653905 9.9622221 0.0919253 0.0941215 -0.0155788 0.9911852
1532199431.190624 2.0285263 -1.3838855 10.0317793 0.1073072 0.0736938 -0.0164644 0.9913543
1532199431.786953 2.0418737 -1.3988657 10.1290064 0.1079034 0.0558283 -0.0196351 0.9923984
1532199432.332340 2.0488377 -1.4164900 10.2120733 0.1193752 0.0486281 -0.0386318 0.9909049
1532199432.580629 2.0437412 -1.4245516 10.2526951 0.1276533 0.0387097 -0.0422403 0.9901626
1532199432.780083 2.0414970 -1.4302617 10.2865705 0.1312112 0.0302435 -0.0468081 0.9897868
1532199432.977469 2.0383132 -1.4362850 10.3212185 0.1353510 0.0216825 -0.0514174 0.9892251
1532199433.028372 2.0395875 -1.4365987 10.3289623 0.1370533 0.0174468 -0.0523536 0.9890254
1532199433.276681 2.0351145 -1.4411266 10.3772030 0.1426754 -0.0001744 -0.0559045 0.9881895
1532199433.476147 2.0345347 -1.4419410 10.4161110 0.1428387 -0.0172183 -0.0565467 0.9879793
1532199433.525010 2.0320244 -1.4398916 10.4264250 0.1431926 -0.0210654 -0.0563259 0.9878662
1532199433.673628 2.0303812 -1.4401478 10.4545803 0.1427562 -0.0356365 -0.0562169 0.9875173
1532199433.873090 2.0330100 -1.4372196 10.4918938 0.1459851 -0.0515921 -0.0568287 0.9863048
1532199434.170331 2.0373001 -1.4278195 10.5471516 0.1449148 -0.0609612 -0.0572857 0.9859015
1532199435.014927 2.0582988 -1.4125913 10.6855888 0.1389659 -0.0618400 -0.0472803 0.9872329
1532199435.362913 2.0573781 -1.4114940 10.7358284 0.1462710 -0.0748772 -0.0454729 0.9853580
1532199435.761849 2.0526147 -1.4104710 10.7839794 0.1348957 -0.0820576 -0.0461756 0.9863759
1532199436.407076 2.0580449 -1.4334375 10.8600140 0.1162568 -0.0726835 -0.0549039 0.9890334
1532199436.755059 2.0731750 -1.4670194 10.9046783 0.1085392 -0.0552684 -0.0502637 0.9912811
1532199436.954567 2.0827515 -1.4913096 10.9320107 0.1060841 -0.0427666 -0.0507262 0.9921412
1532199437.152020 2.0907314 -1.5171386 10.9580946 0.1102749 -0.0411346 -0.0550679 0.9915215
1532199437.251766 2.0937095 -1.5315512 10.9715443 0.1144113 -0.0438371 -0.0578032 0.9907811
1532199437.400393 2.0990820 -1.5539258 10.9906874 0.1194779 -0.0478274 -0.0588384 0.9899372
1532199437.551017 2.1051514 -1.5745844 11.0114307 0.1196590 -0.0502050 -0.0564282 0.9899379
1532199437.648730 2.1101236 -1.5871803 11.0250521 0.1189894 -0.0503718 -0.0532701 0.9901851
1532199437.799322 2.1187496 -1.6073246 11.0434265 0.1215514 -0.0483770 -0.0484250 0.9902222
1532199437.848174 2.1220312 -1.6136382 11.0497236 0.1232276 -0.0475468 -0.0467649 0.9901350
1532199437.947901 2.1288521 -1.6252178 11.0633755 0.1262955 -0.0457398 -0.0438947 0.9899650
1532199438.047653 2.1351795 -1.6366175 11.0747557 0.1275039 -0.0438307 -0.0390907 0.9900978
1532199438.147388 2.1421816 -1.6468115 11.0879288 0.1287245 -0.0411140 -0.0354879 0.9901921
1532199438.245083 2.1483679 -1.6585107 11.0972090 0.1309146 -0.0363132 -0.0330212 0.9901779
1532199438.295959 2.1517036 -1.6632625 11.1043482 0.1333667 -0.0335379 -0.0322031 0.9899755
1532199438.395626 2.1600544 -1.6723614 11.1174269 0.1372524 -0.0297092 -0.0296512 0.9896464
1532199438.493332 2.1655486 -1.6824081 11.1273718 0.1402690 -0.0259481 -0.0261722 0.9894273
1532199438.544199 2.1682281 -1.6870966 11.1331844 0.1423089 -0.0238660 -0.0248609 0.9892222
1532199438.643892 2.1736517 -1.6973373 11.1454172 0.1483805 -0.0195888 -0.0217406 0.9884973
1532199439.140527 2.2020235 -1.7409420 11.2276468 0.1476128 -0.0207644 -0.0216364 0.9885905
1532199439.537413 2.2159357 -1.7737204 11.3048868 0.1258934 -0.0122251 -0.0466736 0.9908698
1532199439.985179 2.2194896 -1.8219436 11.3868132 0.1190518 -0.0096616 -0.0612182 0.9909519
1532199440.382186 2.2210014 -1.8555690 11.4663877 0.1147312 -0.0240833 -0.0510879 0.9917897
1532199440.978532 2.2368007 -1.8873676 11.5674639 0.1114355 -0.0226443 -0.0408183 0.9926748
1532199442.219579 2.2598062 -1.9200121 11.7500076 0.1042265 -0.0083220 -0.0081033 0.9944858
1532199445.003931 2.3009098 -2.0064125 12.0520344 0.1137059 0.0139874 -0.0382214 0.9926804
1532199446.792952 2.3527861 -2.0428584 12.2747631 0.1322367 0.0023360 -0.0083698 0.9911801
1532199448.035428 2.3531222 -2.0653253 12.4493237 0.1237650 -0.0205612 -0.0126868 0.9920174
1532199449.973300 2.3405118 -2.1418293 12.6367464 0.1242626 -0.0201494 -0.0209607 0.9918233
1532199450.868794 2.3207660 -2.1429346 12.7481422 0.1124254 -0.0586000 -0.0475516 0.9907903
1532199451.713082 2.2994452 -2.1044588 12.8448009 0.1021234 -0.0492021 -0.0417119 0.9926783
1532199452.109782 2.2834101 -2.0742650 12.8963413 0.0860679 -0.0507391 -0.0403963 0.9941761
1532199452.406858 2.2672143 -2.0494549 12.9383154 0.0768048 -0.0575534 -0.0452125 0.9943563
1532199452.655068 2.2525873 -2.0285351 12.9737453 0.0709790 -0.0684342 -0.0421967 0.9942325
1532199452.954167 2.2373807 -2.0046060 13.0135536 0.0598519 -0.0645075 -0.0410617 0.9952741
1532199453.401802 2.2074158 -1.9721379 13.0546236 0.0376729 -0.0416478 -0.0533471 0.9969956
1532199453.947246 2.1653504 -1.9525207 13.0906172 0.0005525 -0.0082328 -0.0653275 0.9978298
1532199454.394948 2.1257808 -1.9555492 13.1286888 0.0063981 -0.0214412 -0.0412571 0.9988980
1532199455.090897 2.0727243 -1.9256799 13.2031965 -0.0012240 -0.0013250 -0.0371679 0.9993075
1532199455.587493 2.0193629 -1.9011693 13.2776918 -0.0013399 -0.0059253 -0.0272317 0.9996107
1532199456.083965 1.9667101 -1.8768015 13.3665829 0.0006460 -0.0277988 -0.0231825 0.9993445
1532199456.506187 1.9368876 -1.8705180 13.4424210 0.0090674 -0.0401706 -0.0034867 0.9991456
1532199456.928495 1.9114059 -1.8705393 13.5302143 0.0287219 -0.0433399 0.0029008 0.9986432
1532199457.524561 1.8564497 -1.8676836 13.6406574 0.0495495 -0.0649781 0.0097914 0.9966077
1532199458.071898 1.7870412 -1.8697896 13.7321434 0.0868648 -0.0874345 0.0052075 0.9923621
1532199458.468667 1.7370218 -1.8562785 13.8004913 0.0897156 -0.1135549 0.0044288 0.9894629
1532199458.916354 1.6890504 -1.8340350 13.8797398 0.1030094 -0.1233924 -0.0108670 0.9869373
1532199459.561277 1.6080744 -1.8235354 13.9932938 0.1259228 -0.1404557 -0.0093291 0.9820024
1532199460.356666 1.4866011 -1.7798979 14.1069202 0.1411824 -0.1956072 -0.0345916 0.9698499
1532199461.249927 1.3869449 -1.7291267 14.2389345 0.1434586 -0.2384368 -0.0310409 0.9600021
1532199463.335077 1.2085338 -1.8042257 14.4357414 0.1791750 -0.2392542 -0.0982455 0.9492111
1532199465.720296 1.0339230 -1.8002276 14.6486626 0.1880715 -0.2664914 -0.0512172 0.9439217
1532199467.311749 0.8349352 -1.8032150 14.9006376 0.1733874 -0.2910265 -0.0607835 0.9389067
1532199469.049626 0.5805588 -1.8144629 15.0768375 0.1741074 -0.3216572 -0.0268184 0.9303247
1532199469.993846 0.4075313 -1.8250399 15.2091255 0.1691926 -0.3620894 -0.0834897 0.9128497
1532199471.037801 0.2521424 -1.7977464 15.3267202 0.1839238 -0.3860224 -0.1146504 0.8966683
1532199472.278693 0.0599031 -1.7625387 15.4624720 0.2029664 -0.3995509 -0.1080605 0.8874044
1532199473.271259 -0.1276569 -1.7949474 15.5785589 0.1955026 -0.4565590 -0.1194277 0.8596916
1532199474.266497 -0.2798090 -1.8185517 15.6925049 0.1885759 -0.4767272 -0.1433048 0.8465424
1532199476.002900 -0.4739227 -1.8318124 15.8626308 0.1611687 -0.4820737 -0.1428767 0.8492443
1532199478.039772 -0.7491813 -1.9178476 16.0648308 0.1650344 -0.4975534 -0.1543697 0.8374809
1532199480.176073 -1.0348530 -1.9694958 16.2426357 0.1876975 -0.5355532 -0.1664284 0.8063833
1532199481.864567 -1.3093977 -1.9070755 16.3301888 0.1544906 -0.5722895 -0.1822106 0.7844851
1532199483.205513 -1.5418787 -1.9335850 16.2532711 0.1487364 -0.6299207 -0.1662643 0.7439312
1532199484.249161 -1.6871796 -1.9465892 16.1536484 0.1269852 -0.6906129 -0.1955920 0.6845965
1532199485.290874 -1.8170509 -1.9563758 16.0933399 0.1515278 -0.7265652 -0.2066184 0.6375353
1532199486.285802 -1.9690380 -1.9210706 15.9740505 0.1345990 -0.7849511 -0.2027044 0.5697770
1532199486.831382 -2.0468197 -1.8767366 15.8785610 0.0913133 -0.8361626 -0.2347949 0.4872015
1532199488.768745 -2.3248005 -1.8099487 15.7458830 0.0901007 -0.7975377 -0.2583140 0.5376704
1532199490.011876 -2.3816204 -1.6704049 15.5970545 0.1153493 -0.8043787 -0.2776681 0.5124156
1532199490.756458 -2.3702583 -1.6425147 15.4757452 0.1447843 -0.8245754 -0.2593414 0.4815132
1532199491.104385 -2.3551769 -1.6448150 15.4121380 0.1479708 -0.8376066 -0.2400550 0.4678605
1532199491.352586 -2.3504581 -1.6418724 15.3926983 0.1518062 -0.8444657 -0.2356305 0.4564109
1532199492.048570 -2.3206081 -1.6387634 15.3284168 0.1411435 -0.8642895 -0.2188134 0.4303519
1532199492.941356 -2.2697678 -1.6045232 15.2594261 0.1226064 -0.8822256 -0.2240308 0.3955452
1532199494.183977 -2.2104340 -1.5732574 15.1788044 0.1552120 -0.8891796 -0.2330113 0.3619040
1532199496.368701 -2.4182510 -1.4653311 14.9767485 0.1088041 -0.8965821 -0.2309423 0.3618950
1532199496.816187 -2.4831276 -1.4634106 14.8694143 0.0789524 -0.9125223 -0.2002862 0.3477860
1532199496.964664 -2.5025063 -1.4619772 14.8354235 0.0747102 -0.9197669 -0.1870028 0.3368638
1532199497.161900 -2.5201778 -1.4602163 14.7850180 0.0649299 -0.9286156 -0.1720096 0.3222886
1532199497.361218 -2.5342503 -1.4594877 14.7354441 0.0546806 -0.9376117 -0.1631740 0.3021069
1532199497.660188 -2.5557623 -1.4450080 14.6581039 0.0467521 -0.9485694 -0.1585277 0.2699988
1532199497.957142 -2.5809212 -1.4414637 14.5896988 0.0486902 -0.9546321 -0.1446141 0.2557217
1532199498.256118 -2.6110945 -1.4206307 14.5240002 0.0363256 -0.9606020 -0.1388866 0.2379808
1532199498.504276 -2.6334934 -1.3892057 14.4668188 0.0350376 -0.9625722 -0.1489868 0.2236741
1532199499.100128 -2.6990919 -1.3269389 14.3331585 0.0387358 -0.9643995 -0.1750787 0.1943725
1532199499.248594 -2.7071800 -1.3213990 14.2972288 0.0344510 -0.9680430 -0.1664164 0.1844220
1532199499.397077 -2.7222214 -1.3096659 14.2661800 0.0237504 -0.9723442 -0.1542556 0.1737466
1532199499.445892 -2.7250671 -1.3101230 14.2552719 0.0197342 -0.9731981 -0.1511650 0.1721779
1532199499.696213 -2.7390881 -1.2966647 14.2039709 0.0074184 -0.9778391 -0.1302146 0.1637682
1532199499.745047 -2.7437010 -1.2981082 14.1959181 0.0053875 -0.9786007 -0.1274538 0.1614530
1532199499.944469 -2.7538843 -1.2882491 14.1601067 0.0027606 -0.9795716 -0.1226885 0.1593090
1532199500.092995 -2.7663565 -1.2822205 14.1374664 0.0008832 -0.9792612 -0.1240402 0.1601896
1532199500.141834 -2.7710342 -1.2799931 14.1310148 0.0005117 -0.9791386 -0.1239921 0.1609763
1532199500.341225 -2.7856493 -1.2635241 14.0976353 0.0009623 -0.9799629 -0.1166622 0.1614362
1532199500.390028 -2.7881956 -1.2615397 14.0888577 -0.0002089 -0.9805574 -0.1137446 0.1599044
1532199500.440935 -2.7928581 -1.2580689 14.0807667 -0.0017086 -0.9814763 -0.1100912 0.1567842
1532199500.837691 -2.8107462 -1.2405113 14.0043516 -0.0126616 -0.9860435 -0.1025109 0.1305734
1532199501.185663 -2.8350344 -1.2162565 13.9449635 0.0032025 -0.9859845 -0.1186608 0.1172343
1532199501.533647 -2.8632851 -1.2182682 13.8954735 0.0065289 -0.9869705 -0.1131096 0.1142487
1532199502.378074 -2.9197187 -1.2625905 13.7768612 0.0148821 -0.9922031 -0.0894937 0.0854540
1532199504.115601 -2.9685793 -1.2159567 13.5134716 0.0262135 -0.9956320 -0.0794885 0.0413693
1532199504.662834 -3.0063558 -1.1816431 13.3620501 0.0329207 -0.9952917 -0.0778227 0.0474802
1532199504.711673 -3.0213351 -1.1948034 13.3451834 0.0358210 -0.9950197 -0.0817160 0.0444426
1532199504.811399 -3.0179515 -1.1853572 13.3140659 0.0416392 -0.9946949 -0.0831143 0.0440487
1532199504.959905 -3.0185862 -1.1846161 13.2638540 0.0466285 -0.9943231 -0.0882294 0.0369193
1532199505.307805 -3.0412588 -1.1670896 13.1703014 0.0391445 -0.9947672 -0.0913576 0.0236561
1532199505.804296 -3.0610752 -1.1245058 13.0619507 0.0521668 -0.9914079 -0.1081145 0.0519643
1532199505.904015 -3.0674701 -1.1195290 13.0390015 0.0586075 -0.9900056 -0.1164943 0.0536951
1532199506.251889 -3.0788555 -1.0952356 12.9545317 0.0720748 -0.9874973 -0.1295554 0.0535699
1532199506.302669 -3.0753856 -1.0873108 12.9432278 0.0718449 -0.9875155 -0.1296919 0.0532114
1532199506.550511 -3.0766430 -1.0735919 12.8756447 0.0704055 -0.9870199 -0.1343547 0.0527601
1532199506.897954 -3.0806904 -1.0398486 12.7870102 0.0696692 -0.9855533 -0.1464490 0.0488231
1532199507.393711 -3.0766082 -0.9923811 12.6710463 0.0781965 -0.9853226 -0.1470495 0.0374322
1532199507.542055 -3.0860782 -0.9776747 12.6387358 0.0804182 -0.9845662 -0.1513183 0.0355693
1532199507.741235 -3.0993319 -0.9553442 12.5941744 0.0808221 -0.9824129 -0.1633021 0.0408063
1532199507.790014 -3.1043053 -0.9440999 12.5873785 0.0820378 -0.9818504 -0.1651449 0.0443488
1532199508.038131 -3.1259403 -0.9186277 12.5353117 0.0856638 -0.9780986 -0.1763299 0.0699466
1532199508.286406 -3.1455469 -0.8940969 12.4848137 0.0838830 -0.9799628 -0.1662278 0.0707448
1532199508.782950 -3.1787314 -0.8426013 12.3861303 0.0994345 -0.9781212 -0.1674137 0.0732413
1532199509.031230 -3.1921849 -0.8068337 12.3403854 0.1028235 -0.9761760 -0.1765158 0.0731433
1532199509.279550 -3.2013326 -0.7694268 12.2848148 0.1045766 -0.9755603 -0.1798057 0.0708219
1532199509.578801 -3.2036991 -0.7256470 12.2138538 0.1125757 -0.9757674 -0.1709927 0.0772412
1532199509.875900 -3.1970658 -0.6853046 12.1502342 0.1216005 -0.9776364 -0.1580390 0.0668138
1532199510.223916 -3.1966233 -0.6387305 12.0895071 0.1183239 -0.9796569 -0.1576019 0.0378608
1532199510.720357 -3.2286768 -0.5872600 12.0118952 0.0965394 -0.9824842 -0.1535488 0.0427533
1532199511.218852 -3.2623405 -0.5431888 11.9222994 0.1004150 -0.9845285 -0.1366989 0.0439770
1532199512.063307 -3.3271594 -0.4794936 11.7800770 0.1119971 -0.9840490 -0.1164945 0.0743857
1532199512.808250 -3.3247876 -0.4741392 11.6329670 0.1189632 -0.9857852 -0.0998698 0.0640420
1532199513.553190 -3.3057361 -0.5109842 11.4887943 0.1196958 -0.9891028 -0.0788457 0.0336439
1532199514.546850 -3.3338032 -0.5195832 11.2665205 0.1105857 -0.9891666 -0.0886339 0.0382679
1532199515.789905 -3.3709249 -0.4260569 11.0246096 0.1268819 -0.9818349 -0.1276231 0.0601124
1532199517.130846 -3.3715072 -0.3253644 10.7738562 0.1528821 -0.9765166 -0.1399669 0.0587517
1532199518.471783 -3.3162601 -0.2684550 10.5276022 0.1458594 -0.9832908 -0.1080920 0.0134311
1532199520.012133 -3.3309040 -0.1448650 10.1435213 0.1212492 -0.9794877 -0.1454791 0.0688366
1532199521.005168 -3.3159480 -0.1353550 9.8909454 0.1672992 -0.9734903 -0.1240605 0.0945341
1532199521.998134 -3.2678633 -0.1487958 9.6606865 0.1187042 -0.9808681 -0.1142659 0.1036845
1532199523.241691 -3.2351184 -0.1693084 9.3996048 0.0873321 -0.9865602 -0.1081069 0.0859357
1532199524.682575 -3.3349838 -0.1780148 9.1468430 0.0823790 -0.9822239 -0.0969264 0.1380402
1532199526.469936 -3.4563093 -0.1666572 8.8062153 0.0996558 -0.9710374 -0.1005596 0.1924655
1532199528.606913 -3.5486555 -0.1217995 8.4957514 0.0909901 -0.9694148 -0.1021349 0.2037750
1532199534.916742 -3.6483831 -0.1382976 8.2147655 0.1471194 -0.9621779 -0.1181914 0.1964698
1532199535.712786 -3.6628823 -0.1903026 8.1407461 0.1845571 -0.9622748 -0.1238915 0.1568973
1532199535.761641 -3.6644211 -0.1975265 8.1331367 0.1847778 -0.9623763 -0.1234220 0.1563842
1532199536.060773 -3.6886315 -0.2300334 8.0912704 0.1715893 -0.9654975 -0.1115348 0.1610332
1532199536.854193 -3.7748938 -0.2739921 7.9977431 0.1542276 -0.9674175 -0.1057674 0.1706764
1532199538.742156 -3.9769249 -0.2742937 7.8254867 0.1773834 -0.9650909 -0.1119923 0.1568198
1532199540.678063 -4.1354580 -0.2888682 7.5384979 0.1447328 -0.9736148 -0.1131297 0.1353825
1532199543.558995 -4.2447653 -0.2118974 7.0929837 0.1461984 -0.9800780 -0.0912191 0.0987535
1532199545.992279 -4.2699580 -0.2121069 6.7391386 0.1343401 -0.9825304 -0.1109108 0.0654648
1532199547.779668 -4.3455215 -0.2461319 6.4392366 0.1606189 -0.9744614 -0.1164610 0.1051830
1532199548.723808 -4.3619494 -0.2913051 6.2943573 0.1550655 -0.9782915 -0.0928065 0.1014274
1532199549.468284 -4.3852010 -0.3057230 6.1708274 0.1711789 -0.9755901 -0.0855508 0.1077166
1532199550.264377 -4.4266543 -0.3205526 6.0470486 0.1795720 -0.9704586 -0.0787062 0.1406036
1532199550.860847 -4.4427738 -0.3405981 5.9615088 0.1718969 -0.9722542 -0.0905239 0.1303022
1532199551.308654 -4.4567237 -0.3677731 5.8910084 0.1747305 -0.9716003 -0.0836399 0.1358914
1532199551.854084 -4.4811683 -0.3945644 5.8205962 0.1848900 -0.9655872 -0.0763746 0.1662047
1532199552.798409 -4.5023017 -0.4076190 5.7347565 0.1433895 -0.9719101 -0.0879858 0.1645865
1532199554.139517 -4.5495834 -0.4145403 5.6060729 0.1171867 -0.9688306 -0.1051689 0.1912433
1532199554.190391 -4.5510488 -0.4150627 5.6020551 0.1180504 -0.9683235 -0.1058981 0.1928713
1532199555.134770 -4.5781288 -0.4494135 5.4937105 0.1368112 -0.9694518 -0.0830924 0.1858537
1532199555.631175 -4.5916743 -0.4759176 5.4333315 0.1481528 -0.9703247 -0.0798137 0.1736393
1532199555.879530 -4.5936341 -0.4892259 5.4075413 0.1511398 -0.9708886 -0.0686696 0.1726754
1532199556.176606 -4.5953174 -0.5037547 5.3785667 0.1592031 -0.9696620 -0.0580958 0.1761673
1532199556.672994 -4.6012559 -0.5217764 5.3287840 0.1840020 -0.9646953 -0.0582950 0.1791868
1532199557.717224 -4.6350946 -0.5353663 5.2286196 0.1605237 -0.9643744 -0.0955901 0.1872879
1532199558.861303 -4.6910224 -0.5712659 5.1453252 0.1331064 -0.9633162 -0.0942048 0.2131432
1532199560.002945 -4.7786660 -0.5924487 5.0395417 0.1193895 -0.9615132 -0.1076918 0.2228028
1532199561.991379 -4.8691435 -0.5980419 4.8890667 0.1109045 -0.9681843 -0.1365436 0.1779752
1532199563.183602 -4.9123731 -0.6090411 4.7951794 0.0819854 -0.9734197 -0.1263224 0.1725547
1532199563.828785 -4.9284606 -0.6156245 4.7383561 0.0894198 -0.9771575 -0.1281860 0.1439994
1532199564.524714 -4.9359994 -0.6322013 4.6858883 0.0773747 -0.9783295 -0.1369357 0.1346595
1532199564.972467 -4.9295411 -0.6443749 4.6546655 0.0662317 -0.9833996 -0.1247391 0.1139239
1532199565.517871 -4.9197774 -0.6353124 4.6242599 0.0483006 -0.9838674 -0.1590611 0.0661186
1532199566.065302 -4.9178762 -0.6150701 4.5919061 0.0841117 -0.9753060 -0.2012977 0.0343903
1532199566.562017 -4.9146471 -0.5970728 4.5466304 0.0628407 -0.9793189 -0.1922205 0.0060692
1532199566.910087 -4.9137559 -0.5919063 4.5093603 -0.0414656 0.9793623 0.1974928 0.0112547
1532199567.655124 -4.9054842 -0.5893356 4.4356275 -0.0343249 0.9795065 0.1963710 0.0287627
1532199568.400254 -4.9144258 -0.5867803 4.3542066 -0.0380361 0.9767874 0.2047916 0.0499991
1532199569.544417 -4.9454322 -0.5925570 4.2848530 0.0014609 0.9768791 0.2102373 0.0388004
1532199571.084503 -4.9436316 -0.5179406 4.1684818 0.0032464 0.9648293 0.2425595 0.1012863
1532199572.574409 -4.9166737 -0.5262339 4.0830178 -0.0134347 0.9552935 0.2464255 0.1628139
1532199573.170750 -4.9047594 -0.5658805 4.0211616 -0.0233326 0.9498857 0.2465037 0.1908106
1532199573.866726 -4.9183030 -0.5943618 3.9264240 -0.0671704 0.9429007 0.2503466 0.2091720
1532199574.611369 -4.9431152 -0.6429555 3.8551846 -0.0609857 0.9362738 0.2787507 0.2048661
1532199575.406860 -4.9272699 -0.6852477 3.7908778 -0.0553987 0.9350742 0.2661493 0.2274465
1532199575.852386 -4.9027252 -0.6782882 3.7260199 -0.0539830 0.9268742 0.2549592 0.2701594
1532199576.251120 -4.8799324 -0.6682372 3.6667933 -0.0416355 0.9124284 0.2434342 0.3263138
1532199576.996040 -4.8743973 -0.6584811 3.5517144 -0.0421653 0.9059457 0.2579875 0.3330570
1532199577.988939 -4.8523622 -0.6254878 3.4177365 -0.0172628 0.8918505 0.2549625 0.3732276
1532199579.480239 -4.7402391 -0.5927203 3.3074894 -0.0202828 0.8785365 0.2640630 0.3975335
1532199580.324325 -4.6223984 -0.5802457 3.2447395 -0.0125609 0.8764653 0.2505328 0.4109552
1532199580.721189 -4.5553102 -0.5552298 3.2004085 0.0164715 0.8722013 0.2469340 0.4219210
1532199580.969497 -4.5141068 -0.5288882 3.1692810 0.0050363 0.8711554 0.2451901 0.4253759
1532199581.266648 -4.4691973 -0.4942087 3.1254816 -0.0250653 0.8753056 0.2422794 0.4177470
1532199581.516984 -4.4334760 -0.4704602 3.0853968 -0.0305535 0.8838074 0.2373565 0.4020111
1532199581.814072 -4.3848901 -0.4412401 3.0475926 -0.0171372 0.8877755 0.2223669 0.4026337
1532199582.062293 -4.3471112 -0.4141352 3.0236688 -0.0244975 0.8896725 0.2146911 0.4022318
1532199582.509857 -4.2865553 -0.3649620 2.9848042 -0.0335743 0.8907865 0.2014279 0.4059545
1532199582.806950 -4.2517419 -0.3299327 2.9561124 -0.0373458 0.8922533 0.2019974 0.4021026
1532199583.106042 -4.2154846 -0.2972995 2.9282818 -0.0354756 0.8928157 0.1991932 0.4024223
1532199583.502786 -4.1727762 -0.2580059 2.8946099 -0.0319029 0.8915760 0.2005747 0.4047770
1532199583.850632 -4.1313028 -0.2240131 2.8644667 -0.0265973 0.8886044 0.2122668 0.4057310
1532199584.098776 -4.1003413 -0.2011037 2.8420119 -0.0245773 0.8874097 0.2204513 0.4041054
1532199584.298139 -4.0741973 -0.1864038 2.8226414 -0.0212150 0.8877510 0.2210581 0.4032137
1532199584.495445 -4.0464287 -0.1747762 2.8026867 -0.0196458 0.8901232 0.2181859 0.3996118
1532199585.042679 -3.9759464 -0.1474944 2.7428246 -0.0313336 0.8931940 0.1990780 0.4019836
1532199585.687427 -3.8999090 -0.1145637 2.6681385 -0.0421491 0.8912452 0.2048310 0.4024297
1532199585.986370 -3.8616483 -0.1054676 2.6396480 -0.0406298 0.8890893 0.2048982 0.4072913
1532199586.234496 -3.8295400 -0.0996345 2.6179223 -0.0424916 0.8873593 0.2029647 0.4118169
1532199586.582334 -3.7844396 -0.0889298 2.5843549 -0.0530285 0.8878446 0.2064284 0.4078079
1532199586.779627 -3.7556853 -0.0846050 2.5604615 -0.0589832 0.8912821 0.2011509 0.4020890
1532199587.027686 -3.7202067 -0.0792569 2.5278726 -0.0729077 0.8930489 0.1930147 0.3998668
1532199587.226978 -3.6917424 -0.0731927 2.5005665 -0.0856420 0.8920510 0.1947468 0.3987282
1532199587.426462 -3.6626391 -0.0682279 2.4707704 -0.0890691 0.8920504 0.1995956 0.3955684
1532199587.674824 -3.6263838 -0.0647576 2.4348335 -0.0891737 0.8933389 0.2013108 0.3917496
1532199587.823442 -3.6041172 -0.0619355 2.4135590 -0.0883746 0.8953906 0.1978883 0.3889805
1532199587.972083 -3.5823107 -0.0605851 2.3952169 -0.0809049 0.8967087 0.2031446 0.3848378
1532199588.171609 -3.5524199 -0.0604281 2.3737736 -0.0636952 0.8962572 0.2141999 0.3831246
1532199588.271386 -3.5369916 -0.0611582 2.3650384 -0.0586860 0.8968021 0.2158702 0.3817094
1532199588.468904 -3.5090683 -0.0619854 2.3480101 -0.0568111 0.8978975 0.2126173 0.3812434
1532199588.619592 -3.4883955 -0.0612203 2.3350778 -0.0616036 0.8971682 0.2085554 0.3844463
1532199589.065478 -3.4371014 -0.0553832 2.2866750 -0.0692126 0.8989514 0.2014213 0.3827864
1532199589.364809 -3.4088073 -0.0517139 2.2539263 -0.0628743 0.9005836 0.2081863 0.3763700
1532199589.661987 -3.3827672 -0.0463746 2.2192531 -0.0632441 0.9022533 0.2136062 0.3692041
1532199590.109710 -3.3326747 -0.0378011 2.1690636 -0.0507377 0.9039723 0.2138182 0.3667990
1532199590.657150 -3.2639086 -0.0257485 2.1059127 -0.0435678 0.9041960 0.2223743 0.3620513
1532199591.401496 -3.2160912 -0.0089626 2.0175791 -0.0499778 0.9134299 0.2166364 0.3409058
1532199591.600801 -3.2094722 -0.0058268 1.9957261 -0.0539544 0.9171852 0.2125484 0.3326913
1532199592.196717 -3.1570411 -0.0004179 1.9412947 -0.0406841 0.8993003 0.2547953 0.3531052
1532199592.593532 -3.1232681 -0.0028765 1.8904560 -0.0298936 0.8961149 0.2441078 0.3694535
1532199593.041273 -3.1111639 -0.0021474 1.8166420 -0.0268437 0.9048158 0.2422625 0.3491371
1532199593.537682 -3.1025712 0.0094165 1.7352138 -0.0566175 0.9268690 0.1919699 0.3175779
1532199594.629881 -3.0232980 0.0746424 1.5815580 -0.0580128 0.9379095 0.1722416 0.2954541
1532199595.325746 -2.9263701 0.1003063 1.4754355 -0.0495858 0.9431033 0.1769338 0.2771137
1532199595.673671 -2.8665318 0.1003641 1.4243836 -0.0568188 0.9422970 0.1683244 0.2837515
1532199596.019223 -2.8070507 0.0942948 1.3761435 -0.0673724 0.9402841 0.1527881 0.2966185
1532199596.418144 -2.7379732 0.0837440 1.3147566 -0.0528411 0.9411288 0.1520396 0.2972682
1532199596.914623 -2.6691992 0.0827456 1.2456338 -0.0456378 0.9393911 0.1572935 0.3011981
1532199597.659331 -2.5864680 0.0950409 1.1539345 -0.0185268 0.9439048 0.1636603 0.2862095
1532199598.106997 -2.5321047 0.0984275 1.1192939 -0.0291066 0.9346002 0.1604213 0.3161334
1532199598.702974 -2.4633207 0.1039519 1.0583768 -0.0114072 0.9272485 0.1683586 0.3342685
1532199599.496600 -2.3957567 0.1234289 0.9589663 -0.0174926 0.9286700 0.1605935 0.3338799
1532199600.492244 -2.3046403 0.1480998 0.8527031 -0.0121191 0.9275755 0.1696479 0.3326808
1532199601.336710 -2.2290821 0.1650298 0.7682493 -0.0000872 0.9279664 0.1619389 0.3356401
1532199602.280620 -2.1499717 0.2001152 0.6615083 -0.0008418 0.9288440 0.1582005 0.3349935
1532199602.677391 -2.1115744 0.2110503 0.6323335 -0.0079498 0.9246140 0.1535764 0.3484824
1532199603.025344 -2.0690823 0.2182583 0.6190369 -0.0152361 0.9135870 0.1455929 0.3793802
1532199603.473013 -2.0192626 0.2232994 0.5948598 -0.0011982 0.9101508 0.1494431 0.3863818
1532199604.217827 -1.9567559 0.2511023 0.5314298 -0.0060913 0.9050716 0.1847651 0.3829754
1532199604.614605 -1.9227757 0.2557220 0.5058441 -0.0092037 0.8967280 0.1817812 0.4034226
1532199605.658437 -1.8552446 0.2878968 0.4007099 -0.0299164 0.8944306 0.1904351 0.4035261
1532199606.502689 -1.7850713 0.3248581 0.3150752 -0.0096223 0.8927976 0.2066906 0.4001234
1532199607.098752 -1.7261430 0.3453470 0.2706745 -0.0087347 0.8883429 0.2043506 0.4111100
1532199608.339464 -1.6422650 0.3786140 0.1827638 0.0054603 0.8863751 0.2053941 0.4148766
1532199609.531090 -1.5607455 0.3865050 0.1100105 0.0011184 0.8792185 0.1938747 0.4351852
1532199611.367604 -1.4437413 0.4402842 -0.0224534 -0.0193000 0.8742729 0.2092133 0.4376120
1532199612.957374 -1.3413100 0.4884882 -0.0776440 -0.0083824 0.8628851 0.2089278 0.4601178
1532199613.502649 -1.3230504 0.5056648 -0.0721278 -0.0121894 0.8538663 0.2017371 0.4796518
1532199613.950284 -1.3081219 0.5203162 -0.0681897 0.0013401 0.8386454 0.2080269 0.5033855
1532199614.794642 -1.2622093 0.5616585 -0.1071935 0.0077597 0.8319333 0.2030265 0.5163400
1532199615.490561 -1.2208140 0.6109274 -0.1392418 -0.0048024 0.8179304 0.2073264 0.5366400
1532199616.135555 -1.1672716 0.6412134 -0.1546985 -0.0241850 0.7897253 0.2287251 0.5687125
1532199617.228188 -1.0647811 0.6562638 -0.1462905 -0.0470800 0.7349672 0.2507836 0.6282629
1532199618.371891 -0.9383228 0.6685537 -0.1492627 -0.0372931 0.6852954 0.2459489 0.6844624
1532199619.961137 -0.7575517 0.7453939 -0.1145372 -0.0682891 0.6445057 0.2061663 0.7331061
1532199621.053782 -0.5664890 0.7671735 -0.1682161 -0.0578337 0.6273421 0.2162563 0.7458756
1532199622.294960 -0.4021358 0.7737091 -0.2169598 -0.0620381 0.6112686 0.2075591 0.7611973
1532199623.934647 -0.2337314 0.8103552 -0.2466927 -0.0556514 0.5614780 0.2043018 0.7999413
1532199625.871971 -0.1280152 0.8429037 -0.3113814 -0.0201661 0.5523897 0.1966003 0.8098193
1532199627.462727 -0.2244427 0.7179191 -0.3268861 -0.0033918 0.4975061 0.1588722 0.8527812
1532199629.696148 -0.1225695 0.7383261 -0.2979424 -0.0037513 0.4596979 0.0901570 0.8834792
1532199629.944371 -0.1190120 0.6875267 -0.2582973 -0.0165969 0.4355417 0.0872036 0.8957810
1532199630.591118 -0.1157856 0.6343125 -0.1807174 -0.0040669 0.3711563 0.0807857 0.9250407
1532199631.087435 -0.1181216 0.5844504 -0.1361966 -0.0178916 0.3282910 0.0671244 0.9420187
1532199631.235929 -0.1228457 0.5677442 -0.1249283 -0.0184028 0.3165482 0.0592651 0.9465444
1532199631.880814 -0.1204300 0.4969125 -0.0891102 -0.0204884 0.2894418 0.0368726 0.9562657
1532199632.129005 -0.1240433 0.4742102 -0.0798601 -0.0242578 0.2720591 0.0275920 0.9615790
1532199632.527766 -0.1219158 0.4301423 -0.0639229 -0.0146725 0.2569590 0.0195030 0.9661141
1532199633.073161 -0.1178800 0.3622243 -0.0358303 -0.0098960 0.2536555 -0.0156169 0.9671179
1532199633.569546 -0.1223369 0.3124944 -0.0023706 -0.0045787 0.2250540 -0.0413125 0.9734593
1532199634.017300 -0.1158169 0.2704073 0.0397276 0.0023334 0.2131588 -0.0692106 0.9745603
1532199634.316496 -0.1063343 0.2484121 0.0681807 -0.0055776 0.1924608 -0.0885197 0.9772881
1532199634.912798 -0.1028447 0.1965602 0.1082119 0.0177302 0.1780683 -0.0934506 0.9794102
1532199637.743656 -0.0576042 0.0393208 0.3368842 0.0345097 0.0648339 -0.0427148 0.9963840
1532199638.390763 -0.0614033 -0.0016903 0.3976155 0.0356621 0.0440616 -0.0453594 0.9973612
1532199638.488404 -0.0713136 -0.0165396 0.4090383 0.0366628 0.0462282 -0.0446985 0.9972567
1532199639.332951 -0.0737929 -0.0527981 0.4625703 0.0583580 0.0190532 -0.0452594 0.9970872
1532199640.079960 -0.0426739 -0.0814372 0.5567107 0.0692712 -0.0095058 -0.0370254 0.9968652
1532199640.576454 -0.0147120 -0.0996496 0.6181862 0.0868815 -0.0136286 -0.0063363 0.9961053
1532199641.369981 0.0130819 -0.1109636 0.6869503 0.1048507 -0.0076754 0.0175777 0.9943030
1532199642.265267 0.0314081 -0.1262926 0.7707757 0.1143769 -0.0178566 -0.0034480 0.9932709
1532199646.088349 0.1313740 -0.1208000 0.9556983 0.0648200 0.0149520 -0.0054408 0.9977701
1532199647.229334 0.1342996 -0.1349366 1.0095088 0.0673752 -0.0069225 -0.0160561 0.9975745
1532199649.163966 0.1818501 -0.1457567 1.1623621 0.0438893 -0.0193982 0.0062420 0.9988286
1532199649.759245 0.1861846 -0.1565457 1.2105908 0.0507877 -0.0219876 0.0046640 0.9984565
1532199650.505718 0.2055764 -0.1642258 1.2632561 0.0541044 -0.0217004 0.0029804 0.9982950
1532199652.294708 0.2551089 -0.2031248 1.3622706 0.0583031 -0.0042939 -0.0003134 0.9982896
1532199652.940022 0.2389842 -0.2217003 1.4005460 0.0562612 -0.0139922 -0.0101964 0.9982660
1532199653.287941 0.2214785 -0.2340307 1.4249443 0.0628514 -0.0240274 -0.0107430 0.9976758
1532199654.181804 0.2186126 -0.2459916 1.5028213 0.0634870 -0.0230140 -0.0136937 0.9976233
1532199654.430246 0.2242406 -0.2457236 1.5283318 0.0633714 -0.0236887 -0.0193722 0.9975207
1532199655.374802 0.2330488 -0.2494557 1.6249505 0.0547921 -0.0223180 -0.0292342 0.9978202
1532199655.574252 0.2325185 -0.2510716 1.6460962 0.0540633 -0.0207451 -0.0303577 0.9978603
1532199655.773733 0.2337816 -0.2524663 1.6664457 0.0496614 -0.0184497 -0.0288865 0.9981778
1532199656.716151 0.2440221 -0.2641565 1.7602470 0.0474745 -0.0139626 -0.0224121 0.9985234
1532199657.908886 0.2599533 -0.2528590 1.8979137 0.0563440 -0.0077861 -0.0159562 0.9982536
1532199658.157233 0.2589719 -0.2487715 1.9267160 0.0526009 -0.0074429 -0.0175635 0.9984334
1532199658.853352 0.2651932 -0.2388603 2.0139592 0.0516632 0.0004189 -0.0261428 0.9983222
1532199659.101761 0.2718042 -0.2395415 2.0480578 0.0523953 0.0059572 -0.0259434 0.9982716
1532199661.040087 0.3095996 -0.2426505 2.2349293 0.0237661 0.0472878 -0.0317862 0.9980925
1532199661.090941 0.3117763 -0.2455118 2.2397816 0.0254160 0.0510518 -0.0302288 0.9979149
1532199661.190628 0.3179944 -0.2490236 2.2497947 0.0294087 0.0562732 -0.0256421 0.9976527
1532199661.438887 0.3222469 -0.2595031 2.2733490 0.0337365 0.0588666 -0.0168831 0.9975528
1532199661.786992 0.3261284 -0.2637254 2.3092573 0.0336607 0.0667763 -0.0207780 0.9969835
1532199662.135107 0.3289053 -0.2596786 2.3486335 0.0334192 0.0704513 -0.0185803 0.9967821
1532199662.332541 0.3314334 -0.2545268 2.3728244 0.0327154 0.0726932 -0.0189854 0.9966368
1532199662.779754 0.3322544 -0.2462958 2.4242609 0.0342643 0.0746874 -0.0185878 0.9964448
1532199663.076472 0.3328343 -0.2426031 2.4571965 0.0333741 0.0735079 -0.0234939 0.9964592
1532199664.667509 0.3490862 -0.2091838 2.6393738 0.0239500 0.0721166 -0.0113814 0.9970437
1532199664.765172 0.3515280 -0.2085224 2.6459792 0.0220843 0.0718522 -0.0134841 0.9970796
1532199664.964530 0.3519947 -0.2077591 2.6586375 0.0226237 0.0714896 -0.0143167 0.9970820
1532199666.056974 0.3440722 -0.2104854 2.6889100 0.0312233 0.0555497 -0.0092074 0.9979252
1532199666.107810 0.3462732 -0.2133278 2.6922500 0.0311332 0.0575139 -0.0082062 0.9978254
1532199666.256246 0.3522872 -0.2205850 2.6995952 0.0335801 0.0638425 -0.0071370 0.9973693
1532199666.305047 0.3545369 -0.2227901 2.7005930 0.0350557 0.0651755 -0.0064302 0.9972371
1532199666.404665 0.3594511 -0.2283252 2.7060292 0.0384912 0.0670455 -0.0057947 0.9969904
1532199666.553084 0.3655893 -0.2390968 2.7139802 0.0420994 0.0760586 -0.0055318 0.9961988
1532199666.603911 0.3712336 -0.2421057 2.7165852 0.0427536 0.0792628 -0.0043005 0.9959273
1532199668.143359 0.4342378 -0.2100694 2.8313425 -0.0278149 0.1110833 -0.0032399 0.9934165
1532199668.391420 0.4432413 -0.1926944 2.8564491 -0.0500295 0.1120869 -0.0110645 0.9923766
1532199668.491044 0.4453056 -0.1849810 2.8722463 -0.0569919 0.1127046 -0.0138941 0.9918954
1532199668.588638 0.4481712 -0.1798041 2.8820605 -0.0611631 0.1129884 -0.0157206 0.9915874
1532199668.688253 0.4515088 -0.1738627 2.8956120 -0.0628573 0.1129240 -0.0158311 0.9914870
1532199669.035945 0.4653103 -0.1570719 2.9390228 -0.0686914 0.1130482 -0.0084384 0.9911763
1532199669.383655 0.4856397 -0.1386344 2.9761353 -0.0777200 0.1145039 -0.0041970 0.9903690
1532199671.816836 0.6190743 0.0194660 3.2080863 -0.0650415 0.1703272 0.0378935 0.9825082
1532199672.512703 0.6750252 0.0941760 3.2734017 -0.1134991 0.2074413 0.0444547 0.9706235
1532199676.587430 0.9036474 0.1302109 3.5774326 -0.0998953 0.2553034 -0.0041567 0.9616777
1532199677.283434 0.9525981 0.0840442 3.6003304 -0.0558712 0.2851407 -0.0713317 0.9541934
1532199677.828833 0.9645264 0.0692525 3.6344461 -0.0594650 0.2774266 -0.0600342 0.9570237
1532199678.376377 0.9815575 0.0458998 3.6918724 -0.0678007 0.2668599 -0.0532882 0.9598694
1532199678.872972 1.0107889 0.0177960 3.7557769 -0.0713528 0.2655699 -0.0419050 0.9605339
1532199679.617748 1.0432675 -0.0218641 3.8340063 -0.0643491 0.2694902 -0.0459001 0.9597538
1532199679.866130 1.0438534 -0.0324859 3.8623178 -0.0673006 0.2486603 -0.0423764 0.9653201
1532199680.165316 1.0443166 -0.0359779 3.8978813 -0.0776123 0.2381761 -0.0409130 0.9672511
1532199680.413511 1.0498073 -0.0402043 3.9258065 -0.0866707 0.2238362 -0.0423242 0.9698424
1532199680.861052 1.0636797 -0.0442244 3.9815946 -0.0849343 0.2077602 -0.0527009 0.9730594
1532199681.306516 1.0873064 -0.0451422 4.0329103 -0.0835709 0.1886839 -0.0746267 0.9756255
1532199682.101734 1.1387763 -0.0471028 4.1355462 -0.0817545 0.1468599 -0.0896210 0.9816906
1532199682.746586 1.1754777 -0.0452036 4.2188420 -0.0638883 0.1183442 -0.1023320 0.9856171
1532199683.989722 1.2573972 -0.0009031 4.3355837 -0.0512938 0.0812137 -0.0830458 0.9919056
1532199685.430075 1.3812928 0.0881715 4.4934707 -0.0830410 0.0043115 -0.0666036 0.9943086
1532199686.870611 1.4764153 0.0693398 4.6343412 -0.0478571 -0.0475894 -0.0974021 0.9929541
1532199688.508841 1.5806946 0.0484029 4.7870531 -0.0542466 -0.1127675 -0.0752818 0.9892793
1532199690.448635 1.6243652 0.0633107 4.9889302 -0.0344665 -0.2350446 -0.0953658 0.9666806
1532199691.689809 1.6570708 0.0515942 5.1326084 0.0119796 -0.2769915 -0.1147010 0.9539266
1532199692.385623 1.6655173 0.0584583 5.2421637 0.0290533 -0.3018118 -0.1101266 0.9465399
1532199693.130178 1.6932766 0.0742833 5.3394327 0.0268623 -0.3229224 -0.1729533 0.9301004
1532199693.675447 1.7124615 0.0719725 5.3932929 0.0141145 -0.3210112 -0.1922468 0.9272507
1532199694.471009 1.7025553 0.0502092 5.4633398 0.0107951 -0.3660560 -0.1833251 0.9122930
1532199694.867755 1.6889364 0.0326674 5.5127211 0.0024584 -0.3915744 -0.1660844 0.9050301
1532199695.366219 1.6792932 0.0112384 5.5792623 -0.0193934 -0.4218740 -0.1503143 0.8938970
1532199695.862778 1.6799586 -0.0119762 5.6442533 -0.0234323 -0.4341485 -0.1508714 0.8878084
1532199696.159849 1.6751308 -0.0275115 5.6819439 -0.0235708 -0.4412391 -0.1443465 0.8853906
1532199696.458969 1.6661718 -0.0429259 5.7184520 -0.0218727 -0.4532563 -0.1353484 0.8807730
1532199696.707198 1.6549468 -0.0536557 5.7497091 -0.0195477 -0.4655122 -0.1281943 0.8754898
1532199697.203648 1.6299632 -0.0647277 5.8071613 -0.0202048 -0.4921561 -0.1329093 0.8600635
1532199697.600426 1.6080217 -0.0742097 5.8562207 -0.0217815 -0.5120895 -0.1281639 0.8490371
1532199698.148046 1.5763042 -0.0869961 5.9284410 -0.0218784 -0.5280355 -0.1046866 0.8424610
1532199698.544790 1.5496125 -0.0956586 5.9738789 -0.0154445 -0.5362659 -0.1015912 0.8377706
1532199699.536542 1.4929070 -0.1117722 6.0853767 -0.0081212 -0.5501500 -0.1265520 0.8253810
1532199700.927672 1.4098649 -0.1111339 6.2538443 0.0063110 -0.5864931 -0.1301198 0.7994091
1532199701.820795 1.3455448 -0.1402770 6.4024796 0.0152956 -0.5877030 -0.1382694 0.7970275
1532199702.119906 1.3278637 -0.1608493 6.4466891 0.0275003 -0.5876527 -0.1445964 0.7956129
1532199702.567542 1.2952747 -0.1903821 6.5165052 0.0454473 -0.5897047 -0.1617243 0.7899545
1532199703.013146 1.2535000 -0.2040579 6.5979853 0.0516177 -0.5942574 -0.1701372 0.7843769
1532199703.609214 1.1967635 -0.2250116 6.7209930 0.0576615 -0.6083998 -0.1965749 0.7667354
1532199703.808594 1.1761856 -0.2299598 6.7660532 0.0542547 -0.6072987 -0.2021196 0.7664152
1532199703.908284 1.1651449 -0.2348196 6.7864981 0.0520676 -0.6071265 -0.2049641 0.7659478
1532199704.205360 1.1356778 -0.2408322 6.8455424 0.0468850 -0.6089109 -0.2090250 0.7637656
1532199704.404698 1.1179490 -0.2445758 6.8892565 0.0442635 -0.6111576 -0.2076849 0.7624921
1532199704.652882 1.0933304 -0.2468286 6.9335103 0.0415555 -0.6162201 -0.2054442 0.7591698
1532199704.752548 1.0850310 -0.2482074 6.9555779 0.0429561 -0.6177337 -0.2037288 0.7583235
1532199705.100548 1.0559053 -0.2479380 7.0277729 0.0322525 -0.6233698 -0.1950864 0.7565125
1532199705.497171 1.0217838 -0.2469550 7.1062794 0.0241162 -0.6337371 -0.1903840 0.7493662
1532199705.844969 0.9900703 -0.2513620 7.1750154 0.0233432 -0.6372828 -0.1886826 0.7468097
1532199706.341225 0.9425502 -0.2602802 7.2775712 0.0264532 -0.6388841 -0.1811381 0.7472057
1532199706.837658 0.8964968 -0.2687939 7.3720989 0.0317331 -0.6482330 -0.1830572 0.7384288
1532199707.285127 0.8541007 -0.2713727 7.4524984 0.0352765 -0.6515632 -0.1924137 0.7329379
1532199708.177217 0.7807393 -0.2626286 7.6219201 0.0168393 -0.6667333 -0.1758138 0.7240667
1532199708.923313 0.7214494 -0.2280680 7.7504601 0.0115364 -0.6721165 -0.1810753 0.7178705
1532199709.964450 0.6322584 -0.1933706 7.9193311 -0.0036883 -0.6836708 -0.1994078 0.7020094
1532199711.156452 0.4941368 -0.2111552 8.1140947 0.0152619 -0.7018301 -0.1606771 0.6938187
1532199711.951803 0.3922205 -0.2453089 8.2343349 0.0348548 -0.7124302 -0.1518129 0.6842377
1532199712.745603 0.2751436 -0.2556364 8.3552456 0.0509367 -0.7372206 -0.1459992 0.6577200
1532199713.492252 0.1939278 -0.2357845 8.5051517 0.0766774 -0.7306560 -0.1958602 0.6495392
1532199713.988784 0.1395512 -0.2316670 8.6109276 0.0907175 -0.6963428 -0.2159018 0.6784272
1532199714.534240 0.0851612 -0.2435999 8.7063522 0.0996740 -0.6741571 -0.2147540 0.6996128
1532199715.181308 0.0127087 -0.2530259 8.7925577 0.0855413 -0.6786709 -0.1883988 0.7046946
1532199716.074675 -0.1153097 -0.2490746 8.8948317 0.0593649 -0.7157849 -0.1619557 0.6766817
1532199717.218004 -0.2791100 -0.2364705 9.0021620 0.0389888 -0.7553503 -0.1353029 0.6400148
1532199718.310740 -0.4451170 -0.2361478 9.1135845 0.0455764 -0.7798237 -0.1343256 0.6097167
1532199719.104127 -0.5712318 -0.2440635 9.2068224 0.0848274 -0.7864688 -0.1510746 0.5928302
1532199720.147638 -0.7222738 -0.2447491 9.3308659 0.0827967 -0.7798311 -0.1131750 0.6100818
1532199721.586105 -0.9893398 -0.2441610 9.5024662 0.0742523 -0.8321521 -0.1572404 0.5265786
1532199722.577587 -1.1728668 -0.3166078 9.6412182 0.0823687 -0.8428510 -0.1389484 0.5133332
1532199723.820957 -1.4518270 -0.3359106 9.8141460 0.1100745 -0.8590918 -0.1904727 0.4621311
1532199725.906529 -1.8873453 -0.3042545 9.8704529 0.0859556 -0.9087234 -0.1764525 0.3683721
1532199728.291358 -2.3602648 -0.1920291 9.7599163 0.0548424 -0.9291663 -0.1185061 0.3458306
1532199730.279306 -2.7349463 -0.1572104 9.5380507 0.1552865 -0.9180125 -0.1790393 0.3179373
1532199732.068595 -3.0556126 -0.1603837 9.2438183 0.1737703 -0.9270892 -0.1682356 0.2863676
1532199734.004420 -3.2421036 -0.1496742 8.9587669 0.1506516 -0.9386274 -0.1565810 0.2678902
1532199735.197309 -3.2405806 -0.0986583 8.8426409 0.1552481 -0.9428348 -0.1598634 0.2477990
1532199735.892179 -3.2565813 -0.0949850 8.7553806 0.1205305 -0.9594555 -0.1403351 0.2126584
1532199737.137016 -3.3522053 -0.1583943 8.6044159 0.1474510 -0.9598584 -0.1019506 0.2157222
1532199739.771227 -3.3967543 -0.1848407 8.3064156 0.1187503 -0.9622042 -0.1081837 0.2199042
1532199741.758254 -3.6560049 -0.1796467 8.1790714 0.1026643 -0.9398434 -0.1783520 0.2726631
1532199743.099654 -3.7589025 -0.1905415 8.0459986 0.0883838 -0.9471002 -0.1738947 0.2548531
1532199744.391195 -3.8992586 -0.1979890 7.9759507 0.1230726 -0.9531853 -0.1727537 0.2155161
1532199745.883295 -4.0574541 -0.2008841 7.8640018 0.1584428 -0.9523364 -0.1584305 0.2070049
1532199747.672089 -4.2222176 -0.2134068 7.7219973 0.1807638 -0.9469321 -0.1538912 0.2167061
1532199749.409697 -4.2930498 -0.2416360 7.5766678 0.1822502 -0.9566571 -0.1190730 0.1934265
1532199751.794792 -4.3403721 -0.2847970 7.3974099 0.1320484 -0.9575188 -0.1290488 0.2215116
1532199754.031160 -4.3097477 -0.2757778 7.1781073 0.1262737 -0.9694137 -0.1427895 0.1546067
1532199757.457967 -4.2909474 -0.1927686 6.8685355 0.1644628 -0.9700084 -0.1442949 0.1058992
1532199761.931153 -4.3822951 -0.3086095 6.2000103 0.1476241 -0.9692817 -0.1265622 0.1506059
1532199764.416650 -4.4258418 -0.3448803 5.8200636 0.1255192 -0.9709508 -0.1155372 0.1677814
1532199765.360988 -4.4977274 -0.3560150 5.6632333 0.1483272 -0.9602638 -0.1326512 0.1956941
1532199766.454196 -4.5609145 -0.3714111 5.4574337 0.1150460 -0.9595116 -0.1420115 0.2143234
1532199767.250024 -4.5990911 -0.3686062 5.2978053 0.1112693 -0.9617627 -0.1572580 0.1946834
1532199767.646767 -4.6281295 -0.3763134 5.2197366 0.1053644 -0.9646356 -0.1478508 0.1910933
1532199767.894975 -4.6499934 -0.3798673 5.1742101 0.1035398 -0.9658692 -0.1500435 0.1840196
1532199768.094427 -4.6661239 -0.3826044 5.1476536 0.1029453 -0.9661356 -0.1523854 0.1810056
1532199768.194168 -4.6800351 -0.3863758 5.1239595 0.0995617 -0.9665847 -0.1540064 0.1791190
1532199768.342732 -4.6963124 -0.3921237 5.0992088 0.0958148 -0.9671792 -0.1532786 0.1785767
1532199768.591029 -4.7232795 -0.4040487 5.0574689 0.0895138 -0.9686405 -0.1490947 0.1774645
1532199769.039005 -4.7629242 -0.4247117 4.9907737 0.0944031 -0.9667886 -0.1587124 0.1766868
1532199769.236548 -4.7766190 -0.4339422 4.9625378 0.1051133 -0.9664780 -0.1613258 0.1698399
1532199769.784166 -4.8169136 -0.4638183 4.8882356 0.1056784 -0.9680313 -0.1657866 0.1557638
1532199770.628755 -4.8728676 -0.5195537 4.8045425 0.1059435 -0.9683816 -0.1713351 0.1471644
1532199771.969910 -4.9090896 -0.5986689 4.6858454 0.1018701 -0.9745811 -0.1669541 0.1092725
1532199773.210393 -4.9489279 -0.6098891 4.5609446 0.0751108 -0.9784603 -0.1779209 0.0729243
1532199775.247213 -4.9671822 -0.5701227 4.3683825 0.0653691 -0.9716169 -0.2272950 0.0049403
1532199776.242393 -4.9427361 -0.5719848 4.2413983 -0.0912144 0.9700794 0.2179567 0.0558651
1532199776.390933 -4.9380875 -0.5684433 4.2171946 -0.0890073 0.9696335 0.2169238 0.0695171
1532199777.235234 -4.9067502 -0.5642729 4.1001430 -0.0611954 0.9654585 0.2106939 0.1405462
1532199778.327581 -4.8761020 -0.5567977 3.9997702 -0.0491313 0.9515163 0.2420022 0.1834059
1532199778.775251 -4.8551931 -0.5707870 3.9566116 -0.0112612 0.9498559 0.2181474 0.2237380
1532199779.371487 -4.8380566 -0.5824579 3.9035563 -0.0013293 0.9396083 0.2225775 0.2599881
1532199779.916732 -4.8315701 -0.5872698 3.8417587 0.0091176 0.9340837 0.2136003 0.2859711
1532199780.812129 -4.8272943 -0.6501613 3.7539811 0.0276665 0.9325371 0.2168359 0.2873872
1532199781.457161 -4.7950706 -0.7171293 3.6943631 0.0059768 0.9224132 0.2137126 0.3216287
1532199782.749507 -4.7363133 -0.8189079 3.5855427 -0.0348189 0.9088072 0.2135985 0.3566973
1532199783.742829 -4.6784325 -0.8737261 3.4999914 -0.0533212 0.9067919 0.2023418 0.3659825
1532199784.986176 -4.5807567 -0.8873146 3.4184875 -0.0907134 0.8799794 0.2065120 0.4180433
1532199786.079048 -4.4992414 -0.8126802 3.3355231 -0.1129227 0.8762079 0.2628167 0.3878603
1532199786.773130 -4.4544735 -0.8074909 3.3125567 -0.1021713 0.8672163 0.2666377 0.4079230
1532199786.972530 -4.4407282 -0.8118033 3.3033152 -0.1003507 0.8660380 0.2541186 0.4187262
1532199787.121123 -4.4323697 -0.8124893 3.2957602 -0.1038353 0.8656650 0.2451536 0.4239600
1532199787.668615 -4.3937402 -0.8143282 3.2576189 -0.0997740 0.8680844 0.2448310 0.4201577
1532199787.817219 -4.3819818 -0.8174968 3.2456188 -0.0957848 0.8701660 0.2519075 0.4125277
1532199787.868115 -4.3786345 -0.8197383 3.2413068 -0.0946830 0.8706341 0.2540234 0.4104918
1532199787.965840 -4.3719397 -0.8238854 3.2335024 -0.0928849 0.8723167 0.2556399 0.4063055
1532199788.065571 -4.3652053 -0.8289287 3.2255068 -0.0954586 0.8747419 0.2549117 0.4009168
1532199788.214164 -4.3541093 -0.8372852 3.2131534 -0.1026665 0.8779299 0.2471836 0.3969874
1532199788.513492 -4.3311853 -0.8577639 3.1852808 -0.1191872 0.8884927 0.2131352 0.3885210
1532199789.059412 -4.2658677 -0.8865464 3.1330962 -0.1306114 0.8948324 0.1687153 0.3921108
1532199789.407774 -4.2160096 -0.8934658 3.0934491 -0.1306414 0.9008756 0.1640381 0.3800625
1532199789.855942 -4.1638813 -0.8925688 3.0468497 -0.1271774 0.9051383 0.1680431 0.3692046
1532199790.452646 -4.0857244 -0.8769220 2.9857645 -0.1214283 0.9119355 0.1913679 0.3420632
1532199790.700959 -4.0483074 -0.8759376 2.9647555 -0.1188766 0.9133338 0.1918999 0.3389162
1532199790.949311 -4.0113487 -0.8787583 2.9471002 -0.1238941 0.9149073 0.1779455 0.3404855
1532199791.148759 -3.9844759 -0.8803876 2.9371548 -0.1317852 0.9140875 0.1684515 0.3445300
1532199791.445886 -3.9444737 -0.8812184 2.9226723 -0.1206208 0.9122441 0.1705810 0.3523683
1532199791.545617 -3.9315405 -0.8797163 2.9164028 -0.1166038 0.9112830 0.1736758 0.3546882
1532199791.893627 -3.8845367 -0.8678119 2.8933992 -0.1198927 0.9097218 0.1770610 0.3559234
1532199791.993335 -3.8713665 -0.8639884 2.8864379 -0.1190760 0.9104370 0.1772767 0.3542576
1532199792.141879 -3.8537669 -0.8583193 2.8741045 -0.1187097 0.9120458 0.1779095 0.3498981
1532199792.241566 -3.8412690 -0.8543860 2.8660855 -0.1181978 0.9123600 0.1786946 0.3488507
1532199792.489726 -3.8147011 -0.8454390 2.8455715 -0.1161988 0.9133698 0.1788756 0.3467808
1532199792.638220 -3.7996244 -0.8396870 2.8320570 -0.1155400 0.9147164 0.1782891 0.3437406
1532199792.886448 -3.7746162 -0.8308184 2.8095703 -0.1145897 0.9172469 0.1746176 0.3391698
1532199793.085861 -3.7563291 -0.8217461 2.7915220 -0.1202639 0.9206618 0.1691365 0.3306226
1532199793.285310 -3.7393677 -0.8128325 2.7728262 -0.1292255 0.9221942 0.1675618 0.3237001
1532199793.582369 -3.7099445 -0.7972500 2.7427354 -0.1365380 0.9224721 0.1685630 0.3193572
1532199793.930362 -3.6777987 -0.7809750 2.7034278 -0.1413463 0.9267606 0.1671457 0.3052842
1532199794.575338 -3.6177697 -0.7617106 2.6412110 -0.1459725 0.9296672 0.1770445 0.2882119
1532199795.222882 -3.5237741 -0.7755091 2.5907598 -0.1358797 0.9263198 0.1836035 0.2995966
1532199796.068226 -3.4258871 -0.7949190 2.5268278 -0.1432315 0.9260095 0.1670301 0.3067443
1532199797.112880 -3.3063276 -0.7617621 2.4479876 -0.1379856 0.9254040 0.1933473 0.2953036
1532199798.454255 -3.1096516 -0.7076894 2.2961316 -0.0918222 0.9265858 0.2198385 0.2909957
1532199799.547270 -2.9608974 -0.6878331 2.1344237 -0.0976691 0.9315953 0.2026993 0.2854891
1532199800.640064 -2.8312678 -0.6405686 2.0090947 -0.0953592 0.9160320 0.2295643 0.3147891
1532199801.683716 -2.7112761 -0.6220217 1.8658183 -0.0897607 0.9201560 0.2160691 0.3139589
1532199802.725696 -2.6160111 -0.5794664 1.7091529 -0.1021261 0.9212228 0.2211570 0.3033288
1532199803.720919 -2.5319481 -0.5402153 1.5715487 -0.1047435 0.9251732 0.1994605 0.3054488
1532199804.266404 -2.4836879 -0.5024427 1.4878030 -0.1063934 0.9251042 0.1913757 0.3102227
1532199804.862754 -2.4356837 -0.4501243 1.3935413 -0.0924676 0.9288347 0.1970542 0.2998091
1532199805.410094 -2.3876643 -0.4016004 1.2932727 -0.0885595 0.9291104 0.2045412 0.2950830
1532199806.055377 -2.3112872 -0.3449874 1.1777809 -0.0860381 0.9269444 0.2109824 0.2980906
1532199806.900128 -2.2202370 -0.2866917 1.0386405 -0.0933134 0.9231925 0.2152987 0.3043924
1532199807.944404 -2.0882578 -0.2846451 0.8768814 -0.0950957 0.9199297 0.2091955 0.3176843
1532199808.738033 -1.9855406 -0.2615177 0.7585862 -0.0973488 0.9185398 0.1979524 0.3280589
1532199809.733214 -1.8769715 -0.2219601 0.6471558 -0.0973806 0.9072295 0.2068781 0.3530626
1532199809.981502 -1.8479066 -0.2184746 0.6148038 -0.0980529 0.9054212 0.2048589 0.3586515
1532199810.477990 -1.7928567 -0.2129992 0.5490148 -0.0990717 0.9028099 0.1847311 0.3754909
1532199811.173907 -1.7348279 -0.2011070 0.4759436 -0.0741709 0.9015630 0.1846704 0.3841610
1532199814.252482 -1.6112612 -0.1019762 0.2918050 -0.1136637 0.9100227 0.2121557 0.3375341
1532199815.595528 -1.4756885 -0.1008492 0.2268281 -0.0732484 0.8843816 0.2349122 0.3966360
1532199817.581515 -1.3330353 0.0214207 0.0058779 -0.1268637 0.8629416 0.2172895 0.4382038
1532199819.121673 -1.1736839 0.1437465 -0.1015015 -0.1182891 0.8334680 0.2511960 0.4777441
1532199819.866501 -1.0916528 0.1929791 -0.1143851 -0.1148090 0.8082780 0.2552025 0.5180516
1532199821.110027 -0.9654281 0.2564284 -0.0942400 -0.0924814 0.7647502 0.2561428 0.5839480
1532199829.904543 -0.4180169 0.7765145 -0.2005455 -0.0706682 0.5695573 0.2353370 0.7843640
1532199835.218308 -0.2922351 0.5656344 -0.2175666 0.0316450 0.5400392 0.1409605 0.8291480
1532199838.546762 -0.2767374 0.3890183 -0.2007848 0.0345401 0.5060028 0.1229957 0.8530183
1532199839.490750 -0.1969556 0.2776242 -0.1757663 0.0363578 0.5358885 0.0692625 0.8406572
1532199840.186574 -0.1488507 0.1835605 -0.0779403 0.0655010 0.4785888 0.0299950 0.8750787
1532199840.880457 -0.1362261 0.1025590 0.0089163 0.1079149 0.4024715 0.0037922 0.9090416
1532199841.627170 -0.1538577 0.0647222 0.0852586 0.1255882 0.3557252 -0.0220989 0.9258503
1532199842.370621 -0.1646953 0.0589687 0.1537756 0.0919280 0.3249133 -0.0463726 0.9401225
1532199842.866750 -0.1855964 0.0591005 0.1881033 0.0784378 0.3025558 -0.0592712 0.9480478
1532199843.214650 -0.2080103 0.0644140 0.2018286 0.0825731 0.2760972 -0.0631256 0.9554932
1532199845.549396 -0.0875480 0.0072041 0.2434714 0.1078450 0.2163275 -0.1175056 0.9632052
1532199847.090208 0.0394166 -0.0146531 0.3089879 0.1111769 0.1366326 -0.1112796 0.9780532
1532199849.523065 0.0859463 -0.0773151 0.3847501 0.0933216 0.0355313 -0.0509044 0.9936988
1532199850.866274 0.0457738 -0.1710173 0.4584989 0.0981803 -0.0032691 -0.0331300 0.9946117
1532199851.958895 0.0520838 -0.2750464 0.6359600 0.0895895 -0.0129540 -0.0541123 0.9944233
1532199852.107446 0.0551290 -0.2931679 0.6609339 0.0981361 -0.0171161 -0.0554082 0.9934819
1532199852.355790 0.0631164 -0.3238653 0.7007700 0.1099250 -0.0205277 -0.0528947 0.9923191
1532199852.852342 0.0835489 -0.3602529 0.7725123 0.1012603 -0.0050585 -0.0484037 0.9936689
1532199853.896485 0.1081385 -0.4106911 0.9097479 0.1115272 0.0097677 -0.0229330 0.9934487
1532199854.690350 0.1264301 -0.4558658 1.0523870 0.1175022 -0.0043153 -0.0280390 0.9926674
1532199855.585877 0.1738150 -0.5014394 1.1994610 0.1216019 0.0066349 -0.0187436 0.9923798
1532199856.778160 0.1930673 -0.5641448 1.3826921 0.1041613 0.0138632 -0.0416012 0.9935933
1532199857.571541 0.2034838 -0.6003813 1.5039617 0.1167524 0.0174258 -0.0416803 0.9921331
1532199858.069866 0.2080477 -0.6060014 1.5754362 0.1147956 0.0179157 -0.0318399 0.9927171
1532199858.614969 0.2241912 -0.5731788 1.6482992 0.0973438 0.0264473 -0.0401452 0.9940891
1532199859.359821 0.2647454 -0.5123459 1.7345750 0.0891036 0.0405763 -0.0374777 0.9944896
1532199859.907242 0.2902365 -0.4520671 1.7964597 0.0790097 0.0652431 -0.0338971 0.9941589
1532199860.800220 0.2969686 -0.3603218 1.8611941 0.0820708 0.0728381 -0.0348165 0.9933513
1532199861.494944 0.2836711 -0.3195290 1.9146101 0.0919644 0.0653702 -0.0206847 0.9933989
1532199862.686267 0.3007150 -0.2603020 1.9977216 0.1311904 0.0780233 -0.0075256 0.9882534
1532199863.381912 0.2986546 -0.1971153 2.0280795 0.1134330 0.0630450 -0.0024867 0.9915403
1532199863.927083 0.3104583 -0.1403380 2.0404172 0.0973003 0.0533319 -0.0070590 0.9938000
1532199864.922043 0.3498162 -0.0651650 2.0664754 0.1276409 0.0508996 -0.0055605 0.9904979
1532199865.219127 0.3591051 -0.0393971 2.0806363 0.1383194 0.0532136 0.0035640 0.9889507
1532199865.418543 0.3629308 -0.0202873 2.0897412 0.1410309 0.0516044 0.0115521 0.9885918
1532199865.666764 0.3661050 0.0071589 2.1028140 0.1437462 0.0543833 0.0157041 0.9879944
1532199865.766467 0.3657100 0.0191178 2.1079974 0.1399598 0.0569539 0.0149175 0.9884053
1532199865.915012 0.3641557 0.0382023 2.1159465 0.1305616 0.0561584 0.0103664 0.9897941
1532199866.362658 0.3530685 0.0912667 2.1379435 0.1172320 0.0428445 -0.0040708 0.9921716
1532199866.462264 0.3511860 0.1006804 2.1433654 0.1158811 0.0404628 -0.0031808 0.9924335
1532199866.559766 0.3503715 0.1101394 2.1499658 0.1130000 0.0399186 -0.0016132 0.9927915
1532199866.858429 0.3520430 0.1372033 2.1723323 0.0990079 0.0477257 0.0036056 0.9939350
1532199867.155094 0.3521493 0.1604813 2.1911736 0.0849974 0.0510727 0.0134159 0.9949809
1532199867.502588 0.3539193 0.1817378 2.2101886 0.0748341 0.0499422 0.0291445 0.9955181
1532199868.545039 0.3637620 0.2564313 2.2270458 0.0622322 0.0562947 0.0561936 0.9948871
1532199868.793283 0.3659489 0.2666517 2.2217722 0.0681960 0.0604516 0.0600952 0.9940239
1532199868.892986 0.3668531 0.2704380 2.2201307 0.0703825 0.0628771 0.0642957 0.9934580
1532199869.041539 0.3677219 0.2759991 2.2177832 0.0698230 0.0687531 0.0684302 0.9928318
1532199869.289821 0.3693109 0.2864361 2.2169240 0.0600926 0.0793267 0.0652198 0.9928961
1532199869.588857 0.3684982 0.2975295 2.2202425 0.0511863 0.0837193 0.0593493 0.9934026
1532199869.985589 0.3644418 0.3023311 2.2320397 0.0548670 0.0791634 0.0686716 0.9929789
1532199870.185039 0.3604973 0.3024743 2.2383533 0.0577527 0.0758845 0.0684866 0.9930840
1532199870.533001 0.3546340 0.3034195 2.2510552 0.0542267 0.0737299 0.0628568 0.9938171
1532199870.830079 0.3489633 0.2977018 2.2621937 0.0557259 0.0703220 0.0703838 0.9934765
1532199871.426159 0.3460622 0.2773805 2.2980723 0.0697845 0.0745127 0.0708948 0.9922459
1532199871.474992 0.3465361 0.2746702 2.3022702 0.0707505 0.0745196 0.0697906 0.9922553
1532199872.121908 0.3493416 0.2588153 2.3686740 0.0826458 0.0637911 0.0487359 0.9933404
1532199872.469773 0.3549922 0.2554342 2.4094779 0.0659810 0.0661819 0.0350108 0.9950079
1532199872.766766 0.3567328 0.2492906 2.4406667 0.0680404 0.0656277 0.0193766 0.9953332
1532199872.915281 0.3586023 0.2432355 2.4584465 0.0745685 0.0658362 0.0129576 0.9949559
1532199873.263082 0.3659999 0.2276329 2.4973941 0.0882403 0.0706268 0.0180292 0.9934286
1532199873.362744 0.3698665 0.2228308 2.5092075 0.0954841 0.0746524 0.0200319 0.9924256
1532199873.462406 0.3743418 0.2193009 2.5205832 0.1012172 0.0797963 0.0208558 0.9914397
1532199873.661741 0.3896692 0.2170802 2.5433090 0.1054227 0.1000965 0.0198894 0.9891770
1532199873.810202 0.4001198 0.2135651 2.5601535 0.1102180 0.1067142 0.0158304 0.9880351
1532199873.859012 0.4021772 0.2118371 2.5661786 0.1126513 0.1068963 0.0147285 0.9877580
1532199873.909851 0.4046667 0.2107781 2.5724416 0.1159320 0.1072949 0.0129948 0.9873595
1532199874.058328 0.4140987 0.2092224 2.5888388 0.1184952 0.1132945 0.0085228 0.9864333
1532199874.406196 0.4347704 0.2113649 2.6363242 0.0890102 0.1277227 0.0301236 0.9873483
1532199874.603531 0.4460759 0.2113994 2.6651671 0.0776740 0.1391810 0.0447450 0.9862015
1532199874.703204 0.4526703 0.2105277 2.6801217 0.0748506 0.1455656 0.0447925 0.9854957
1532199874.853722 0.4637991 0.2103345 2.6988053 0.0742428 0.1588310 0.0394472 0.9837198
1532199875.002224 0.4719684 0.2089265 2.7103176 0.0773493 0.1688788 0.0322491 0.9820678
1532199875.250341 0.4856798 0.2028803 2.7311594 0.0799566 0.1802048 0.0256061 0.9800396
1532199875.349905 0.4877356 0.1991830 2.7376015 0.0809341 0.1811446 0.0261904 0.9797706
1532199875.597888 0.4987254 0.1828006 2.7555673 0.0827712 0.1781169 0.0261722 0.9801726
1532199875.646719 0.4996707 0.1825156 2.7578261 0.0844883 0.1773219 0.0260108 0.9801745
1532199875.945770 0.5021355 0.1531730 2.7857802 0.0890398 0.1695494 0.0334277 0.9809218
1532199876.094268 0.5055564 0.1413295 2.7971468 0.0920628 0.1641262 0.0373305 0.9814242
1532199876.242723 0.5077063 0.1304195 2.8138721 0.0899432 0.1635653 0.0324748 0.9818870
1532199879.223889 0.5553511 0.1353752 3.0327685 0.0355038 0.2063483 0.0339977 0.9772431
1532199879.771403 0.5793399 0.1192599 3.0984259 0.0286963 0.2220836 0.0306325 0.9741237
1532199879.968935 0.5849129 0.1066095 3.1363993 0.0248418 0.2285962 0.0252196 0.9728775
1532199880.317111 0.6059255 0.0858355 3.1921985 0.0282482 0.2238584 0.0169043 0.9740656
1532199880.465732 0.6085236 0.0712545 3.2206590 0.0329417 0.2281050 0.0136740 0.9729831
1532199880.665175 0.6260576 0.0578549 3.2485821 0.0375643 0.2359918 0.0109298 0.9709672
1532199880.913490 0.6325201 0.0496474 3.3040609 0.0305893 0.2457727 0.0116200 0.9687750
1532199881.509726 0.6541726 0.0265030 3.4241307 0.0300051 0.2149364 0.0041756 0.9761581
1532199881.609468 0.6574526 0.0295129 3.4460661 0.0256150 0.2121691 -0.0022259 0.9768947
1532199882.154867 0.6892609 0.0464769 3.5152795 0.0081783 0.2148838 -0.0420610 0.9756992
1532199882.354302 0.7120353 0.0603934 3.5156128 0.0096761 0.2317981 -0.0535459 0.9712409
1532199882.454006 0.7223151 0.0623302 3.5169756 0.0105775 0.2402890 -0.0550990 0.9690787
1532199883.099024 0.7434398 0.0832638 3.5441611 0.0046857 0.2514130 -0.0274784 0.9674784
1532199883.595481 0.7405427 0.0981860 3.6140149 0.0040393 0.2284916 -0.0322272 0.9730040
1532199883.894575 0.7429377 0.1022569 3.6618745 -0.0005937 0.2070469 -0.0262371 0.9779789
1532199883.943430 0.7429677 0.1045477 3.6709039 -0.0022945 0.2024008 -0.0247731 0.9789867
1532199884.887662 0.7839388 0.1235617 3.8283687 -0.0026977 0.1440476 -0.0405199 0.9887372
1532199886.527273 0.9424373 0.1634930 4.0652304 -0.0235309 0.1155192 -0.0320694 0.9925085
1532199887.620256 1.0775517 0.2031987 4.2960911 -0.0188463 0.0639335 -0.0207518 0.9975604
1532199888.713597 1.2681361 0.2335144 4.5224061 0.0177496 0.0530777 0.0107711 0.9983746
1532199889.409654 1.3938019 0.2502630 4.6577506 0.0452424 0.0798139 -0.0195357 0.9955909
1532199889.609123 1.4311364 0.2572456 4.6945896 0.0497801 0.0905020 -0.0246913 0.9943448
1532199889.657921 1.4401129 0.2582107 4.7031398 0.0518424 0.0953592 -0.0254509 0.9937662
1532199889.757656 1.4590957 0.2626560 4.7224851 0.0553909 0.1065405 -0.0257089 0.9924314
1532199889.806503 1.4690710 0.2641003 4.7304749 0.0560085 0.1120827 -0.0249008 0.9918067
1532199890.005884 1.5058352 0.2727292 4.7663779 0.0581808 0.1370811 -0.0188254 0.9886705
1532199890.302906 1.5549895 0.2871066 4.8111801 0.0510454 0.1577296 -0.0051717 0.9861486
1532199890.898932 1.6010907 0.3013979 4.9096313 0.0567730 0.1154849 -0.0248769 0.9913734
1532199891.049487 1.6002914 0.3016666 4.9412818 0.0481745 0.0844781 -0.0270595 0.9948922
1532199891.197965 1.6035669 0.3039522 4.9742489 0.0416053 0.0636727 -0.0298455 0.9966564
1532199891.395284 1.6059110 0.3050706 5.0143032 0.0266368 0.0275474 -0.0130432 0.9991804
1532199891.942543 1.6369503 0.3147600 5.0956926 0.0056465 -0.0122920 0.0057762 0.9998918
1532199892.638294 1.6937652 0.3113472 5.1619129 0.0161610 -0.0190557 0.0435104 0.9987405
1532199893.679815 1.7047791 0.2300776 5.2654529 -0.0149765 -0.0408869 -0.0038584 0.9990441
1532199894.426326 1.6893344 0.1431783 5.3820090 -0.0220505 -0.0781058 -0.0304704 0.9962353
1532199895.219578 1.6967937 0.1199271 5.5433073 -0.0458617 -0.1162688 -0.0041443 0.9921497
1532199895.567379 1.7019110 0.1096610 5.6208353 -0.0440603 -0.1421923 -0.0012836 0.9888572
1532199895.866456 1.7057672 0.0990933 5.6890984 -0.0446980 -0.1650082 -0.0039710 0.9852709
1532199896.063808 1.7066036 0.0892458 5.7359328 -0.0420781 -0.1747397 0.0003770 0.9837151
1532199896.214339 1.7057303 0.0808414 5.7701225 -0.0386830 -0.1839947 0.0044880 0.9821555
1532199896.311986 1.7036166 0.0754473 5.7917480 -0.0364738 -0.1890447 0.0059051 0.9812731
1532199896.462514 1.6992111 0.0698430 5.8255758 -0.0351874 -0.1978671 0.0043781 0.9795873
1532199896.611003 1.6957856 0.0660372 5.8564582 -0.0378235 -0.2089961 -0.0013299 0.9771839
1532199896.810372 1.6896665 0.0624768 5.8978124 -0.0385921 -0.2249252 -0.0132313 0.9735216
1532199896.908021 1.6855081 0.0617994 5.9190907 -0.0346471 -0.2327040 -0.0196045 0.9717325
1532199897.007709 1.6810277 0.0583117 5.9389930 -0.0294431 -0.2429823 -0.0271432 0.9692038
1532199897.107462 1.6747047 0.0579067 5.9602814 -0.0238214 -0.2526999 -0.0337732 0.9666616
1532199897.406606 1.6602018 0.0593856 6.0197058 -0.0226084 -0.2805911 -0.0546365 0.9580044
1532199897.504340 1.6597130 0.0598732 6.0401487 -0.0198876 -0.2883683 -0.0622097 0.9552896
1532199897.604107 1.6530007 0.0600427 6.0608044 -0.0146055 -0.2954329 -0.0704458 0.9526508
1532199897.654990 1.6517469 0.0590290 6.0688868 -0.0114394 -0.3002335 -0.0742018 0.9509065
1532199897.803582 1.6460036 0.0605598 6.0971923 -0.0028674 -0.3177431 -0.0812205 0.9446875
1532199898.051885 1.6358068 0.0591669 6.1461968 0.0011215 -0.3418069 -0.0845509 0.9359583
1532199898.499662 1.6175160 0.0558996 6.2223701 -0.0022979 -0.3765021 -0.0836910 0.9226249
1532199898.847711 1.6044756 0.0568189 6.2775512 0.0051315 -0.3994696 -0.0727040 0.9138446
1532199899.541624 1.5860596 0.0797470 6.4110112 0.0085529 -0.4349149 -0.0829896 0.8965984
1532199900.336979 1.5815630 0.0964980 6.5619059 0.0092640 -0.4442505 -0.1183906 0.8879974
1532199901.081678 1.5808351 0.1054814 6.6982079 -0.0198130 -0.4214025 -0.1300833 0.8972769
1532199901.825818 1.5330696 0.0602895 6.7992768 0.0060979 -0.4486739 -0.1488411 0.8811929
1532199903.912573 1.3448987 -0.0365006 6.9555540 0.0384772 -0.5203435 -0.1831642 0.8331944
1532199904.954760 1.2626529 -0.0404263 7.0940647 0.0357352 -0.5133456 -0.1712013 0.8401722
1532199905.650733 1.1974669 -0.0356458 7.1629257 0.0721506 -0.5185801 -0.1848574 0.8316830
1532199905.850190 1.1766386 -0.0325664 7.1798553 0.0716341 -0.5183432 -0.1870430 0.8313867
1532199906.049599 1.1521926 -0.0313689 7.1912856 0.0714698 -0.5188491 -0.1851314 0.8315131
1532199906.546062 1.0882769 -0.0252183 7.2290425 0.0593214 -0.5287624 -0.1779747 0.8277779
1532199906.794264 1.0549879 -0.0233321 7.2399125 0.0562534 -0.5419751 -0.1744519 0.8201617
1532199907.787212 0.9038415 -0.0093727 7.3336802 0.0606380 -0.5562479 -0.1855859 0.8077556
1532199909.127323 0.7030487 -0.0529246 7.5233727 0.0201694 -0.5700137 -0.1818710 0.8009997
1532199910.022516 0.6090097 -0.0929375 7.6749806 0.0516216 -0.5507278 -0.1969507 0.8094718
1532199910.866514 0.5024900 -0.1176426 7.8282013 0.0371514 -0.5542912 -0.1687018 0.8141995
1532199912.355004 0.2425380 -0.1331921 8.0289450 0.0509395 -0.6052448 -0.1593364 0.7782646
1532199914.043142 -0.0196605 -0.0649952 8.2330132 0.0106951 -0.6723942 -0.1515580 0.7244321
1532199915.731735 -0.1927614 -0.0729659 8.3879299 0.0508813 -0.6937548 -0.1307847 0.7064070
1532199916.726793 -0.3352890 -0.1322235 8.4575768 0.0221250 -0.7359531 -0.1000562 0.6692327
1532199917.471735 -0.4453745 -0.1778645 8.4964714 0.0065114 -0.7859961 -0.0799649 0.6130037
1532199918.464553 -0.6278982 -0.1763517 8.6336641 0.0297324 -0.7848678 -0.0922141 0.6120417
1532199919.955539 -0.9563189 -0.1685206 8.7659159 -0.0122945 -0.8032616 -0.1164074 0.5840111
1532199921.544097 -1.2617846 -0.2007788 8.9540005 0.0540089 -0.8249547 -0.1895117 0.5297340
1532199923.181456 -1.5320282 -0.2271938 9.2218599 0.0974221 -0.7999581 -0.2255506 0.5474514
1532199926.407836 -2.0643768 -0.1585946 9.4838877 0.0884629 -0.8924672 -0.1266877 0.4238240
1532199927.899306 -2.4683208 -0.0791380 9.5447378 0.0937632 -0.9183553 -0.1717764 0.3439838
1532199929.040683 -2.7210426 -0.1042361 9.5284491 0.0910204 -0.9357919 -0.1677948 0.2964016
1532199929.984688 -2.9291639 -0.0321078 9.4306898 0.0712715 -0.9582238 -0.1534940 0.2305800
1532199931.424998 -3.1805620 -0.0326047 9.3070145 0.1064539 -0.9593358 -0.1124928 0.2359826
1532199933.411935 -3.3311720 0.0166516 9.1579647 0.1557844 -0.9582372 -0.1348823 0.1982911
1532199935.497098 -3.5967007 -0.0247140 8.9386911 0.1880861 -0.9447446 -0.1024950 0.2481451
1532199938.329319 -3.8222857 -0.0289829 8.5894032 0.1642651 -0.9535273 -0.1118356 0.2264849
1532199939.966857 -3.9046202 -0.0698903 8.4267101 0.1934609 -0.9482989 -0.1057750 0.2282842
1532199941.755190 -3.9370956 -0.0982633 8.2884789 0.2017349 -0.9579365 -0.0938272 0.1812657
1532199942.749928 -3.9989166 -0.1197004 8.2069912 0.1965342 -0.9566561 -0.0673359 0.2040818
1532199947.962292 -4.2119713 -0.1378410 7.7978597 0.1640936 -0.9683410 -0.0626815 0.1773697
1532199955.561033 -4.3537807 -0.2453456 7.0377779 0.1968823 -0.9633407 -0.0866102 0.1603457
1532199957.549659 -4.4702048 -0.2118886 6.7668858 0.2158329 -0.9562266 -0.1035138 0.1683208
1532199959.883865 -4.5131898 -0.2455170 6.4601769 0.1951330 -0.9644327 -0.1013889 0.1466732
1532199964.055939 -4.5009098 -0.2632513 6.0120611 0.2449201 -0.9595788 -0.1028917 0.0929301
1532199965.198211 -4.5460043 -0.3082449 5.8715081 0.2833782 -0.9452612 -0.0770791 0.1422563
1532199965.297930 -4.5465460 -0.3153942 5.8645167 0.2941122 -0.9420889 -0.0728458 0.1437358
1532199965.546246 -4.5485606 -0.3324149 5.8454800 0.3194049 -0.9343679 -0.0574631 0.1470893
1532199965.943111 -4.5472851 -0.3584068 5.8183575 0.3276958 -0.9308421 -0.0456919 0.1551153
1532199973.044638 -4.6950202 -0.4404858 5.2970347 0.1100863 -0.9559210 -0.1580582 0.2216162
1532199973.640964 -4.7440963 -0.4466734 5.2383704 0.1162736 -0.9506724 -0.1573355 0.2407238
1532199974.337118 -4.7988868 -0.4535379 5.1673183 0.1317046 -0.9474548 -0.1704870 0.2364687
1532199975.181462 -4.8429804 -0.4824601 5.1051435 0.1197528 -0.9524631 -0.1715332 0.2214718
1532199977.913296 -4.8994021 -0.5608486 4.8438578 0.0756070 -0.9830769 -0.1510199 0.0709668
1532199978.161452 -4.9053316 -0.5482244 4.8237810 0.0718943 -0.9799668 -0.1740692 0.0647788
1532199978.706685 -4.9250736 -0.5381755 4.7570953 0.0668546 -0.9746320 -0.2031620 0.0659405
1532199979.105348 -4.9349570 -0.5363004 4.7012334 0.0841028 -0.9707322 -0.2175205 0.0573646
1532199979.550797 -4.9421749 -0.5489509 4.6304646 0.0863639 -0.9737561 -0.2057453 0.0448253
1532199979.998425 -4.9468145 -0.5504366 4.5611048 0.0700945 -0.9780161 -0.1939590 0.0308419
1532199980.594510 -4.9533587 -0.5172570 4.4895158 0.0544095 -0.9741182 -0.2178535 0.0259449
1532199980.842747 -4.9487495 -0.5066428 4.4633474 0.0445407 -0.9738802 -0.2224091 0.0103766
1532199981.587487 -4.9574757 -0.4907522 4.3681188 -0.0211665 0.9722542 0.2323537 0.0168979
1532199982.383001 -4.9796247 -0.4902642 4.2753248 -0.0130845 0.9762917 0.2143730 0.0269762
1532199986.208740 -4.9073591 -0.4850495 3.9769049 -0.0474621 0.9590806 0.2535033 0.1168241
1532199987.848751 -4.8874578 -0.4513791 3.8984489 -0.0533803 0.9394034 0.2987917 0.1593593
1532199988.593477 -4.8597298 -0.4755857 3.8559909 -0.0308157 0.9419572 0.2857048 0.1736082
1532199988.841847 -4.8449097 -0.4873168 3.8369937 -0.0397262 0.9404164 0.2811428 0.1870763
1532199989.039305 -4.8310556 -0.4950774 3.8171754 -0.0529622 0.9368729 0.2811772 0.2010064
1532199989.090197 -4.8266807 -0.4972589 3.8113446 -0.0555321 0.9361249 0.2801447 0.2051959
1532199989.189880 -4.8182125 -0.5014801 3.7988014 -0.0573194 0.9346446 0.2788416 0.2130761
1532199989.338381 -4.8048072 -0.5067048 3.7775583 -0.0572185 0.9329643 0.2766078 0.2231406
1532199989.438044 -4.7957473 -0.5088241 3.7618876 -0.0569099 0.9332317 0.2734002 0.2260358
1532199989.635382 -4.7772079 -0.5095518 3.7282729 -0.0588214 0.9335368 0.2652849 0.2338225
1532199990.034159 -4.7366061 -0.5117586 3.6647921 -0.0544194 0.9266265 0.2635559 0.2625646
1532199990.530542 -4.6946502 -0.5197473 3.5938907 -0.0463865 0.9168033 0.2701697 0.2903935
1532199991.126828 -4.6425395 -0.5210452 3.5179090 -0.0384738 0.9171492 0.2501733 0.3078480
1532199991.723009 -4.5792093 -0.5077388 3.4878192 -0.0028351 0.9032836 0.2609476 0.3405540
1532199992.467685 -4.5184813 -0.4821945 3.4217095 0.0079302 0.9144814 0.2358557 0.3286838
1532199993.460321 -4.4775710 -0.4336407 3.3208604 -0.0144986 0.9044992 0.2640893 0.3345563
1532199994.255786 -4.4453950 -0.4276103 3.2516923 0.0215723 0.9135298 0.2390162 0.3284348
1532199995.596469 -4.3686218 -0.3904407 3.1646366 0.0119684 0.9099850 0.2469744 0.3328479
1532199996.192622 -4.3235788 -0.3752980 3.1481600 0.0175584 0.8896549 0.2698508 0.3679488
1532199996.491705 -4.3025446 -0.3736908 3.1353474 0.0165193 0.8850007 0.2758382 0.3747189
1532199996.640228 -4.2925920 -0.3750894 3.1283855 0.0134810 0.8827007 0.2754274 0.3805225
1532199996.937296 -4.2742186 -0.3799331 3.1127877 0.0012801 0.8816351 0.2668099 0.3892691
1532199997.185503 -4.2605338 -0.3883243 3.1051073 -0.0075501 0.8777126 0.2657501 0.3986734
1532199997.584313 -4.2396607 -0.4042623 3.0876660 -0.0289537 0.8764392 0.2571354 0.4060758
1532199997.832529 -4.2272167 -0.4143502 3.0718155 -0.0401827 0.8762019 0.2432754 0.4140928
1532199998.029897 -4.2172098 -0.4225237 3.0578437 -0.0430784 0.8758188 0.2322988 0.4208599
1532199998.528324 -4.1999469 -0.4306588 3.0310411 -0.0510219 0.8742297 0.2186653 0.4304705
1532199999.470338 -4.1926808 -0.4179161 2.9596124 -0.0358494 0.8911669 0.2259215 0.3917855
1532199999.843781 -4.1697741 -0.4022859 2.9144006 -0.0168652 0.8932768 0.2345968 0.3830621
1532200000.266013 -4.1172342 -0.3716458 2.8595304 -0.0062981 0.8911688 0.2103824 0.4018926
1532200001.011025 -4.0384064 -0.3294979 2.7921314 0.0258788 0.8992561 0.1906773 0.3928244
1532200002.055070 -3.9507933 -0.2730384 2.7168469 0.0352899 0.9114562 0.1873057 0.3645803
1532200002.799987 -3.8572109 -0.2191398 2.6403160 0.0523130 0.8971184 0.1747037 0.4023934
1532200003.296617 -3.7945571 -0.1776969 2.5708575 0.0385354 0.8888338 0.1830996 0.4182871
1532200004.489305 -3.6520123 -0.1246849 2.3905792 0.0034594 0.9121803 0.1690333 0.3732866
1532200005.433224 -3.5210216 -0.0728941 2.2294254 -0.0228561 0.9149297 0.1514293 0.3734307
1532200006.277364 -3.4296818 -0.0324966 2.1247010 -0.0153978 0.9097767 0.1725498 0.3772213
1532200011.394383 -3.0406332 -0.0129848 1.7565947 0.0038315 0.9129290 0.1376132 0.3841986
1532200013.530903 -2.8579898 0.0315470 1.5969598 -0.0182883 0.9278709 0.1042990 0.3575513
1532200015.069105 -2.7226801 0.1226941 1.4580309 0.0261099 0.9245431 0.1508230 0.3489854
1532200016.261583 -2.6043344 0.1389245 1.3618734 -0.0002198 0.9123431 0.1578979 0.3777543
1532200017.205614 -2.5301304 0.1569902 1.2497227 -0.0078658 0.9117160 0.1530024 0.3811855
1532200017.852612 -2.4885893 0.1935045 1.1750469 -0.0361620 0.9113249 0.1531678 0.3804194
1532200018.944917 -2.4045711 0.2387738 1.0588996 -0.0067180 0.9123999 0.1527668 0.3796624
1532200019.986406 -2.3429346 0.2773193 0.9630833 -0.0263468 0.9077701 0.1580680 0.3876516
1532200020.881738 -2.2991445 0.2802227 0.8783958 -0.0086880 0.9139628 0.1428215 0.3797348
1532200022.023290 -2.2201025 0.2794746 0.7998171 -0.0095917 0.9127731 0.1382118 0.3842536
1532200022.818940 -2.1558344 0.2854056 0.7444296 -0.0249711 0.9032337 0.1502268 0.4012197
1532200026.148172 -1.9769123 0.2797249 0.4520841 -0.0215464 0.9146174 0.1585521 0.3713112
1532200028.382719 -1.8578709 0.3741234 0.3268526 -0.0128379 0.9119343 0.1938785 0.3614171
1532200030.322294 -1.7434962 0.4872649 0.1968517 -0.0066179 0.9053319 0.2315452 0.3559737
1532200031.663250 -1.6601915 0.5119973 0.1488310 -0.0353783 0.8956952 0.2421772 0.3712529
1532200033.748794 -1.4195086 0.5422841 -0.0182215 -0.0602181 0.8599241 0.2328943 0.4501829
1532200034.593418 -1.2830161 0.6130915 -0.0910665 -0.0780979 0.8201705 0.2506947 0.5083044
1532200036.929510 -0.9721174 0.7322696 -0.2142658 -0.0757028 0.7834806 0.2822832 0.5484008
1532200038.022586 -0.8016714 0.7851683 -0.2098680 -0.1007080 0.7075636 0.2684279 0.6458778
1532200039.512348 -0.5609459 0.8471784 -0.2150053 -0.1027340 0.6601349 0.2368210 0.7053961
1532200041.003622 -0.4304246 0.8238448 -0.2073383 -0.0781499 0.6265488 0.2327642 0.7396959
1532200041.400257 -0.4176443 0.8044502 -0.2060360 -0.0458749 0.6335533 0.2167581 0.7412974
1532200047.906534 -0.3193840 0.7835057 -0.2374699 -0.0761610 0.6242706 0.2437009 0.7383059
1532200051.035487 -0.2878815 0.8548788 -0.1345327 -0.0606683 0.5910067 0.2577803 0.7619578
1532200052.227930 -0.1811274 0.8720409 -0.0872182 -0.0640817 0.5412847 0.2237202 0.8079937
1532200052.775293 -0.1604963 0.8476949 -0.0288921 -0.0471358 0.4892815 0.2173379 0.8432947
1532200053.072335 -0.1480913 0.8400980 0.0037242 -0.0422418 0.4570463 0.2176583 0.8613647
1532200053.172036 -0.1423467 0.8399836 0.0149683 -0.0396476 0.4470136 0.2127452 0.8679553
1532200053.471142 -0.1320187 0.8297237 0.0447211 -0.0412096 0.4304387 0.2000320 0.8792108
1532200053.916773 -0.1264787 0.8008494 0.0930873 -0.0590011 0.4030155 0.2000132 0.8911185
1532200054.264671 -0.1397733 0.7806489 0.1359398 -0.0665123 0.3803739 0.1817669 0.9043520
1532200054.364368 -0.1289872 0.7730626 0.1365804 -0.0682794 0.3632945 0.1763602 0.9122786
