1494876487.362291 -0.07661 0.03425 0.08131 0.99414 -0.06190 0.07782 0.04248
1494876488.158182 -0.06994 0.02841 0.10433 0.99386 -0.06987 0.07410 0.04325
1494876488.396335 -0.05508 0.01287 0.11926 0.99279 -0.07301 0.08236 0.04740
1494876488.634548 -0.03389 0.00018 0.13408 0.99145 -0.08718 0.08467 0.04746
1494876488.793309 -0.01504 -0.00851 0.14193 0.99023 -0.09871 0.08639 0.04728
1494876488.952093 0.00299 -0.01662 0.14727 0.98980 -0.10677 0.08351 0.04396
1494876489.112916 0.02165 -0.02361 0.14958 0.98998 -0.10573 0.08434 0.04068
1494876489.351077 0.03947 -0.03329 0.14247 0.99005 -0.10220 0.08724 0.04182
1494876489.906779 0.02577 -0.03535 0.12518 0.99001 -0.10876 0.07871 0.04318
1494876490.145039 0.00466 -0.02899 0.11929 0.98941 -0.11106 0.07927 0.04945
1494876490.385541 -0.01565 -0.02353 0.11670 0.98970 -0.11029 0.07533 0.05151
1494876490.703547 -0.03810 -0.01967 0.11047 0.99112 -0.10136 0.06520 0.05616
1494876491.339613 -0.05724 -0.01543 0.10332 0.99410 -0.09282 0.03046 0.04715
1494876492.534205 -0.05600 -0.00425 0.12240 0.99826 -0.03451 0.01912 0.04373
1494876492.933747 -0.03800 0.00205 0.13537 0.99190 -0.12153 0.02339 0.02847
1494876493.331252 -0.03596 -0.01256 0.14948 0.99045 -0.13452 0.01262 0.02763
1494876493.649338 -0.03884 -0.01793 0.17421 0.99149 -0.12601 0.01512 0.02884
1494876493.887932 -0.03435 -0.02252 0.20229 0.99185 -0.12250 0.01798 0.03008
1494876494.046992 -0.03038 -0.02498 0.22210 0.99218 -0.11947 0.01853 0.03089
1494876494.208042 -0.02295 -0.02873 0.24241 0.99196 -0.12020 0.02077 0.03358
1494876494.367041 -0.01571 -0.03248 0.26198 0.99202 -0.11817 0.02379 0.03700
1494876494.526081 -0.01001 -0.03517 0.28177 0.99223 -0.11587 0.02429 0.03833
1494876494.764731 0.00216 -0.03810 0.30827 0.99250 -0.11457 0.02190 0.03659
1494876495.003350 0.00866 -0.04089 0.32763 0.99314 -0.11203 0.02112 0.02602
1494876495.241967 0.01091 -0.04218 0.34891 0.99347 -0.11199 0.01687 0.01413
1494876495.562181 0.00142 -0.03246 0.36505 0.99313 -0.11417 0.02051 0.01546
1494876495.800774 -0.01427 -0.02491 0.38091 0.99326 -0.11415 0.01332 0.01533
1494876496.119083 -0.02875 -0.02407 0.40043 0.99278 -0.11816 0.01130 0.01741
1494876496.596718 -0.04082 -0.02843 0.41844 0.99287 -0.11720 0.00888 0.01995
1494876497.235723 -0.05860 -0.02091 0.40461 0.99542 -0.08269 -0.02666 0.03989
1494876497.554032 -0.06938 -0.00528 0.39180 0.99711 -0.05603 -0.03073 0.04101
1494876497.792804 -0.07883 0.01311 0.38303 0.99813 -0.03752 -0.03373 0.03437
1494876498.033579 -0.08631 0.04021 0.37673 0.99883 -0.02430 -0.03903 0.01504
1494876498.272350 -0.08973 0.06346 0.35851 0.99934 -0.00716 -0.02914 0.02035
1494876498.511066 -0.09371 0.08144 0.34069 0.99916 0.01548 -0.01707 0.03388
1494876498.749798 -0.09452 0.10104 0.32764 0.99877 0.03752 -0.00427 0.03219
1494876498.988530 -0.09203 0.12070 0.31285 0.99797 0.05610 0.01413 0.02665
1494876499.308936 -0.10393 0.13167 0.29296 0.99415 0.10063 0.01800 0.03494
1494876499.627208 -0.11925 0.14438 0.27624 0.99075 0.12784 0.00034 0.04541
1494876499.945467 -0.12055 0.15740 0.25906 0.98703 0.15227 0.00339 0.05063
1494876500.343338 -0.11825 0.17833 0.24763 0.98162 0.18628 0.00909 0.04047
1494876500.663647 -0.10712 0.19577 0.24203 0.97676 0.21036 0.01297 0.03890
1494876500.981881 -0.09615 0.21382 0.24720 0.97156 0.23345 0.01794 0.03546
1494876501.220489 -0.08555 0.22856 0.25582 0.96738 0.25064 0.02134 0.02993
1494876501.459134 -0.06935 0.24831 0.26347 0.96472 0.26116 0.02458 0.02245
1494876501.697779 -0.05513 0.26589 0.26937 0.96167 0.27225 0.02493 0.02129
1494876502.017965 -0.04108 0.28659 0.27610 0.95635 0.29005 0.02843 0.02134
1494876502.256574 -0.03042 0.30562 0.28087 0.95366 0.29891 0.03064 0.01564
1494876502.495246 -0.01561 0.32266 0.28193 0.95183 0.30445 0.03262 0.01641
1494876502.733876 -0.00281 0.33956 0.28081 0.94996 0.31065 0.03055 0.01205
1494876502.972536 0.01136 0.35631 0.27756 0.94940 0.31274 0.02707 0.00973
1494876503.213304 0.02925 0.36841 0.27723 0.94713 0.31969 0.02393 0.01301
1494876503.451957 0.04502 0.38407 0.27397 0.94436 0.32782 0.02249 0.01464
1494876503.690536 0.05805 0.40349 0.27189 0.94295 0.33211 0.01927 0.01329
1494876503.929102 0.07402 0.42081 0.26806 0.94002 0.34006 0.02091 0.01697
1494876504.167710 0.08796 0.43761 0.26909 0.93858 0.34403 0.02144 0.01559
1494876504.487868 0.10730 0.45335 0.26344 0.93366 0.35699 0.01848 0.02221
1494876504.726561 0.12155 0.46837 0.26348 0.92974 0.36722 0.01715 0.02109
1494876504.965261 0.13451 0.48710 0.26472 0.92572 0.37716 0.01913 0.02048
1494876505.204008 0.14467 0.50830 0.26499 0.92276 0.38434 0.02117 0.01878
1494876505.442683 0.15693 0.52644 0.26558 0.91985 0.39131 0.02098 0.01767
1494876505.683405 0.16944 0.54419 0.26346 0.91819 0.39543 0.01721 0.01649
1494876506.001627 0.18430 0.56622 0.26153 0.91372 0.40579 0.00940 0.01890
1494876506.319859 0.19101 0.59123 0.26224 0.90813 0.41836 0.00591 0.01556
1494876506.558550 0.19858 0.61046 0.26310 0.90426 0.42672 0.00529 0.01398
1494876506.797187 0.21320 0.63158 0.25852 0.89977 0.43607 0.00891 0.01351
1494876507.037909 0.22172 0.64903 0.25091 0.89775 0.44034 0.00771 0.00972
1494876507.276529 0.23207 0.66588 0.24637 0.89635 0.44325 0.00005 0.00905
1494876507.515203 0.24858 0.68061 0.24643 0.89533 0.44513 -0.00427 0.01507
1494876507.833480 0.26528 0.69921 0.24371 0.89295 0.44963 -0.00125 0.02167
1494876508.072151 0.27638 0.71638 0.24069 0.89187 0.45175 0.00153 0.02192
1494876508.312910 0.29122 0.73229 0.23736 0.88849 0.45792 0.00512 0.02943
1494876508.551625 0.30561 0.74722 0.23522 0.88728 0.46004 0.00827 0.03217
1494876508.790293 0.31920 0.76272 0.23466 0.88798 0.45850 0.00990 0.03412
1494876509.029059 0.33440 0.77943 0.23360 0.88854 0.45713 0.01372 0.03656
1494876509.267784 0.34746 0.80063 0.23363 0.88892 0.45665 0.01605 0.03221
1494876509.508515 0.35880 0.82010 0.23253 0.88852 0.45727 0.00760 0.03714
1494876509.826768 0.36584 0.84071 0.22641 0.88199 0.47071 0.00968 0.02059
1494876510.383884 0.35411 0.85623 0.21361 0.88652 0.46092 0.02212 0.03370
1494876510.863418 0.33306 0.86554 0.20795 0.89089 0.45200 0.01043 0.04353
1494876511.181713 0.31543 0.87372 0.20034 0.88657 0.45915 0.01880 0.05312
1494876511.340853 0.29596 0.87744 0.19332 0.88500 0.46193 0.02124 0.05428
1494876511.579556 0.27429 0.89049 0.18931 0.88364 0.46460 0.01951 0.05433
1494876511.738673 0.25078 0.89464 0.18954 0.88385 0.46430 0.01365 0.05520
1494876511.897805 0.22750 0.89672 0.18788 0.88378 0.46448 0.01320 0.05489
1494876512.058929 0.20188 0.89554 0.18630 0.88546 0.46150 0.01458 0.05257
1494876512.218071 0.17444 0.88988 0.18751 0.88587 0.46065 0.01014 0.05410
1494876512.377175 0.14451 0.88829 0.18878 0.88618 0.46004 0.00843 0.05466
1494876512.536309 0.11258 0.89084 0.18955 0.88757 0.45749 0.01105 0.05286
1494876512.695437 0.07941 0.89457 0.19163 0.88777 0.45738 0.01026 0.05070
1494876512.854553 0.04083 0.89877 0.19186 0.88818 0.45688 0.01051 0.04784
1494876512.934119 0.01995 0.90044 0.19163 0.88828 0.45682 0.01127 0.04626
1494876513.013673 0.08695 0.93690 0.20723 0.88788 0.45780 0.00842 0.04498
1494876513.172767 0.06701 0.94770 0.21003 0.88819 0.45753 0.00510 0.04187
1494876513.333941 0.04717 0.95425 0.21012 0.88862 0.45624 0.00541 0.04649
1494876513.413545 0.31300 1.03100 0.27330 0.88808 0.45722 0.00151 0.04757
1494876513.493084 0.50655 1.10045 0.31504 0.88781 0.45786 -0.00188 0.04633
1494876513.652200 0.52288 1.12033 0.32121 0.88868 0.45663 -0.00348 0.04160
1494876513.731791 0.54433 1.13316 0.32391 0.88816 0.45789 -0.00448 0.03859
1494876513.890922 0.55818 1.15475 0.32521 0.88724 0.46010 -0.00453 0.03311
1494876514.050034 0.57012 1.17577 0.32483 0.88563 0.46337 -0.00704 0.02996
1494876514.288738 0.56250 1.19823 0.31933 0.88345 0.46775 -0.01002 0.02501
1494876514.447831 0.57006 1.21796 0.31533 0.88153 0.47144 -0.00957 0.02384
1494876514.608997 0.57875 1.23734 0.30940 0.87960 0.47514 -0.00854 0.02164
1494876514.768088 0.58704 1.25415 0.29958 0.87831 0.47770 -0.00707 0.01793
1494876515.006741 0.59669 1.27704 0.28747 0.87724 0.47966 -0.00712 0.01786
1494876515.245449 0.60755 1.29026 0.26854 0.87594 0.48183 -0.00075 0.02391
1494876515.484075 0.62633 1.30632 0.25234 0.87480 0.48331 0.00898 0.03241
1494876515.642995 0.63988 1.31891 0.24283 0.87435 0.48386 0.01529 0.03419
1494876515.803914 0.65336 1.33535 0.23781 0.87348 0.48544 0.01240 0.03505
1494876515.962749 0.66689 1.35548 0.23424 0.87396 0.48462 0.00899 0.03534
1494876516.121628 0.68218 1.37453 0.23175 0.87375 0.48498 0.00913 0.03574
1494876516.280471 0.69204 1.39416 0.22334 0.87419 0.48426 0.01378 0.03311
1494876516.439327 0.70537 1.41201 0.22279 0.87504 0.48265 0.01398 0.03398
1494876516.598203 0.72036 1.43083 0.22461 0.87551 0.48184 0.01418 0.03334
1494876516.757048 0.73454 1.44965 0.22958 0.87637 0.48036 0.01239 0.03289
1494876516.915928 0.74827 1.47108 0.23789 0.87600 0.48097 0.01123 0.03424
1494876517.076848 0.76270 1.49315 0.24882 0.87470 0.48328 0.01290 0.03442
1494876517.235715 0.77525 1.51448 0.26026 0.87306 0.48636 0.01498 0.03155
1494876517.394590 0.78611 1.54186 0.27219 0.87229 0.48774 0.01557 0.03131
1494876517.553445 0.79860 1.56556 0.28445 0.87034 0.49120 0.01331 0.03244
1494876517.712315 0.81177 1.58808 0.29804 0.87047 0.49116 0.01147 0.03019
1494876517.871217 0.83060 1.60773 0.31062 0.87034 0.49136 0.01080 0.03092
1494876518.030118 0.84820 1.63019 0.32299 0.86897 0.49366 0.01088 0.03277
1494876518.188987 0.86475 1.65573 0.33479 0.86830 0.49506 0.00936 0.02991
1494876518.349898 0.87735 1.68360 0.34457 0.86690 0.49784 0.00531 0.02491
1494876518.508726 0.88614 1.71384 0.35247 0.86457 0.50197 -0.00108 0.02308
1494876518.667567 0.89432 1.74608 0.35714 0.86195 0.50627 -0.00743 0.02600
1494876518.826421 0.90733 1.77829 0.35766 0.85800 0.51274 -0.00745 0.02965
1494876518.985341 0.92182 1.80882 0.35791 0.85592 0.51626 -0.00758 0.02854
1494876519.144445 0.93959 1.83793 0.35733 0.85537 0.51691 -0.01107 0.03212
1494876519.303620 0.96036 1.86686 0.35512 0.85390 0.51880 -0.01559 0.03814
1494876519.462736 0.98410 1.89373 0.35482 0.85217 0.52127 -0.02076 0.04076
1494876519.623947 1.00299 1.92718 0.35397 0.85065 0.52365 -0.02406 0.04019
1494876519.783142 1.01734 1.96071 0.34989 0.84854 0.52708 -0.02453 0.03945
1494876519.942283 1.02978 1.99591 0.34770 0.84513 0.53217 -0.03017 0.04039
1494876520.101473 1.04243 2.03358 0.34503 0.84351 0.53471 -0.03389 0.03775
1494876520.260645 1.05775 2.06665 0.34143 0.84249 0.53608 -0.03702 0.03830
1494876520.419761 1.07484 2.09551 0.33883 0.84294 0.53523 -0.03956 0.03757
1494876520.578916 1.09446 2.12311 0.33631 0.84468 0.53221 -0.04131 0.03951
1494876520.738070 1.11852 2.15022 0.33513 0.84560 0.52990 -0.04445 0.04677
1494876520.899216 1.14546 2.17937 0.33470 0.84692 0.52742 -0.04489 0.05037
1494876520.978775 1.15842 2.19495 0.33525 0.84789 0.52569 -0.04504 0.05196
1494876521.058306 1.17153 2.21181 0.33620 0.84830 0.52488 -0.04545 0.05324
1494876521.137835 1.18380 2.22912 0.33694 0.84779 0.52558 -0.04602 0.05385
1494876521.296950 1.20296 2.26348 0.33765 0.84620 0.52824 -0.04721 0.05175
1494876521.456047 1.21691 2.30156 0.33787 0.84501 0.52960 -0.05245 0.05221
1494876521.535620 1.22474 2.32225 0.33810 0.84404 0.53085 -0.05479 0.05277
1494876521.615180 1.23433 2.34454 0.33956 0.84318 0.53219 -0.05544 0.05250
1494876521.694747 1.24359 2.36662 0.33985 0.84271 0.53315 -0.05396 0.05181
1494876521.774318 1.25056 2.38726 0.33757 0.84295 0.53320 -0.05098 0.05031
1494876521.853873 1.25996 2.40776 0.33742 0.84350 0.53270 -0.04764 0.04967
1494876521.933459 1.26982 2.42676 0.33678 0.84388 0.53237 -0.04431 0.04985
1494876522.013042 1.28001 2.44435 0.33654 0.84393 0.53244 -0.04178 0.05048
1494876522.174234 1.30057 2.47852 0.33603 0.84350 0.53322 -0.03866 0.05179
1494876522.253775 1.31071 2.49614 0.33661 0.84377 0.53288 -0.03824 0.05127
1494876522.412912 1.32912 2.53115 0.33702 0.84487 0.53134 -0.03729 0.04988
1494876522.492506 1.33824 2.54899 0.33702 0.84596 0.52976 -0.03572 0.04939
1494876522.651657 1.35384 2.58477 0.33672 0.84649 0.52902 -0.03708 0.04711
1494876522.810776 1.36672 2.62010 0.33575 0.84624 0.52942 -0.03972 0.04493
1494876522.969987 1.38015 2.65498 0.33667 0.84499 0.53138 -0.04270 0.04241
1494876523.129140 1.39271 2.69074 0.33950 0.84395 0.53288 -0.04667 0.04012
1494876523.288280 1.40508 2.72642 0.34271 0.84283 0.53470 -0.04809 0.03773
1494876523.449494 1.41997 2.75999 0.34759 0.84239 0.53541 -0.05010 0.03480
1494876523.608613 1.43355 2.79371 0.35168 0.84280 0.53461 -0.05241 0.03362
1494876523.767758 1.44950 2.82775 0.35482 0.84189 0.53578 -0.05277 0.03710
1494876523.926905 1.46670 2.86220 0.35752 0.84124 0.53683 -0.04967 0.04093
1494876524.085904 1.48479 2.89348 0.35976 0.84150 0.53627 -0.04756 0.04504
1494876524.244853 1.50478 2.92205 0.36121 0.84089 0.53723 -0.04302 0.04941
1494876524.404002 1.52323 2.94739 0.36535 0.84206 0.53557 -0.04066 0.04950
1494876524.563160 1.54383 2.97352 0.37003 0.84317 0.53354 -0.03944 0.05330
1494876524.724384 1.56515 2.99974 0.37443 0.84415 0.53172 -0.03579 0.05833
1494876524.883383 1.58655 3.02499 0.38042 0.84432 0.53102 -0.03421 0.06302
1494876525.042315 1.60213 3.06022 0.38417 0.84613 0.52816 -0.03240 0.06377
1494876525.201200 1.61714 3.09412 0.38982 0.84720 0.52691 -0.02938 0.06119
1494876525.360096 1.63165 3.12650 0.39354 0.84710 0.52765 -0.02597 0.05769
1494876525.518985 1.64558 3.15644 0.39686 0.84780 0.52681 -0.02656 0.05475
1494876525.677921 1.65868 3.18551 0.39931 0.84860 0.52590 -0.02696 0.05078
1494876525.836829 1.67084 3.21459 0.39968 0.85052 0.52320 -0.02415 0.04794
1494876525.997865 1.68298 3.24055 0.39745 0.85162 0.52229 -0.01248 0.04251
1494876526.156978 1.69235 3.26120 0.39508 0.85066 0.52382 -0.00274 0.04459
1494876526.316046 1.69950 3.28175 0.39356 0.84909 0.52633 -0.00027 0.04501
1494876526.475054 1.70711 3.30461 0.39039 0.84966 0.52561 0.00301 0.04247
1494876526.634047 1.71467 3.32866 0.38763 0.85110 0.52344 0.00223 0.04035
1494876526.793068 1.72284 3.35397 0.38484 0.85299 0.52049 0.00290 0.03855
1494876526.952056 1.73230 3.37715 0.38233 0.85404 0.51885 0.00876 0.03646
1494876527.111158 1.74304 3.39656 0.38096 0.85411 0.51854 0.01342 0.03775
1494876527.272158 1.75394 3.41738 0.38298 0.85643 0.51467 0.01220 0.03851
1494876527.431167 1.76670 3.43693 0.38673 0.86011 0.50852 0.01180 0.03830
1494876527.590213 1.78322 3.45684 0.39226 0.86309 0.50332 0.00863 0.04082
1494876527.749237 1.80328 3.47631 0.40028 0.86536 0.49929 0.00591 0.04276
1494876527.908263 1.82403 3.49776 0.40943 0.86947 0.49248 0.00493 0.03822
1494876528.067307 1.84530 3.52094 0.41960 0.87258 0.48710 0.00347 0.03628
1494876528.226314 1.86665 3.54362 0.42992 0.87362 0.48521 0.00155 0.03688
1494876528.385322 1.88634 3.56557 0.43868 0.87403 0.48428 0.00256 0.03926
1494876528.546374 1.90238 3.58523 0.44665 0.87382 0.48470 0.00595 0.03818
1494876528.705361 1.91277 3.60322 0.45219 0.87365 0.48517 0.00430 0.03661
1494876528.864405 1.92232 3.62373 0.45712 0.87272 0.48693 -0.00004 0.03542
1494876529.023411 1.92783 3.64434 0.46117 0.87199 0.48841 -0.00426 0.03274
1494876529.182441 1.92714 3.66694 0.46464 0.87273 0.48697 -0.01190 0.03244
1494876529.341482 1.92577 3.69263 0.46697 0.87464 0.48319 -0.02125 0.03285
1494876529.500520 1.93061 3.71998 0.47071 0.87233 0.48716 -0.02759 0.03070
1494876529.659540 1.93308 3.74328 0.47272 0.86976 0.49166 -0.02928 0.03040
1494876529.820595 1.93208 3.76451 0.47542 0.86840 0.49397 -0.03245 0.02872
1494876530.059129 1.92716 3.79409 0.48178 0.86704 0.49579 -0.03971 0.02939
1494876530.218158 1.92769 3.81936 0.48858 0.86702 0.49553 -0.04280 0.02988
1494876530.377203 1.92636 3.83884 0.49774 0.86728 0.49503 -0.04488 0.02760
1494876530.536197 1.92490 3.85927 0.50406 0.86792 0.49381 -0.04700 0.02585
1494876530.695213 1.92776 3.88358 0.50900 0.86916 0.49182 -0.04678 0.02225
1494876530.933761 1.93394 3.90668 0.51380 0.87109 0.48786 -0.05184 0.02265
1494876531.174330 1.94527 3.92999 0.50951 0.87051 0.48843 -0.05169 0.03134
1494876531.333360 1.95215 3.94773 0.50199 0.86982 0.48956 -0.05027 0.03485
1494876531.492378 1.95454 3.96647 0.49176 0.86883 0.49087 -0.05163 0.03901
1494876531.651458 1.95514 3.98938 0.48195 0.86834 0.49160 -0.05163 0.04073
1494876531.810504 1.95510 4.01257 0.47512 0.86813 0.49178 -0.05289 0.04126
1494876531.969532 1.95349 4.03446 0.46987 0.86811 0.49157 -0.05425 0.04242
1494876532.128603 1.95204 4.05613 0.46577 0.86864 0.49091 -0.05120 0.04288
1494876532.369196 1.95657 4.08530 0.46182 0.86750 0.49254 -0.04742 0.05103
1494876532.607723 1.96778 4.11470 0.46099 0.86628 0.49413 -0.04517 0.05793
1494876532.766772 1.97294 4.14116 0.45936 0.86698 0.49244 -0.04396 0.06254
1494876532.925775 1.97717 4.16835 0.45569 0.86441 0.49677 -0.04196 0.06528
1494876533.084826 1.97880 4.19527 0.44876 0.86062 0.50248 -0.04053 0.07207
1494876533.243825 1.98326 4.22528 0.44243 0.85800 0.50508 -0.04614 0.08120
1494876533.402920 1.99214 4.25672 0.43959 0.85749 0.50478 -0.05731 0.08136
1494876533.562053 2.00098 4.28239 0.43737 0.85955 0.50200 -0.06210 0.07289
1494876533.723202 2.01135 4.30404 0.43816 0.86295 0.49574 -0.06569 0.07242
1494876533.961883 2.02586 4.32810 0.44491 0.86659 0.48868 -0.06714 0.07558
1494876534.120974 2.03000 4.34886 0.45036 0.86894 0.48497 -0.06758 0.07195
1494876534.280071 2.03140 4.37250 0.45426 0.86963 0.48368 -0.06925 0.07068
1494876534.439192 2.02957 4.39797 0.45570 0.86928 0.48360 -0.07342 0.07139
1494876534.598281 2.02616 4.42360 0.45444 0.86924 0.48281 -0.07530 0.07513
1494876534.757403 2.02587 4.44745 0.45388 0.86829 0.48404 -0.07871 0.07473
1494876534.918531 2.02750 4.47126 0.45212 0.86969 0.48184 -0.07780 0.07354
1494876535.077635 2.03163 4.49618 0.45378 0.87165 0.47716 -0.08254 0.07573
1494876535.236753 2.04157 4.52134 0.45401 0.87445 0.47263 -0.07969 0.07482
1494876535.395850 2.05474 4.54302 0.45640 0.87893 0.46507 -0.07906 0.07032
1494876535.554979 2.07042 4.56520 0.45892 0.88319 0.45742 -0.07866 0.06754
1494876535.714096 2.08627 4.59205 0.45916 0.88579 0.45249 -0.07395 0.07181
1494876535.873239 2.09855 4.61669 0.46056 0.88470 0.45333 -0.07095 0.08223
1494876536.032320 2.10411 4.63789 0.46301 0.88311 0.45581 -0.06756 0.08827
1494876536.193479 2.10447 4.65850 0.46854 0.88469 0.45389 -0.06880 0.08109
1494876536.352587 2.10579 4.68003 0.47766 0.88680 0.45007 -0.07696 0.07136
1494876536.511745 2.11149 4.70552 0.48408 0.88872 0.44775 -0.07668 0.06183
1494876536.670889 2.11947 4.72939 0.48830 0.89127 0.44436 -0.07597 0.04905
1494876536.830032 2.13031 4.75296 0.49257 0.89432 0.43678 -0.08352 0.04941
1494876536.989215 2.14432 4.77296 0.49539 0.89672 0.43180 -0.08321 0.05009
1494876537.148380 2.16062 4.79749 0.49863 0.89738 0.43188 -0.07852 0.04496
1494876537.307595 2.17591 4.82132 0.50373 0.89720 0.43208 -0.07701 0.04915
1494876537.468804 2.18381 4.83883 0.51190 0.89701 0.43177 -0.07916 0.05175
1494876537.707524 2.16526 4.82555 0.52206 0.89319 0.44067 -0.08024 0.03979
1494876537.866687 2.14023 4.81012 0.52737 0.89192 0.44356 -0.08524 0.02185
1494876538.105416 2.12890 4.83590 0.53361 0.88934 0.44825 -0.08976 -0.00912
1494876538.423675 2.14601 4.83737 0.51257 0.89123 0.44830 -0.06684 0.01634
1494876538.662451 2.16277 4.84736 0.49912 0.89301 0.44388 -0.06817 0.02918
1494876538.823652 2.17018 4.86541 0.49013 0.89463 0.44059 -0.06686 0.03239
1494876538.982785 2.17459 4.88643 0.48437 0.89598 0.43711 -0.07167 0.03199
1494876539.141923 2.17769 4.90630 0.47557 0.89823 0.43271 -0.06929 0.03385
1494876539.380627 2.18116 4.93198 0.46656 0.89804 0.43396 -0.06362 0.03410
1494876539.539797 2.18376 4.95183 0.46255 0.89917 0.43084 -0.06808 0.03510
1494876539.698938 2.19236 4.97181 0.45664 0.89913 0.43062 -0.06689 0.04065
1494876539.858114 2.20041 4.99168 0.45408 0.89985 0.42799 -0.07207 0.04351
1494876540.019272 2.20777 5.01118 0.44951 0.90099 0.42578 -0.07165 0.04229
1494876540.178383 2.21383 5.02921 0.44316 0.90036 0.42711 -0.06921 0.04616
1494876540.337504 2.21920 5.05197 0.43669 0.90083 0.42594 -0.07037 0.04620
1494876540.496591 2.22537 5.07567 0.42983 0.90213 0.42402 -0.06793 0.04194
1494876540.655652 2.23114 5.09779 0.42582 0.90280 0.42322 -0.06663 0.03730
1494876540.814705 2.23563 5.11849 0.42462 0.90514 0.41815 -0.06873 0.03378
1494876541.053293 2.24082 5.14018 0.42330 0.90373 0.42095 -0.07119 0.03174
1494876541.212343 2.24317 5.16371 0.42449 0.90580 0.41623 -0.07647 0.02091
1494876541.373464 2.24906 5.19110 0.41638 0.90717 0.41463 -0.06942 0.01732
1494876541.532583 2.25631 5.21149 0.41415 0.90574 0.41813 -0.06541 0.02290
1494876541.691654 2.26242 5.23214 0.41320 0.90686 0.41628 -0.06216 0.02147
1494876541.930312 2.27360 5.25615 0.41233 0.90975 0.41063 -0.05896 0.01600
1494876542.169019 2.28322 5.27974 0.41076 0.91226 0.40440 -0.06349 0.01455
1494876542.407684 2.29432 5.30280 0.40063 0.91052 0.40869 -0.05851 0.02244
1494876542.568817 2.30332 5.32290 0.39450 0.91108 0.40776 -0.05451 0.02639
1494876542.727980 2.31268 5.34257 0.38806 0.91191 0.40651 -0.04930 0.02711
1494876542.887061 2.32221 5.36038 0.38283 0.91248 0.40574 -0.04686 0.02360
1494876543.125719 2.33785 5.38256 0.37676 0.91294 0.40449 -0.04638 0.02782
1494876543.364386 2.35370 5.40625 0.37153 0.91264 0.40504 -0.04553 0.03094
1494876543.603118 2.36633 5.43247 0.36450 0.91286 0.40479 -0.04306 0.03115
1494876543.843835 2.37779 5.45598 0.35368 0.91265 0.40594 -0.03880 0.02781
1494876544.082508 2.38803 5.47916 0.33960 0.91380 0.40375 -0.03662 0.02496
1494876544.321167 2.39487 5.49760 0.32400 0.91339 0.40452 -0.03523 0.02882
1494876544.559797 2.40143 5.51869 0.31150 0.91509 0.40110 -0.03534 0.02173
1494876544.798425 2.41180 5.53752 0.29595 0.91513 0.40116 -0.03395 0.02131
1494876545.037106 2.42365 5.55929 0.27863 0.91535 0.40032 -0.03492 0.02556
1494876545.277798 2.43424 5.58215 0.26247 0.91349 0.40460 -0.03412 0.02586
1494876545.436923 2.43822 5.59868 0.25137 0.91277 0.40647 -0.03134 0.02566
1494876545.675621 2.44974 5.62170 0.24035 0.91242 0.40707 -0.03275 0.02686
1494876545.914332 2.46063 5.63800 0.23597 0.91353 0.40380 -0.03780 0.03123
1494876546.153046 2.47750 5.65709 0.23585 0.91398 0.40279 -0.03603 0.03314
1494876546.393823 2.49231 5.68087 0.23354 0.91369 0.40446 -0.02509 0.03080
1494876546.552958 2.50248 5.70704 0.22187 0.91341 0.40571 -0.00914 0.03150
1494876546.791673 2.51177 5.73287 0.21390 0.91100 0.40997 -0.00059 0.04478
1494876547.030365 2.51642 5.75019 0.20260 0.91058 0.41036 0.01414 0.04746
1494876547.428246 2.53138 5.77264 0.20031 0.91518 0.40018 0.00458 0.04782
1494876547.587408 2.54639 5.78666 0.20849 0.91608 0.39819 0.00161 0.04720
1494876547.748592 2.56486 5.80736 0.21394 0.91554 0.39963 0.00333 0.04543
1494876547.907753 2.57879 5.82861 0.22312 0.91639 0.39792 0.00787 0.04268
1494876548.066895 2.58943 5.84866 0.23518 0.91749 0.39591 0.00905 0.03722
1494876548.226055 2.60467 5.86780 0.24793 0.91735 0.39608 0.01367 0.03745
1494876548.385177 2.61944 5.88762 0.25690 0.91699 0.39687 0.01840 0.03589
1494876548.544286 2.63231 5.91098 0.26441 0.91622 0.39880 0.01910 0.03369
1494876548.703439 2.64606 5.93788 0.26251 0.91434 0.40307 0.01838 0.03447
1494876548.862535 2.65685 5.95882 0.26629 0.91257 0.40725 0.01775 0.03232
1494876549.023681 2.66939 5.98001 0.27011 0.91223 0.40785 0.01437 0.03591
1494876549.262372 2.68708 6.00291 0.27044 0.91159 0.40927 0.01423 0.03601
1494876549.501069 2.70502 6.02208 0.26688 0.91339 0.40562 0.01258 0.03227
1494876549.739769 2.71543 6.04383 0.26789 0.91366 0.40547 0.01016 0.02683
1494876549.978493 2.72587 6.07038 0.26279 0.91426 0.40461 0.00562 0.01950
1494876550.219182 2.73458 6.09601 0.24408 0.91311 0.40749 0.00477 0.01213
1494876550.457905 2.74374 6.12080 0.24056 0.91090 0.41242 0.00346 0.01258
1494876550.696645 2.75412 6.13977 0.22426 0.90882 0.41687 0.00405 0.01595
1494876550.935408 2.77177 6.15395 0.20567 0.90718 0.42026 0.00367 0.01990
1494876551.094546 2.77961 6.17440 0.19193 0.90708 0.42035 0.00189 0.02262
1494876551.253732 2.79228 6.19037 0.18079 0.90685 0.42059 -0.00204 0.02673
1494876551.412913 2.80592 6.20461 0.17166 0.90705 0.41983 -0.00690 0.03102
1494876551.653626 2.82701 6.22097 0.16360 0.90829 0.41718 -0.00765 0.03029
1494876551.971685 2.84392 6.23834 0.16845 0.90855 0.41673 -0.00430 0.02924
1494876552.210469 2.86105 6.26275 0.15082 0.90670 0.42068 0.00210 0.03043
1494876552.369675 2.87465 6.28106 0.14699 0.90593 0.42236 0.00124 0.02992
1494876552.528835 2.88984 6.29953 0.14331 0.90714 0.41994 0.00042 0.02750
1494876552.688032 2.90492 6.31540 0.13927 0.90877 0.41643 -0.00176 0.02686
1494876552.849256 2.92048 6.33042 0.13406 0.90955 0.41455 -0.00351 0.02922
1494876553.087967 2.93735 6.35404 0.13070 0.90952 0.41489 -0.00552 0.02489
1494876553.326655 2.94814 6.38033 0.12801 0.90786 0.41874 -0.00580 0.02019
1494876553.565342 2.95710 6.40798 0.12657 0.90561 0.42386 -0.00624 0.01346
1494876553.804064 2.96676 6.43230 0.12349 0.90283 0.42975 -0.00504 0.01354
1494876554.044842 2.97613 6.45825 0.12336 0.90199 0.43162 -0.00622 0.00900
1494876554.283588 2.99219 6.47852 0.11961 0.90104 0.43355 0.00164 0.01267
1494876554.522409 3.00850 6.49261 0.11435 0.90104 0.43355 0.00586 0.01141
1494876554.761222 3.02141 6.51850 0.10208 0.90141 0.43286 0.00725 0.00646
1494876554.920389 3.03187 6.53656 0.09300 0.90126 0.43317 0.00411 0.00839
1494876555.079577 3.04406 6.55214 0.08251 0.90060 0.43439 0.00242 0.01522
1494876555.320374 3.06489 6.56837 0.07035 0.90142 0.43240 -0.00024 0.02170
1494876555.559186 3.08072 6.58172 0.06590 0.90410 0.42699 -0.00465 0.01583
1494876555.957093 3.09726 6.59568 0.06244 0.90443 0.42628 -0.00431 0.01650
1494876556.195821 3.10887 6.61963 0.05799 0.90317 0.42906 -0.00105 0.01342
1494876556.434564 3.12028 6.64675 0.05309 0.90032 0.43501 -0.00185 0.01396
1494876556.675335 3.13432 6.67322 0.04558 0.89898 0.43774 0.00145 0.01470
1494876556.914126 3.14645 6.69537 0.04045 0.89980 0.43615 0.00026 0.01151
1494876557.232475 3.16148 6.71549 0.03644 0.89868 0.43830 -0.00205 0.01624
1494876557.550841 3.17177 6.74013 0.04013 0.89773 0.44042 -0.00183 0.01071
1494876557.789633 3.18097 6.76392 0.03837 0.89561 0.44478 0.00293 0.00614
1494876558.030381 3.18915 6.78283 0.04495 0.89348 0.44909 -0.00354 0.00129
1494876558.269130 3.19477 6.80611 0.04663 0.89163 0.45258 -0.01303 -0.00080
1494876558.507869 3.20550 6.82947 0.05047 0.88865 0.45828 -0.01638 0.00206
1494876558.746619 3.21888 6.85446 0.05153 0.88577 0.46399 -0.00887 0.00732
1494876558.985326 3.23585 6.87913 0.05701 0.88272 0.46944 -0.01692 0.01212
1494876559.146475 3.24853 6.89566 0.06200 0.88355 0.46767 -0.02011 0.01490
1494876559.305508 3.26388 6.90833 0.07369 0.88455 0.46538 -0.02570 0.01851
1494876559.464584 3.27904 6.91890 0.09454 0.88516 0.46360 -0.03368 0.02100
1494876559.623604 3.29669 6.92939 0.11387 0.88744 0.45792 -0.04545 0.02633
1494876559.782651 3.30376 6.94310 0.13523 0.88814 0.45651 -0.04730 0.02392
1494876559.941655 3.30803 6.94976 0.15430 0.88829 0.45674 -0.04125 0.02516
1494876560.100680 3.32051 6.96363 0.17460 0.88764 0.45823 -0.03820 0.02575
1494876560.259699 3.34120 6.97361 0.19902 0.88859 0.45644 -0.03459 0.02960
1494876560.420784 3.35850 6.98524 0.20256 0.88882 0.45538 -0.03527 0.03723
1494876560.579828 3.37199 7.00508 0.21991 0.88873 0.45481 -0.03713 0.04390
1494876560.738855 3.38488 7.02546 0.22939 0.88687 0.45759 -0.04045 0.04932
1494876560.897936 3.39738 7.04083 0.23574 0.88293 0.46428 -0.05092 0.04771
1494876561.056955 3.40820 7.07009 0.26352 0.88141 0.46680 -0.05660 0.04488
1494876561.136493 3.41645 7.08636 0.27468 0.88153 0.46629 -0.05817 0.04572
1494876561.295511 3.42619 7.10759 0.29778 0.88145 0.46659 -0.05730 0.04541
1494876561.454569 3.42243 7.10867 0.32023 0.88366 0.46283 -0.05531 0.04324
1494876561.534082 3.40988 7.08645 0.33137 0.88354 0.46312 -0.05440 0.04383
1494876561.613581 3.39986 7.06866 0.34195 0.88299 0.46408 -0.05272 0.04660
1494876561.854193 3.39947 7.08619 0.36708 0.88288 0.46468 -0.04479 0.05083
1494876562.013265 3.40992 7.11091 0.37749 0.88314 0.46470 -0.04283 0.04785
1494876562.172313 3.42171 7.13109 0.38842 0.88572 0.45999 -0.04690 0.04139
1494876562.331372 3.43030 7.15711 0.39629 0.88871 0.45464 -0.05024 0.03116
1494876562.569958 3.44304 7.18074 0.40988 0.88784 0.45532 -0.06106 0.02636
1494876562.729070 3.45396 7.20114 0.42133 0.88771 0.45491 -0.06469 0.02910
1494876562.888124 3.46555 7.22156 0.43208 0.88749 0.45578 -0.05937 0.03315
1494876563.049220 3.48179 7.24042 0.44121 0.88716 0.45802 -0.04556 0.03311
1494876563.287832 3.50136 7.25494 0.45652 0.88993 0.45293 -0.03748 0.03839
1494876563.446881 3.51468 7.26717 0.46692 0.89154 0.44991 -0.03407 0.03962
1494876563.605948 3.52957 7.28351 0.47615 0.89215 0.44890 -0.03240 0.03876
1494876563.765014 3.54537 7.30221 0.48260 0.89211 0.44875 -0.03093 0.04261
1494876563.924062 3.56072 7.31974 0.49095 0.89234 0.44770 -0.03666 0.04413
1494876564.083141 3.57448 7.33822 0.49960 0.89404 0.44375 -0.04379 0.04303
1494876564.244287 3.58675 7.35868 0.50509 0.89430 0.44363 -0.04203 0.04065
1494876564.403355 3.59824 7.37607 0.50938 0.89380 0.44501 -0.03815 0.04050
1494876564.642025 3.61223 7.39695 0.51397 0.89301 0.44687 -0.03415 0.04104
1494876564.880681 3.62331 7.41605 0.51988 0.89183 0.44856 -0.03785 0.04476
1494876565.119491 3.63689 7.44058 0.52606 0.89191 0.44828 -0.04032 0.04364
1494876565.358159 3.65158 7.46164 0.53422 0.89275 0.44662 -0.04238 0.04155
1494876565.598803 3.66210 7.48159 0.53649 0.89368 0.44565 -0.03607 0.03781
1494876565.837429 3.67491 7.50453 0.53547 0.89337 0.44678 -0.03569 0.03151
1494876566.076021 3.68771 7.52763 0.52951 0.89147 0.45084 -0.03510 0.02801
1494876566.314579 3.70022 7.54823 0.52183 0.88946 0.45487 -0.03405 0.02821
1494876566.553161 3.70946 7.56630 0.51110 0.88926 0.45554 -0.03378 0.02357
1494876566.793753 3.72429 7.58657 0.49811 0.88932 0.45513 -0.03670 0.02475
1494876566.952807 3.73706 7.60216 0.48930 0.88968 0.45448 -0.03804 0.02179
1494876567.111607 3.74965 7.61937 0.48048 0.88931 0.45546 -0.03600 0.01967
1494876567.429297 3.76120 7.63651 0.46499 0.88556 0.46211 -0.03681 0.02975
1494876567.667569 3.77355 7.65574 0.44983 0.88446 0.46449 -0.03281 0.02998
1494876567.905861 3.78697 7.67547 0.43521 0.88440 0.46465 -0.03272 0.02943
1494876568.146199 3.80320 7.68885 0.42223 0.88353 0.46573 -0.03416 0.03612
1494876568.384519 3.81718 7.70351 0.41720 0.88416 0.46428 -0.03703 0.03646
1494876568.622850 3.83141 7.71930 0.41727 0.88511 0.46277 -0.03754 0.03178
1494876568.861196 3.84987 7.73775 0.41685 0.88739 0.45869 -0.03381 0.03161
1494876569.099540 3.86537 7.75164 0.41372 0.88482 0.46355 -0.02921 0.03699
1494876569.339959 3.87621 7.77050 0.41108 0.88251 0.46703 -0.03474 0.04303
1494876569.578241 3.88895 7.79318 0.40775 0.88146 0.46858 -0.03613 0.04634
1494876569.816558 3.90481 7.81210 0.41022 0.88170 0.46864 -0.03609 0.04100
1494876570.054879 3.91869 7.82550 0.41892 0.88159 0.46868 -0.03759 0.04163
1494876570.293265 3.93691 7.84880 0.42847 0.88056 0.47104 -0.03548 0.03836
1494876570.452118 3.94958 7.86842 0.43297 0.87940 0.47331 -0.03494 0.03762
1494876570.612995 3.96183 7.88668 0.43362 0.87658 0.47863 -0.03235 0.03836
1494876570.771841 3.97378 7.90706 0.43370 0.87499 0.48141 -0.03617 0.03642
1494876570.930747 3.98674 7.92637 0.43111 0.87380 0.48357 -0.03663 0.03583
1494876571.169066 4.00767 7.94653 0.42493 0.87369 0.48375 -0.03216 0.04013
1494876571.327931 4.02433 7.96035 0.42554 0.87446 0.48170 -0.03641 0.04426
1494876571.486844 4.04148 7.97388 0.42807 0.87572 0.47912 -0.03590 0.04765
1494876571.645980 4.05673 7.98645 0.43393 0.87586 0.47876 -0.03574 0.04870
1494876571.805071 4.06919 8.00206 0.44051 0.87673 0.47762 -0.03548 0.04430
1494876572.045780 4.08118 8.02047 0.45060 0.87649 0.47902 -0.03234 0.03532
1494876572.284432 4.09811 8.04246 0.45470 0.87667 0.47834 -0.03209 0.04011
1494876572.523077 4.11696 8.06089 0.45813 0.87538 0.48019 -0.03246 0.04544
1494876572.761667 4.13229 8.08104 0.46048 0.87564 0.48001 -0.03302 0.04192
1494876573.000302 4.14367 8.10152 0.46133 0.87419 0.48256 -0.03422 0.04182
1494876573.240957 4.15645 8.12162 0.46236 0.87392 0.48289 -0.03886 0.03973
1494876573.479582 4.16833 8.13799 0.46350 0.87398 0.48290 -0.04073 0.03630
1494876573.718259 4.18188 8.15396 0.46358 0.87359 0.48380 -0.04044 0.03368
1494876574.036420 4.19723 8.17434 0.46288 0.87331 0.48423 -0.04358 0.03078
1494876574.354654 4.21331 8.19013 0.45897 0.87512 0.48098 -0.04357 0.03041
1494876574.674917 4.21887 8.20353 0.44493 0.87192 0.48631 -0.04371 0.03672
1494876574.913690 4.22209 8.22075 0.43209 0.86994 0.48966 -0.04616 0.03615
1494876575.152414 4.23021 8.23970 0.42113 0.86789 0.49318 -0.04715 0.03636
1494876575.470634 4.23690 8.25813 0.41682 0.86629 0.49539 -0.05498 0.03322
1494876575.870519 4.24483 8.28067 0.41177 0.86498 0.49914 -0.04520 0.02500
1494876576.189018 4.25566 8.29961 0.39618 0.86448 0.50045 -0.04039 0.02447
1494876576.427872 4.26117 8.31576 0.37766 0.86290 0.50329 -0.03857 0.02491
1494876576.666729 4.26612 8.33486 0.35720 0.86093 0.50633 -0.04205 0.02587
1494876576.905569 4.27420 8.35359 0.34112 0.86029 0.50651 -0.04822 0.03199
1494876577.624024 4.28503 8.37074 0.33539 0.85855 0.51011 -0.04088 0.03176
1494876578.101541 4.29748 8.38797 0.33427 0.85874 0.50890 -0.05004 0.03288
1494876578.421947 4.30675 8.40715 0.34145 0.85716 0.51029 -0.05959 0.03649
1494876578.740251 4.31243 8.42438 0.35813 0.85589 0.51310 -0.05488 0.03412
1494876579.058611 4.31672 8.43878 0.37504 0.85563 0.51387 -0.05429 0.02970
1494876579.377080 4.32771 8.45516 0.38871 0.85607 0.51281 -0.05567 0.03274
1494876579.697598 4.33794 8.47320 0.39712 0.85628 0.51300 -0.04736 0.03694
1494876580.016076 4.34398 8.49258 0.40445 0.85440 0.51580 -0.04959 0.03868
1494876580.334491 4.34857 8.50978 0.42053 0.85133 0.51972 -0.05202 0.04919
1494876580.652920 4.35308 8.52711 0.43178 0.85250 0.52035 -0.03516 0.03537
1494876580.973352 4.36350 8.54428 0.42672 0.85358 0.51909 -0.02803 0.03415
1494876581.212089 4.37228 8.55800 0.41393 0.85294 0.52016 -0.02814 0.03366
1494876581.450682 4.38006 8.57237 0.40027 0.85192 0.52127 -0.03417 0.03654
1494876581.768823 4.39147 8.59204 0.39394 0.85098 0.52183 -0.04563 0.03809
1494876582.168580 4.39680 8.61189 0.39627 0.84876 0.52603 -0.03742 0.03874
1494876582.486760 4.39985 8.63564 0.39685 0.84614 0.53067 -0.03339 0.03635
1494876582.804943 4.41050 8.65572 0.39631 0.84619 0.53061 -0.02997 0.03889
1494876583.202850 4.42780 8.66703 0.40181 0.84831 0.52680 -0.02939 0.04470
1494876583.523221 4.44472 8.67850 0.40130 0.84464 0.53278 -0.02278 0.04706
1494876583.841595 4.45494 8.69627 0.39498 0.83484 0.54849 -0.02216 0.04129
1494876584.239506 4.45503 8.71717 0.38104 0.83348 0.54826 -0.04406 0.05277
1494876584.557865 4.47331 8.72804 0.37658 0.83328 0.54572 -0.05910 0.06595
1494876584.798685 4.49555 8.73545 0.37866 0.83241 0.54609 -0.06211 0.07087
1494876585.037405 4.51548 8.75675 0.38228 0.83254 0.54622 -0.05921 0.07088
1494876585.276221 4.53138 8.77883 0.38602 0.82706 0.55442 -0.05310 0.07597
1494876585.515012 4.54388 8.80460 0.39196 0.82354 0.56000 -0.04752 0.07695
1494876585.674217 4.55373 8.82046 0.40006 0.82339 0.55992 -0.04625 0.07992
1494876585.833413 4.56792 8.83401 0.41076 0.82341 0.55955 -0.04288 0.08399
1494876585.994627 4.58097 8.84941 0.42300 0.82379 0.55910 -0.03851 0.08537
1494876586.153812 4.59194 8.86753 0.43511 0.82301 0.56031 -0.03560 0.08632
1494876586.312985 4.60195 8.88371 0.44329 0.82145 0.56268 -0.03061 0.08761
1494876586.472117 4.61101 8.90176 0.45121 0.82172 0.56322 -0.03165 0.08095
1494876586.631316 4.61975 8.92314 0.45643 0.82354 0.56157 -0.03081 0.07399
1494876586.790473 4.62839 8.94435 0.46331 0.82323 0.56189 -0.03681 0.07226
1494876586.949591 4.63672 8.96621 0.47204 0.82091 0.56521 -0.04110 0.07038
1494876587.108735 4.64251 8.98815 0.47924 0.81838 0.56904 -0.04269 0.06804
1494876587.269912 4.64808 9.00771 0.48695 0.81506 0.57344 -0.04751 0.06781
1494876587.429085 4.65310 9.02642 0.49434 0.81339 0.57614 -0.05327 0.06026
1494876587.588222 4.65324 9.04681 0.50208 0.81653 0.57255 -0.05660 0.04762
1494876587.826970 4.64614 9.07040 0.51190 0.82240 0.56558 -0.05246 0.03202
1494876588.065800 4.64349 9.09226 0.52224 0.82442 0.56164 -0.04514 0.05350
1494876588.304604 4.64492 9.11900 0.53160 0.82534 0.56001 -0.03713 0.06185
1494876588.545509 4.64740 9.14754 0.53952 0.82878 0.55592 -0.03901 0.05050
1494876588.704719 4.64413 9.16914 0.54090 0.83365 0.54862 -0.04409 0.04580
1494876588.863885 4.63859 9.18890 0.53699 0.83597 0.54505 -0.04635 0.04396
1494876589.023047 4.63095 9.20809 0.53129 0.83635 0.54436 -0.04967 0.04150
1494876589.182113 4.62448 9.22975 0.52643 0.83536 0.54567 -0.05398 0.03889
1494876589.341238 4.61849 9.25362 0.52133 0.83442 0.54718 -0.05819 0.03075
1494876589.500395 4.61112 9.27846 0.51369 0.83020 0.55451 -0.05665 0.00896
1494876589.659499 4.60299 9.30279 0.50798 0.82650 0.56024 -0.05449 -0.00739
1494876589.820635 4.59693 9.32607 0.50374 0.82381 0.56454 -0.05124 -0.00175
1494876589.979735 4.59659 9.34938 0.50308 0.82106 0.56813 -0.04872 0.02670
1494876590.138811 4.60304 9.37517 0.50636 0.82043 0.56774 -0.04755 0.04805
1494876590.297942 4.60920 9.40445 0.50388 0.82599 0.56003 -0.03581 0.05316
1494876590.457061 4.61635 9.42834 0.49815 0.82768 0.55918 -0.02015 0.04302
1494876590.616154 4.62094 9.45061 0.49412 0.83291 0.55150 -0.02307 0.03970
1494876590.775277 4.62452 9.47231 0.48820 0.83966 0.54011 -0.02494 0.05132
1494876590.934339 4.62879 9.49486 0.48248 0.84648 0.52817 -0.03212 0.05888
1494876591.095500 4.63222 9.52348 0.47854 0.85426 0.51557 -0.04495 0.04900
1494876591.254559 4.63680 9.55267 0.47728 0.85889 0.50809 -0.05211 0.03781
1494876591.413695 4.64033 9.57791 0.47181 0.86361 0.50028 -0.05202 0.03456
1494876591.572830 4.64200 9.60700 0.47539 0.86933 0.49044 -0.04931 0.03609
1494876591.731969 4.64601 9.63537 0.47813 0.87410 0.48267 -0.04242 0.03435
1494876591.891076 4.65175 9.66757 0.48055 0.87922 0.47353 -0.03907 0.03488
1494876592.050233 4.66440 9.70130 0.48505 0.88324 0.46596 -0.03803 0.03632
1494876592.209356 4.67256 9.72823 0.48816 0.88533 0.46192 -0.03345 0.04123
1494876592.370497 4.67893 9.75380 0.49443 0.88746 0.45769 -0.03155 0.04409
1494876592.529593 4.68732 9.78090 0.50270 0.88929 0.45422 -0.03140 0.04308
1494876592.688718 4.69035 9.80161 0.51104 0.89037 0.45208 -0.03231 0.04263
1494876592.847781 4.69573 9.82761 0.52140 0.89132 0.44960 -0.03834 0.04391
1494876593.006906 4.70078 9.85900 0.53375 0.89354 0.44476 -0.04309 0.04381
1494876593.166007 4.70635 9.89329 0.54101 0.89413 0.44335 -0.04490 0.04425
1494876593.325029 4.71416 9.92880 0.54642 0.89496 0.44138 -0.04791 0.04398
1494876593.484071 4.72158 9.96294 0.54666 0.89615 0.43835 -0.04901 0.04861
1494876593.645092 4.72903 9.99656 0.54432 0.89846 0.43314 -0.04977 0.05180
1494876593.804127 4.73924 10.02577 0.54172 0.90083 0.42781 -0.05195 0.05266
1494876593.963109 4.75275 10.05549 0.53969 0.90339 0.42162 -0.05335 0.05723
1494876594.122151 4.76508 10.08511 0.54087 0.90636 0.41423 -0.05671 0.06093
1494876594.281180 4.77586 10.11261 0.54569 0.91025 0.40546 -0.05800 0.06066
1494876594.440231 4.79002 10.14102 0.55098 0.91496 0.39504 -0.05790 0.05861
1494876594.599215 4.80166 10.17257 0.55581 0.91913 0.38551 -0.05800 0.05669
1494876594.758248 4.81254 10.20194 0.55907 0.92177 0.37922 -0.05797 0.05635
1494876594.919342 4.82253 10.23309 0.56191 0.92340 0.37514 -0.05902 0.05592
1494876595.078457 4.82902 10.26598 0.56460 0.92604 0.36933 -0.05864 0.05104
1494876595.237538 4.83071 10.29325 0.56289 0.92728 0.36654 -0.05832 0.04899
1494876595.396616 4.83242 10.32404 0.56122 0.92704 0.36650 -0.05980 0.05198
1494876595.555682 4.83292 10.35160 0.55405 0.92494 0.37084 -0.05792 0.06012
1494876595.714784 4.83219 10.37368 0.54370 0.92182 0.37639 -0.05829 0.07196
1494876595.873883 4.83123 10.39680 0.53779 0.91761 0.38184 -0.06501 0.08927
1494876596.032950 4.83517 10.41932 0.53999 0.91693 0.38021 -0.06992 0.09893
1494876596.194066 4.83859 10.44427 0.54348 0.92069 0.37070 -0.07299 0.09785
1494876596.353144 4.84332 10.47573 0.54865 0.92571 0.35898 -0.07490 0.09270
1494876596.512241 4.85001 10.50316 0.55350 0.92752 0.35621 -0.07160 0.08773
1494876596.671376 4.85358 10.53463 0.55671 0.93024 0.35109 -0.07307 0.07778
1494876596.830462 4.85472 10.57018 0.56179 0.93369 0.34182 -0.07833 0.07248
1494876596.989494 4.85793 10.60639 0.56379 0.93592 0.33385 -0.08218 0.07649
1494876597.148567 4.86619 10.64205 0.56653 0.93681 0.32704 -0.08633 0.08937
1494876597.307622 4.87825 10.67808 0.56699 0.93792 0.32215 -0.08045 0.10026
1494876597.468756 4.89204 10.71399 0.56680 0.93909 0.31944 -0.07185 0.10443
1494876597.627795 4.90508 10.74489 0.57134 0.94320 0.31015 -0.07065 0.09588
1494876597.786882 4.91370 10.78322 0.57745 0.94871 0.29512 -0.07177 0.08782
1494876597.945960 4.92019 10.81551 0.58404 0.95283 0.28430 -0.07265 0.07751
1494876598.105044 4.92699 10.84873 0.59218 0.95693 0.27216 -0.07566 0.06693
1494876598.264094 4.93523 10.88356 0.59944 0.96107 0.25881 -0.07398 0.06232
1494876598.423172 4.94573 10.91881 0.60172 0.96470 0.24776 -0.06547 0.06064
1494876598.582216 4.95785 10.94926 0.59728 0.96884 0.23457 -0.05544 0.05704
1494876598.743287 4.97291 10.96563 0.58957 0.97284 0.21925 -0.04671 0.05763
1494876598.902307 4.98680 10.98177 0.58533 0.97631 0.20234 -0.04795 0.05989
1494876599.061380 4.99924 11.00640 0.58239 0.97797 0.18896 -0.05297 0.07111
1494876599.220438 5.01035 11.03132 0.58792 0.97858 0.18299 -0.06156 0.07152
1494876599.379534 5.02205 11.05639 0.59740 0.97980 0.17388 -0.07215 0.06753
1494876599.538642 5.03296 11.08272 0.61457 0.98179 0.16281 -0.07832 0.05871
1494876599.697731 5.05122 11.11011 0.62942 0.98446 0.15274 -0.07092 0.04976
1494876599.856840 5.06279 11.13497 0.63717 0.98723 0.14026 -0.06214 0.04303
1494876600.017941 5.07535 11.15813 0.64377 0.98936 0.12747 -0.05520 0.04325
1494876600.177071 5.09152 11.17927 0.65037 0.99024 0.11995 -0.05287 0.04730
1494876600.336129 5.10576 11.19835 0.65674 0.99086 0.11141 -0.05534 0.05220
1494876600.495223 5.11575 11.21630 0.66465 0.99115 0.10584 -0.06103 0.05200
1494876600.654257 5.12326 11.23559 0.67406 0.99165 0.09938 -0.06651 0.04821
1494876600.813325 5.13195 11.25431 0.68267 0.99264 0.09068 -0.06648 0.04502
1494876600.972408 5.14137 11.27254 0.69094 0.99387 0.07882 -0.06648 0.03977
1494876601.131452 5.15008 11.29088 0.69673 0.99499 0.06453 -0.06698 0.03670
1494876601.292541 5.15851 11.30893 0.69934 0.99516 0.05559 -0.07335 0.03451
1494876601.451637 5.16881 11.32716 0.69637 0.99455 0.04878 -0.08263 0.04066
1494876601.690250 5.18298 11.35094 0.68764 0.99332 0.04639 -0.08898 0.05691
1494876601.928867 5.19436 11.37117 0.67995 0.99247 0.04620 -0.09308 0.06479
1494876602.087924 5.20240 11.38865 0.67406 0.99305 0.03702 -0.09320 0.06158
1494876602.247002 5.20992 11.40676 0.66812 0.99379 0.03319 -0.09235 0.05242
1494876602.406072 5.21688 11.42661 0.66325 0.99298 0.03085 -0.10362 0.04802
1494876602.567236 5.22313 11.44747 0.66040 0.99014 0.03141 -0.12655 0.05114
1494876602.726326 5.23315 11.47284 0.65384 0.98978 0.02592 -0.13268 0.04540
1494876602.885500 5.24438 11.49924 0.64754 0.99042 0.01643 -0.13121 0.03971
1494876603.044643 5.25577 11.52254 0.64339 0.99081 0.00457 -0.12994 0.03729
1494876603.203818 5.26650 11.54199 0.64206 0.99087 -0.00484 -0.12972 0.03632
1494876603.362936 5.27768 11.56096 0.64265 0.99068 -0.01451 -0.13067 0.03574
1494876603.522087 5.29645 11.52975 0.63389 0.99015 -0.02634 -0.13203 0.03856
1494876603.601666 5.31419 11.53439 0.62542 0.99053 -0.03372 -0.12742 0.03856
1494876603.762855 5.34967 11.55281 0.61832 0.99138 -0.04933 -0.11765 0.02988
1494876603.922019 5.36883 11.56733 0.62182 0.99141 -0.06209 -0.11229 0.02517
1494876604.081201 5.38749 11.58323 0.62399 0.99153 -0.07447 -0.10484 0.01839
1494876604.240327 5.40508 11.60116 0.62405 0.99182 -0.07933 -0.09942 0.01065
1494876604.399447 5.42337 11.62170 0.62121 0.99165 -0.08370 -0.09788 0.00665
1494876604.558570 5.44156 11.64197 0.61661 0.99142 -0.08620 -0.09823 0.00333
1494876604.717668 5.45980 11.66204 0.61050 0.99050 -0.09015 -0.10384 0.00306
1494876604.876785 5.47911 11.67975 0.60308 0.98900 -0.09655 -0.11189 0.00541
1494876605.037950 5.49968 11.69231 0.59431 0.98741 -0.10817 -0.11496 0.01021
1494876605.197051 5.51939 11.69983 0.58696 0.98587 -0.12132 -0.11460 0.01430
1494876605.356188 5.53936 11.70632 0.58338 0.98388 -0.13664 -0.11431 0.01545
1494876605.515292 5.56032 11.71275 0.58348 0.98143 -0.15483 -0.11227 0.01506
1494876605.754007 5.58615 11.72051 0.58690 0.97958 -0.17303 -0.10067 0.01850
1494876605.992745 5.60997 11.73338 0.59177 0.97831 -0.18615 -0.08956 0.01539
1494876606.151882 5.62738 11.74533 0.59299 0.97751 -0.19282 -0.08425 0.01423
1494876606.313046 5.64711 11.75956 0.59396 0.97566 -0.20223 -0.08362 0.01394
1494876606.472149 5.66481 11.77383 0.59654 0.97342 -0.20878 -0.09266 0.01655
1494876606.631283 5.68094 11.78771 0.59668 0.97246 -0.20931 -0.09925 0.02555
1494876606.790366 5.70035 11.80300 0.59845 0.97078 -0.21486 -0.10402 0.02449
1494876606.949532 5.71655 11.81604 0.60171 0.97049 -0.21505 -0.10677 0.02247
1494876607.188224 5.74220 11.82675 0.61121 0.96978 -0.21754 -0.10943 0.01480
1494876607.347368 5.76374 11.83053 0.61711 0.96912 -0.22414 -0.10223 0.01104
1494876607.506473 5.78335 11.83385 0.62170 0.97048 -0.22398 -0.08908 0.00842
1494876607.747220 5.81121 11.84293 0.62722 0.97257 -0.21782 -0.08157 0.00182
1494876607.985767 5.83696 11.85672 0.62598 0.97385 -0.21159 -0.08271 -0.00133
1494876608.144848 5.85440 11.86781 0.62194 0.97346 -0.21117 -0.08812 -0.00285
1494876608.303915 5.87189 11.87872 0.61476 0.97418 -0.20649 -0.09128 -0.00127
1494876608.542473 5.89663 11.89252 0.60522 0.97428 -0.20552 -0.09237 0.00020
1494876608.701573 5.91493 11.89788 0.59445 0.97465 -0.20847 -0.08122 0.00111
1494876608.942251 5.93806 11.89486 0.57575 0.97725 -0.18917 -0.09205 0.02685
1494876609.101281 5.95652 11.89048 0.56415 0.97753 -0.18240 -0.09760 0.04040
1494876609.339872 5.97701 11.88295 0.56654 0.97682 -0.17888 -0.11294 0.03264
1494876609.578493 5.98662 11.88514 0.58828 0.97554 -0.18617 -0.11541 0.01877
