1494876479.722076 0.1725596 -0.1227631 -0.0202657 -0.6033602 0.1279253 -0.0064352 0.7871151
1494876480.597844 0.1548458 -0.1514428 -0.0140841 -0.5935094 0.1229503 0.0065013 0.7953537
1494876482.505923 0.1424934 -0.1929080 -0.0099576 -0.6009846 0.0700546 0.0009956 0.7961841
1494876483.461021 0.1639956 -0.2325148 -0.0231277 -0.6039681 0.1281981 0.0163001 0.7864618
1494876486.326906 0.1376853 -0.3199353 0.0705999 -0.6236765 0.0440325 -0.0870664 0.7755696
1494876486.646968 0.1235558 -0.3358711 0.1006471 -0.6135627 0.0176644 -0.0858029 0.7847717
1494876489.351077 0.2170033 -0.2433708 0.1880724 -0.6340522 0.0673783 -0.1503694 0.7555310
1494876491.021573 0.1726966 -0.3077766 0.1566504 -0.6624948 0.0577536 -0.1588092 0.7297567
1494876493.013227 0.1919321 -0.2955794 0.1785212 -0.6796144 0.1055867 -0.1603614 0.7079972
1494876493.490276 0.2041530 -0.2917255 0.1989849 -0.6887565 0.1004585 -0.1565349 0.7007278
1494876494.923784 0.2241938 -0.2585692 0.3613576 -0.6797880 0.0857265 -0.1498176 0.7128072
1494876495.403089 0.2296559 -0.2586911 0.3889592 -0.6813345 0.0980684 -0.1400931 0.7117161
1494876495.721244 0.2163207 -0.2734253 0.4033743 -0.6852614 0.0976400 -0.1383087 0.7083460
1494876496.198648 0.2138204 -0.2939035 0.4295094 -0.6889505 0.1013020 -0.1423489 0.7034358
1494876496.996953 0.1992075 -0.2985390 0.4300495 -0.7082970 0.0784039 -0.1436904 0.6866741
1494876497.474484 0.1697819 -0.2924878 0.4105371 -0.7213947 0.0508485 -0.1211128 0.6799529
1494876497.633619 0.1566674 -0.2917332 0.4042778 -0.7230531 0.0414350 -0.1117956 0.6804258
1494876497.954011 0.1272094 -0.2867531 0.3843662 -0.7279498 0.0419494 -0.0823207 0.6793767
1494876498.272350 0.0872151 -0.2765703 0.3685070 -0.7243688 0.0261808 -0.0688408 0.6854674
1494876498.431508 0.0650834 -0.2712274 0.3636759 -0.7190482 0.0088806 -0.0661483 0.6917480
1494876498.908933 0.0032230 -0.2552036 0.3497744 -0.7021372 -0.0177920 -0.0390893 0.7107454
1494876499.388498 -0.0563962 -0.2496983 0.3250299 -0.6960074 -0.0637274 -0.0096846 0.7151356
1494876499.547644 -0.0739094 -0.2505823 0.3127340 -0.7016495 -0.0757487 -0.0042844 0.7084715
1494876499.706768 -0.0910645 -0.2496516 0.3014215 -0.7075501 -0.0800548 -0.0013691 0.7021127
1494876500.025019 -0.1241894 -0.2473353 0.2876171 -0.6999348 -0.0975260 0.0163447 0.7073278
1494876500.184187 -0.1391589 -0.2454481 0.2827356 -0.6977703 -0.1019928 0.0279172 0.7084736
1494876500.343338 -0.1557085 -0.2405830 0.2779744 -0.6958362 -0.1087885 0.0366500 0.7089668
1494876500.822774 -0.1978709 -0.2193245 0.2736715 -0.6891506 -0.1302083 0.0612412 0.7101879
1494876501.300045 -0.2367156 -0.1935164 0.2880107 -0.6800268 -0.1463265 0.0875587 0.7130818
1494876501.459134 -0.2489847 -0.1831483 0.2919021 -0.6772097 -0.1458617 0.0958400 0.7147910
1494876501.618204 -0.2618057 -0.1724224 0.2954092 -0.6767729 -0.1483082 0.1012139 0.7139601
1494876501.779342 -0.2747052 -0.1633054 0.2996713 -0.6746780 -0.1558630 0.1074929 0.7134155
1494876501.938427 -0.2861740 -0.1559975 0.3040190 -0.6725132 -0.1616948 0.1137975 0.7131836
1494876502.256574 -0.3078391 -0.1397675 0.3091137 -0.6684536 -0.1663677 0.1254497 0.7139706
1494876502.574767 -0.3258542 -0.1225051 0.3082876 -0.6655143 -0.1722181 0.1303498 0.7144513
1494876502.893007 -0.3375532 -0.1024510 0.2991845 -0.6668811 -0.1725665 0.1392489 0.7114072
1494876503.213304 -0.3484229 -0.0807631 0.2909294 -0.6670567 -0.1811156 0.1429433 0.7083782
1494876503.372380 -0.3560151 -0.0702388 0.2870959 -0.6665545 -0.1861163 0.1462263 0.7068833
1494876503.690536 -0.3720526 -0.0518277 0.2792746 -0.6673844 -0.1909263 0.1523990 0.7035053
1494876504.328806 -0.3994441 -0.0188885 0.2748809 -0.6637731 -0.2083818 0.1620088 0.6998110
1494876504.487868 -0.4077908 -0.0090158 0.2751747 -0.6640975 -0.2171059 0.1656881 0.6959791
1494876504.647011 -0.4165966 -0.0005773 0.2755883 -0.6641136 -0.2218339 0.1709647 0.6931912
1494876504.806101 -0.4273744 0.0056293 0.2767827 -0.6621928 -0.2257470 0.1756396 0.6925964
1494876505.283551 -0.4621715 0.0276327 0.2786348 -0.6565197 -0.2360404 0.1879648 0.6913293
1494876505.603842 -0.4787222 0.0445954 0.2765239 -0.6560538 -0.2379395 0.1953340 0.6890739
1494876505.922081 -0.4968907 0.0584083 0.2726712 -0.6599956 -0.2464885 0.2009369 0.6806421
1494876506.399456 -0.5271972 0.0726262 0.2716195 -0.6598438 -0.2559312 0.2179507 0.6720141
1494876506.558550 -0.5377799 0.0772696 0.2719527 -0.6582001 -0.2590507 0.2227188 0.6708664
1494876507.037909 -0.5625982 0.0962771 0.2653260 -0.6533365 -0.2657662 0.2369318 0.6681191
1494876509.029059 -0.6465434 0.2174060 0.2681955 -0.6447791 -0.3018273 0.2352744 0.6616692
1494876509.428931 -0.6656052 0.2420900 0.2699713 -0.6471317 -0.3004865 0.2385493 0.6588040
1494876510.383884 -0.7046180 0.2821009 0.2674062 -0.6384159 -0.3019489 0.2405917 0.6658586
1494876510.783841 -0.7156451 0.3083318 0.2674286 -0.6488016 -0.3020300 0.2323576 0.6586687
1494876511.261301 -0.7403116 0.3350477 0.2750034 -0.6404099 -0.3156967 0.2270076 0.6623281
1494876511.579556 -0.7588164 0.3529414 0.2765021 -0.6384851 -0.3189162 0.2299235 0.6616377
1494876512.058929 -0.7774824 0.3870859 0.2826059 -0.6433634 -0.3152756 0.2297199 0.6587212
1494876512.536309 -0.7964199 0.4209006 0.2958937 -0.6475101 -0.3127752 0.2267069 0.6568915
1494876512.695436 -0.8052568 0.4332428 0.2998700 -0.6480157 -0.3109686 0.2283080 0.6566961
1494876513.013673 -0.8248150 0.4550500 0.3070192 -0.6474919 -0.3066452 0.2322569 0.6578600
1494876513.493084 -0.8448316 0.4879783 0.3180552 -0.6506513 -0.3084718 0.2297255 0.6547705
1494876513.652200 -0.8510417 0.4983757 0.3208730 -0.6518804 -0.3046524 0.2325620 0.6543347
1494876513.811349 -0.8596773 0.5074511 0.3221505 -0.6523325 -0.3014891 0.2381719 0.6533304
1494876515.086289 -0.9298009 0.5582089 0.3034974 -0.6486347 -0.3042505 0.2653535 0.6452072
1494876515.245449 -0.9362073 0.5642922 0.3002277 -0.6450498 -0.3086569 0.2625447 0.6478518
1494876515.883320 -0.9615194 0.5941307 0.2871841 -0.6358239 -0.3192760 0.2560961 0.6543743
1494876516.201055 -0.9776330 0.6115755 0.2860456 -0.6358017 -0.3189124 0.2563951 0.6544561
1494876516.598203 -0.9952890 0.6355914 0.2913748 -0.6360605 -0.3165371 0.2562779 0.6554030
1494876516.757048 -1.0034441 0.6470669 0.2948653 -0.6380474 -0.3149616 0.2561845 0.6542662
1494876516.915928 -1.0136940 0.6578924 0.2996746 -0.6387497 -0.3161847 0.2562510 0.6529636
1494876517.235715 -1.0343384 0.6749523 0.3108678 -0.6337964 -0.3186526 0.2612462 0.6546091
1494876517.553445 -1.0580759 0.6939616 0.3205931 -0.6321720 -0.3232664 0.2647184 0.6525196
1494876517.871217 -1.0762362 0.7143730 0.3326212 -0.6336790 -0.3222905 0.2654671 0.6512350
1494876518.030118 -1.0872047 0.7263590 0.3389838 -0.6327338 -0.3255442 0.2657205 0.6504319
1494876518.188987 -1.0981405 0.7386149 0.3429738 -0.6327861 -0.3248793 0.2686993 0.6494890
1494876518.349899 -1.1102948 0.7489587 0.3446846 -0.6340741 -0.3232228 0.2749179 0.6464497
1494876518.667567 -1.1426598 0.7650653 0.3455273 -0.6391813 -0.3284342 0.2824684 0.6354446
1494876518.826421 -1.1596051 0.7746418 0.3471842 -0.6372108 -0.3357106 0.2847618 0.6325911
1494876518.985341 -1.1742594 0.7848967 0.3462695 -0.6357176 -0.3379001 0.2875826 0.6316509
1494876519.144445 -1.1881163 0.7967106 0.3447915 -0.6376542 -0.3406477 0.2860292 0.6289226
1494876519.462736 -1.2174633 0.8258098 0.3415328 -0.6427698 -0.3490421 0.2835838 0.6201587
1494876519.623947 -1.2318828 0.8376855 0.3406130 -0.6441288 -0.3504062 0.2862567 0.6167421
1494876519.783142 -1.2473443 0.8468318 0.3393900 -0.6434039 -0.3520694 0.2895792 0.6149979
1494876519.942283 -1.2657793 0.8562614 0.3369504 -0.6455771 -0.3557670 0.2929627 0.6089607
1494876520.101473 -1.2833983 0.8659449 0.3342459 -0.6471555 -0.3555139 0.2966932 0.6056178
1494876520.419761 -1.3136503 0.8879333 0.3297323 -0.6514221 -0.3551058 0.2965018 0.6013617
1494876520.658496 -1.3340076 0.9079643 0.3275281 -0.6556489 -0.3554043 0.2889652 0.6002595
1494876520.978775 -1.3595333 0.9425715 0.3276746 -0.6590260 -0.3579804 0.2788405 0.5998190
1494876521.137835 -1.3742390 0.9584279 0.3283409 -0.6594826 -0.3592518 0.2776522 0.5991077
1494876521.296949 -1.3900093 0.9705713 0.3281604 -0.6591176 -0.3595069 0.2814154 0.5975986
1494876521.456047 -1.4086596 0.9808630 0.3269963 -0.6620243 -0.3597943 0.2831945 0.5933572
1494876521.774318 -1.4481000 1.0047032 0.3299712 -0.6600489 -0.3613365 0.2876049 0.5924989
1494876522.253775 -1.4948400 1.0439138 0.3376544 -0.6523032 -0.3638381 0.2862699 0.6001433
1494876522.412912 -1.5098172 1.0577228 0.3383180 -0.6521783 -0.3621379 0.2862644 0.6013088
1494876522.731251 -1.5405254 1.0822461 0.3368756 -0.6535397 -0.3585746 0.2879075 0.6011817
1494876522.890353 -1.5559430 1.0926352 0.3364698 -0.6544328 -0.3580269 0.2904226 0.5993240
1494876523.208702 -1.5878299 1.1115060 0.3375176 -0.6579553 -0.3564592 0.2968147 0.5932393
1494876523.688205 -1.6325129 1.1428417 0.3438852 -0.6615015 -0.3537023 0.3021430 0.5882347
1494876524.165367 -1.6786519 1.1777264 0.3520005 -0.6552631 -0.3649558 0.2945745 0.5921685
1494876524.483591 -1.7023184 1.2013524 0.3561652 -0.6523520 -0.3657655 0.2900943 0.5970745
1494876524.962855 -1.7381065 1.2397047 0.3692148 -0.6494160 -0.3731852 0.2771331 0.6018213
1494876525.121747 -1.7510939 1.2504158 0.3728285 -0.6485996 -0.3711029 0.2772632 0.6039258
1494876525.598454 -1.7896365 1.2772259 0.3767877 -0.6455671 -0.3638529 0.2818164 0.6094537
1494876525.916255 -1.8115764 1.2929318 0.3781400 -0.6420208 -0.3564621 0.2828295 0.6170506
1494876526.395583 -1.8409553 1.3076582 0.3802209 -0.6266037 -0.3594973 0.2841407 0.6303917
1494876527.031632 -1.8831776 1.3352457 0.3748708 -0.6205680 -0.3514917 0.2831315 0.6412376
1494876527.510662 -1.9079062 1.3617716 0.3786240 -0.6257460 -0.3442965 0.2721249 0.6448644
1494876527.987789 -1.9352555 1.4055524 0.3870268 -0.6343406 -0.3306796 0.2624794 0.6475860
1494876528.305813 -1.9560089 1.4311072 0.3966010 -0.6382148 -0.3280106 0.2579068 0.6469738
1494876528.705361 -1.9807993 1.4533404 0.4120877 -0.6391557 -0.3254770 0.2577857 0.6473727
1494876528.943907 -1.9978316 1.4650345 0.4149370 -0.6438215 -0.3235154 0.2605239 0.6426188
1494876529.102948 -2.0102887 1.4716407 0.4148633 -0.6477435 -0.3213246 0.2631635 0.6386892
1494876529.261955 -2.0242097 1.4770368 0.4138398 -0.6548222 -0.3181828 0.2605488 0.6340994
1494876529.421001 -2.0389585 1.4837977 0.4120729 -0.6607657 -0.3170638 0.2621351 0.6278092
1494876529.580013 -2.0511150 1.4878274 0.4120612 -0.6608270 -0.3193599 0.2680589 0.6240683
1494876529.739038 -2.0617526 1.4891043 0.4130809 -0.6613279 -0.3219778 0.2700706 0.6213193
1494876529.900102 -2.0714974 1.4904779 0.4130538 -0.6632957 -0.3211308 0.2745666 0.6176789
1494876530.377203 -2.1046247 1.4977092 0.4213192 -0.6701993 -0.3213433 0.2749441 0.6098993
1494876530.854266 -2.1334677 1.5099615 0.4246972 -0.6741799 -0.3131809 0.2766854 0.6089700
1494876531.174330 -2.1545134 1.5232285 0.4229002 -0.6747304 -0.3211837 0.2703125 0.6070512
1494876531.333360 -2.1651380 1.5293090 0.4199793 -0.6731616 -0.3250463 0.2688540 0.6073846
1494876531.651458 -2.1921666 1.5385640 0.4112062 -0.6735126 -0.3307327 0.2668820 0.6047898
1494876532.128603 -2.2252276 1.5419840 0.4062088 -0.6740895 -0.3318231 0.2654008 0.6042014
1494876532.607723 -2.2582397 1.5573585 0.4077470 -0.6682889 -0.3460089 0.2572742 0.6061995
1494876532.766772 -2.2722137 1.5626221 0.4078672 -0.6678366 -0.3483521 0.2529880 0.6071591
1494876532.925775 -2.2888174 1.5665777 0.4070375 -0.6648911 -0.3535705 0.2537545 0.6070555
1494876533.243825 -2.3241310 1.5731955 0.3996727 -0.6642036 -0.3696363 0.2492270 0.6000738
1494876533.482492 -2.3445675 1.5871946 0.3911521 -0.6731750 -0.3658193 0.2520360 0.5911765
1494876533.961883 -2.3739657 1.6129850 0.3945193 -0.6828927 -0.3547581 0.2438117 0.5902204
1494876534.120974 -2.3864973 1.6191763 0.3978183 -0.6845772 -0.3496428 0.2438172 0.5913182
1494876534.280071 -2.4026675 1.6240815 0.3994985 -0.6860866 -0.3473165 0.2441890 0.5907862
1494876534.757403 -2.4529688 1.6311705 0.3988898 -0.6925669 -0.3488190 0.2423358 0.5830522
1494876534.918532 -2.4637465 1.6351151 0.3984032 -0.6926817 -0.3467398 0.2418868 0.5843409
1494876535.395850 -2.4962173 1.6595850 0.3998814 -0.6985421 -0.3336282 0.2324390 0.5888153
1494876535.714096 -2.5180521 1.6808370 0.4028244 -0.6989433 -0.3259239 0.2221616 0.5965703
1494876536.670889 -2.5920076 1.7166265 0.4167554 -0.7029046 -0.3044754 0.2318691 0.5995470
1494876536.909612 -2.6080604 1.7321081 0.4164295 -0.7112667 -0.2979217 0.2241235 0.5959119
1494876537.148379 -2.6239305 1.7468078 0.4196682 -0.7072352 -0.2938700 0.2271769 0.6015394
1494876537.387169 -2.6389081 1.7581855 0.4264319 -0.7069393 -0.2988564 0.2233747 0.6008539
1494876537.548367 -2.6471972 1.7614747 0.4322650 -0.7075297 -0.2982107 0.2247119 0.5999806
1494876537.707524 -2.6576662 1.7614619 0.4345863 -0.7057787 -0.2969625 0.2378305 0.5976006
1494876537.866687 -2.6679130 1.7591331 0.4331155 -0.7070529 -0.2870398 0.2532150 0.5946147
1494876538.184962 -2.6871269 1.7616056 0.4286437 -0.7044001 -0.2696677 0.2785080 0.5945865
1494876538.823652 -2.7229099 1.7922064 0.4196842 -0.6941659 -0.2969417 0.2453840 0.6080676
1494876539.141922 -2.7443824 1.7980385 0.4137051 -0.6995935 -0.2902929 0.2380269 0.6079822
1494876539.778525 -2.7840462 1.8115202 0.4051721 -0.7007316 -0.2944096 0.2292217 0.6080753
1494876540.417049 -2.8210621 1.8273365 0.3940682 -0.7030510 -0.2901132 0.2253056 0.6089261
1494876540.735158 -2.8386607 1.8357332 0.3886495 -0.7031975 -0.2805158 0.2288769 0.6119146
1494876541.053293 -2.8535185 1.8416256 0.3863499 -0.7049856 -0.2784497 0.2309211 0.6100299
1494876541.532582 -2.8833504 1.8538045 0.3849247 -0.7034556 -0.2686891 0.2341195 0.6149346
1494876542.328161 -2.9199615 1.8779186 0.3763065 -0.7017371 -0.2597654 0.2275024 0.6231611
1494876542.807524 -2.9473505 1.8921902 0.3700595 -0.6934285 -0.2638295 0.2210737 0.6329908
1494876543.284846 -2.9677434 1.9122046 0.3640988 -0.6925095 -0.2675988 0.2162123 0.6340929
1494876543.603118 -2.9815664 1.9215813 0.3606853 -0.6914988 -0.2658878 0.2147186 0.6364190
1494876544.162064 -3.0044405 1.9373420 0.3449955 -0.6879532 -0.2605227 0.2162947 0.6419230
1494876544.480265 -3.0159199 1.9441377 0.3350391 -0.6877046 -0.2588410 0.2168243 0.6426904
1494876544.798425 -3.0262673 1.9514040 0.3232720 -0.6866066 -0.2553810 0.2178241 0.6449067
1494876545.118689 -3.0401793 1.9641471 0.3086455 -0.6870395 -0.2576621 0.2150491 0.6444695
1494876545.436923 -3.0563393 1.9719465 0.2971053 -0.6832840 -0.2608516 0.2182843 0.6460894
1494876545.755192 -3.0697150 1.9792933 0.2895913 -0.6845869 -0.2629931 0.2170147 0.6442671
1494876546.393823 -3.0941992 2.0033677 0.2907360 -0.6796358 -0.2638134 0.2126682 0.6505921
1494876546.871238 -3.1206045 2.0077937 0.2936022 -0.6585264 -0.2795533 0.2040153 0.6682596
1494876549.660221 -3.2577269 2.1340623 0.3364449 -0.6568678 -0.2665017 0.2088472 0.6737095
1494876549.978493 -3.2729783 2.1462398 0.3280263 -0.6605660 -0.2581722 0.2156862 0.6711774
1494876550.776228 -3.3184371 2.1738956 0.2962885 -0.6578063 -0.2643391 0.2263170 0.6679792
1494876551.733077 -3.3560300 2.2265458 0.2546587 -0.6643709 -0.2721515 0.2171184 0.6613656
1494876552.210468 -3.3777618 2.2483552 0.2519324 -0.6584161 -0.2740713 0.2201274 0.6655203
1494876553.326655 -3.4245276 2.3116689 0.2363508 -0.6638314 -0.2659746 0.2284968 0.6605867
1494876553.804064 -3.4524875 2.3283489 0.2325184 -0.6597688 -0.2691119 0.2406648 0.6590632
1494876554.442782 -3.4785230 2.3533707 0.2314553 -0.6510928 -0.2711774 0.2422928 0.6662096
1494876554.761222 -3.4913325 2.3671565 0.2232938 -0.6497545 -0.2672835 0.2460801 0.6676999
1494876555.238737 -3.5138071 2.3941412 0.2057691 -0.6539180 -0.2768090 0.2376275 0.6627980
1494876556.036680 -3.5373445 2.4323959 0.1972587 -0.6585025 -0.2688478 0.2392880 0.6609362
1494876556.834524 -3.5769668 2.4605675 0.1865385 -0.6515264 -0.2764315 0.2488251 0.6611998
1494876557.232475 -3.5919921 2.4759533 0.1831498 -0.6530336 -0.2798688 0.2475606 0.6587370
1494876557.550841 -3.6048603 2.4860282 0.1853015 -0.6521978 -0.2774482 0.2535302 0.6583183
1494876557.871252 -3.6175041 2.4949672 0.1870286 -0.6470202 -0.2774362 0.2617329 0.6602197
1494876559.464584 -3.6963353 2.5713701 0.2054257 -0.6657108 -0.3003383 0.2643639 0.6298714
1494876559.623604 -3.7028818 2.5860224 0.2159057 -0.6754332 -0.2999417 0.2577448 0.6224087
1494876559.782651 -3.7104075 2.5940516 0.2288566 -0.6775986 -0.2970688 0.2578802 0.6213759
1494876560.100680 -3.7274070 2.6099117 0.2561784 -0.6715398 -0.3003767 0.2563988 0.6269512
1494876560.339210 -3.7382090 2.6313813 0.2730155 -0.6694481 -0.3049377 0.2491057 0.6299195
1494876560.579828 -3.7537072 2.6482749 0.2861485 -0.6723118 -0.3108322 0.2407839 0.6272188
1494876561.136493 -3.8005097 2.6897483 0.3156281 -0.6816762 -0.3186367 0.2496047 0.6094962
1494876561.695135 -3.8398554 2.7104108 0.3654661 -0.6779087 -0.3216784 0.2465588 0.6133284
1494876562.251838 -3.8792353 2.7402813 0.3848310 -0.6787130 -0.3064468 0.2498084 0.6188982
1494876562.331372 -3.8830421 2.7435224 0.3861151 -0.6803263 -0.3014835 0.2522323 0.6185813
1494876562.490446 -3.8930559 2.7502959 0.3884935 -0.6845068 -0.2976397 0.2566298 0.6140051
1494876562.649526 -3.9049277 2.7585108 0.3922439 -0.6893456 -0.2981751 0.2553017 0.6088640
1494876562.808593 -3.9171834 2.7660081 0.3981819 -0.6884344 -0.2999699 0.2528572 0.6100323
1494876563.287832 -3.9421451 2.7937982 0.4273362 -0.6727840 -0.3062994 0.2450639 0.6272845
1494876563.765014 -3.9615166 2.8188832 0.4455013 -0.6704341 -0.3051194 0.2376722 0.6331921
1494876564.083141 -3.9756021 2.8377647 0.4501195 -0.6805478 -0.3001645 0.2345264 0.6259019
1494876564.244287 -3.9843750 2.8463995 0.4542742 -0.6798724 -0.2990260 0.2355901 0.6267809
1494876564.403355 -3.9930112 2.8546269 0.4578815 -0.6767442 -0.3004975 0.2364721 0.6291261
1494876564.562438 -4.0008292 2.8618114 0.4608154 -0.6750199 -0.3016097 0.2367177 0.6303527
1494876565.358159 -4.0344458 2.8920636 0.4699011 -0.6794874 -0.3021236 0.2370790 0.6251494
1494876565.837429 -4.0515237 2.9073100 0.4716220 -0.6751118 -0.2961029 0.2434304 0.6303085
1494876565.996495 -4.0585184 2.9125931 0.4686031 -0.6740014 -0.2957916 0.2471139 0.6302097
1494876566.473633 -4.0768161 2.9276907 0.4594116 -0.6695595 -0.2983952 0.2538251 0.6310493
1494876566.632650 -4.0821199 2.9328051 0.4527864 -0.6725248 -0.2944535 0.2557573 0.6289641
1494876566.952807 -4.0960541 2.9479268 0.4424043 -0.6739938 -0.2936752 0.2560252 0.6276451
1494876567.111607 -4.1019354 2.9543965 0.4376960 -0.6724105 -0.2928315 0.2578442 0.6289914
1494876567.270459 -4.1084924 2.9591482 0.4328518 -0.6718561 -0.2978808 0.2571469 0.6274967
1494876567.429297 -4.1163578 2.9630301 0.4286609 -0.6711342 -0.3039869 0.2554968 0.6260130
1494876567.747006 -4.1289940 2.9729888 0.4198422 -0.6659162 -0.3076304 0.2579559 0.6287909
1494876568.225616 -4.1460886 2.9893110 0.4058733 -0.6681708 -0.3131652 0.2524693 0.6258872
1494876568.702295 -4.1598754 3.0077012 0.4038296 -0.6715207 -0.3063996 0.2552367 0.6245266
1494876568.861196 -4.1647062 3.0146475 0.4050059 -0.6697701 -0.3046517 0.2521258 0.6285126
1494876569.020069 -4.1707311 3.0200918 0.4047971 -0.6662037 -0.3084671 0.2509480 0.6309087
1494876569.498827 -4.1968536 3.0374134 0.3996949 -0.6675199 -0.3211275 0.2494724 0.6237451
1494876569.657682 -4.2044201 3.0435998 0.3990660 -0.6689594 -0.3201292 0.2504159 0.6223364
1494876570.134349 -4.2216015 3.0656743 0.4071422 -0.6687529 -0.3191899 0.2536361 0.6217364
1494876570.612995 -4.2474813 3.0889163 0.4143229 -0.6625063 -0.3248865 0.2615086 0.6222118
1494876570.771841 -4.2569818 3.0958927 0.4121103 -0.6638626 -0.3249085 0.2651692 0.6191982
1494876571.248512 -4.2795439 3.1207173 0.4085484 -0.6623621 -0.3291759 0.2621791 0.6198240
1494876571.645980 -4.2939081 3.1449046 0.4144497 -0.6647443 -0.3311309 0.2545021 0.6194322
1494876571.805071 -4.2999620 3.1536515 0.4185562 -0.6650690 -0.3279340 0.2562759 0.6200525
1494876572.125327 -4.3128633 3.1674802 0.4240971 -0.6617283 -0.3252376 0.2623064 0.6225203
1494876572.523077 -4.3290195 3.1847427 0.4286065 -0.6621019 -0.3319633 0.2579871 0.6203742
1494876572.841204 -4.3405757 3.1981766 0.4299884 -0.6627546 -0.3293110 0.2615365 0.6196041
1494876573.161395 -4.3543539 3.2093365 0.4292140 -0.6650416 -0.3308793 0.2637149 0.6153804
1494876573.638711 -4.3682671 3.2265227 0.4279428 -0.6667440 -0.3264068 0.2677936 0.6141643
1494876574.115972 -4.3807802 3.2417166 0.4251909 -0.6687825 -0.3236713 0.2712371 0.6118802
1494876574.595348 -4.3906693 3.2514138 0.4187675 -0.6679016 -0.3255485 0.2691336 0.6127746
1494876574.754519 -4.3979120 3.2540016 0.4137368 -0.6683587 -0.3303248 0.2693132 0.6096331
1494876575.231972 -4.4176531 3.2634096 0.4004679 -0.6685810 -0.3332343 0.2752303 0.6051468
1494876575.711394 -4.4311957 3.2717476 0.3969541 -0.6684347 -0.3278772 0.2868752 0.6028220
1494876576.189018 -4.4453936 3.2807539 0.3889065 -0.6603373 -0.3299905 0.2882651 0.6098887
1494876576.427872 -4.4553576 3.2849104 0.3795376 -0.6582895 -0.3321040 0.2902491 0.6100143
1494876576.905569 -4.4766884 3.2945080 0.3571653 -0.6636748 -0.3377528 0.2892017 0.6015158
1494876577.862817 -4.4925623 3.3090212 0.3562155 -0.6596015 -0.3396315 0.2903938 0.6043573
1494876578.181128 -4.5027866 3.3162031 0.3533788 -0.6664890 -0.3403309 0.2898830 0.5966031
1494876578.660667 -4.5194850 3.3264873 0.3631935 -0.6686372 -0.3439114 0.2909077 0.5916267
1494876578.899437 -4.5238485 3.3285365 0.3721638 -0.6625431 -0.3423021 0.2956621 0.5970342
1494876579.217840 -4.5330925 3.3369739 0.3777714 -0.6709785 -0.3421370 0.2933703 0.5887820
1494876579.856794 -4.5505900 3.3474483 0.3926048 -0.6592769 -0.3489142 0.2909202 0.5991481
1494876580.095681 -4.5603161 3.3497634 0.3947906 -0.6638526 -0.3538119 0.2886344 0.5922898
1494876580.573302 -4.5706940 3.3528721 0.4102931 -0.6522318 -0.3546166 0.2940434 0.6019794
1494876581.052939 -4.5838270 3.3614826 0.4095645 -0.6435131 -0.3527213 0.2940961 0.6123611
1494876581.371140 -4.5964661 3.3697572 0.3987250 -0.6463665 -0.3558287 0.2958721 0.6066763
1494876581.609763 -4.6050496 3.3775547 0.3907914 -0.6523557 -0.3544293 0.2962485 0.6008734
1494876581.927915 -4.6156220 3.3851583 0.3908849 -0.6537481 -0.3591409 0.2939011 0.5977070
1494876582.407223 -4.6337004 3.3892431 0.3950291 -0.6462305 -0.3613722 0.3020339 0.6004763
1494876582.884525 -4.6488175 3.3989022 0.3981590 -0.6413774 -0.3645259 0.2987330 0.6054044
1494876583.364077 -4.6561079 3.4122839 0.4031091 -0.6423026 -0.3685632 0.2934194 0.6045772
1494876583.602829 -4.6642742 3.4174645 0.4047513 -0.6354977 -0.3732070 0.2975063 0.6069179
1494876584.319096 -4.6932669 3.4303319 0.3857017 -0.6479334 -0.3862038 0.3031966 0.5823237
1494876584.557865 -4.6990900 3.4412630 0.3811693 -0.6560248 -0.3898957 0.2958315 0.5745403
1494876585.037405 -4.7158923 3.4659736 0.3863430 -0.6565484 -0.3928249 0.2919272 0.5739436
1494876585.276220 -4.7298117 3.4737966 0.3910646 -0.6489029 -0.4029218 0.2938036 0.5746813
1494876585.515012 -4.7445893 3.4821036 0.3960772 -0.6428376 -0.4082317 0.2963957 0.5764168
1494876585.753808 -4.7554240 3.4920039 0.4041448 -0.6406951 -0.4117915 0.2926868 0.5781627
1494876585.994627 -4.7658010 3.5034544 0.4164419 -0.6357344 -0.4161231 0.2890534 0.5823500
1494876586.233402 -4.7792253 3.5117989 0.4269776 -0.6307664 -0.4201700 0.2888162 0.5849583
1494876586.472117 -4.7912941 3.5217505 0.4329448 -0.6293895 -0.4170564 0.2936949 0.5862390
1494876586.710898 -4.8050594 3.5329320 0.4357247 -0.6309417 -0.4092499 0.2980079 0.5878931
1494876586.949591 -4.8222728 3.5429914 0.4393339 -0.6345496 -0.4101792 0.3035991 0.5804546
1494876587.349477 -4.8519306 3.5544858 0.4466276 -0.6373439 -0.4122008 0.3145271 0.5700492
1494876587.667791 -4.8669577 3.5617175 0.4512668 -0.6436792 -0.3919153 0.3270973 0.5701639
1494876587.826970 -4.8720913 3.5621409 0.4557314 -0.6429179 -0.3823974 0.3298105 0.5758940
1494876587.986192 -4.8810601 3.5599730 0.4627652 -0.6393940 -0.3904784 0.3179626 0.5810351
1494876588.145396 -4.8922043 3.5595164 0.4694300 -0.6405856 -0.3966468 0.3069702 0.5814557
1494876588.625106 -4.9143171 3.5639830 0.4756041 -0.6407186 -0.3845507 0.3074812 0.5891144
1494876588.784309 -4.9232273 3.5671237 0.4731154 -0.6472387 -0.3767513 0.3058937 0.5878517
1494876588.943462 -4.9330988 3.5694180 0.4700909 -0.6485102 -0.3755455 0.3069939 0.5866472
1494876589.420827 -4.9704533 3.5688033 0.4543686 -0.6519863 -0.3663849 0.3277263 0.5772967
1494876591.095500 -5.0888443 3.5924726 0.4306889 -0.6555318 -0.3585346 0.2831055 0.6013172
1494876591.572830 -5.1246667 3.6119399 0.4305596 -0.6687771 -0.3298950 0.2737634 0.6074210
1494876591.891076 -5.1508417 3.6229672 0.4398437 -0.6685918 -0.3182703 0.2617478 0.6190131
1494876592.050233 -5.1653910 3.6310768 0.4435511 -0.6702799 -0.3142965 0.2549062 0.6220655
1494876592.209356 -5.1795158 3.6390409 0.4480071 -0.6690673 -0.3149574 0.2483358 0.6256837
1494876592.370497 -5.1922493 3.6456625 0.4524803 -0.6692078 -0.3143692 0.2432214 0.6278347
1494876592.529593 -5.2039585 3.6511996 0.4569883 -0.6700876 -0.3112932 0.2413963 0.6291320
1494876592.688718 -5.2157211 3.6563051 0.4614143 -0.6715881 -0.3094023 0.2400173 0.6289923
1494876593.166007 -5.2578626 3.6678922 0.4729853 -0.6821984 -0.3020261 0.2333080 0.6236611
1494876593.645092 -5.3047752 3.6806769 0.4753733 -0.6886508 -0.2983494 0.2198746 0.6232198
1494876593.963109 -5.3299336 3.6958959 0.4732790 -0.6943867 -0.2936899 0.2069005 0.6235107
1494876594.281180 -5.3503156 3.7129743 0.4759669 -0.7018413 -0.2847435 0.1927137 0.6238601
1494876594.599215 -5.3673258 3.7259257 0.4843526 -0.7073312 -0.2672494 0.1801547 0.6291301
1494876594.919342 -5.3906059 3.7371333 0.4920053 -0.7113506 -0.2582201 0.1718643 0.6306863
1494876595.396616 -5.4296556 3.7464671 0.4928875 -0.7139884 -0.2481945 0.1690539 0.6324879
1494876595.714784 -5.4635310 3.7462714 0.4879012 -0.7110426 -0.2675420 0.1615760 0.6298674
1494876596.194066 -5.5026159 3.7617013 0.4863896 -0.7214427 -0.2816384 0.1424857 0.6163588
1494876596.512241 -5.5260873 3.7707453 0.4926987 -0.7236832 -0.2662217 0.1391890 0.6213172
1494876596.989494 -5.5658002 3.7794490 0.4941921 -0.7346209 -0.2420516 0.1321736 0.6198978
1494876597.148566 -5.5838408 3.7864237 0.4995136 -0.7389429 -0.2457298 0.1195593 0.6158619
1494876597.468756 -5.6192570 3.7981763 0.5155816 -0.7319435 -0.2527677 0.1023865 0.6244072
1494876597.945960 -5.6517353 3.8119576 0.5259433 -0.7383781 -0.2097976 0.0953797 0.6337866
1494876598.025504 -5.6577835 3.8146181 0.5253515 -0.7403711 -0.2023692 0.0954216 0.6338707
1494876598.343639 -5.6836519 3.8211787 0.5277853 -0.7406943 -0.1755458 0.0841964 0.6430137
1494876598.502709 -5.6961894 3.8235288 0.5290160 -0.7360523 -0.1655016 0.0766215 0.6518936
1494876598.663774 -5.7059326 3.8270845 0.5291853 -0.7307262 -0.1541702 0.0667756 0.6616736
1494876599.140911 -5.7283196 3.8347359 0.5347323 -0.7388824 -0.1381896 0.0285568 0.6588938
1494876599.220438 -5.7310729 3.8350341 0.5372424 -0.7412469 -0.1352625 0.0285188 0.6568438
1494876599.299988 -5.7331252 3.8350377 0.5399046 -0.7443219 -0.1306309 0.0281410 0.6543154
