1494876481.63224 -0.0298953188989263 -0.00656886329601879 0.0359680252694221 -0.644707713473479 -0.742834848970255 -0.00471107641201268 0.18035012680408
1494876482.58537 0.020303617277593 0.0135282649701153 0.00718873668207659 -0.632533327978752 -0.760909682247003 -0.0326064172323217 0.140907335331529
1494876483.85813 0.00714357551190561 -0.017870876927612 0.048773727587929 -0.67028860595597 -0.717256854061815 0.0252330514170284 0.188730215596779
1494876484.73454 0.0433205042744211 -0.0135087498528244 0.0423609457306342 -0.660440866616216 -0.730634465413729 -0.0122258287772414 0.172747445421333
1494876485.77026 0.0682769885873564 -0.0440608863893716 0.0514543951660099 -0.656071274972187 -0.744483240615758 -0.00261351367140394 0.123726986874282
1494876486.00882 0.0619156972597235 -0.0589711205286047 0.0597484814595442 -0.683535681355177 -0.724963442037535 -0.0325345865581865 0.0784123194208841
1494876486.24739 0.0597680880526276 -0.0795242741587685 0.0653686500089624 -0.679983369270121 -0.724875067598172 -0.0779794486116331 0.0780895039099139
1494876487.52103 0.080052702995513 -0.104889142109779 0.130202108622154 -0.688060796141001 -0.721017683526918 -0.0765147507653535 0.0291778153170377
1494876488.71394 0.101550872909327 -0.0366899901217752 0.187514981628219 -0.708407109762979 -0.699193301281525 -0.0895091607111295 0.0357241594045928
1494876491.18057 0.0961878994911508 -0.0659274116765876 0.165056796036707 -0.71658216962238 -0.69434119563247 -0.0662985508102465 -0.00219351851774463
1494876491.81867 0.0993164300930142 -0.079823224229876 0.166185315047187 -0.685197197560636 -0.726601379904154 -0.0480134214066982 -0.0158100498836847
1494876493.01323 0.0945687583688713 -0.0481657699268815 0.206323197982991 -0.740532214944466 -0.671298450309869 -0.0311224823423116 -0.00135331812035822
1494876493.56981 0.106822085098536 -0.0507217422271609 0.238666736955701 -0.737691453707747 -0.674580928896284 -0.0251165824401109 -0.0110026323476295
1494876494.44654 0.118989552188976 -0.0204667252524687 0.345887941229816 -0.730991737432655 -0.680993544808565 -0.0431368725121537 -0.00617196080631083
1494876495.56218 0.118160185569253 -0.00144270933612292 0.436914960329685 -0.728661585431642 -0.684368108824679 -0.0252923337532606 0.00727286252886167
1494876497.07657 0.12032121522395 -0.0594371818866639 0.476783497346439 -0.715820554347961 -0.697083345979938 -0.0163507795244856 -0.0375287339968198
1494876497.63362 0.0965999825643855 -0.0918222328798161 0.457097452370338 -0.682704256208425 -0.728904678269726 -0.011719911476365 -0.0497546315679732
1494876498.03358 0.0612897877643825 -0.11751644638858 0.446530128166892 -0.663629020142887 -0.746871378138388 0.01211223131686 -0.0404100622426478
1494876498.35193 0.0330135271329999 -0.13318239299386 0.42451473145823 -0.645193951288764 -0.763168601110462 -0.00245046720048092 -0.0359507697561955
1494876498.59064 0.0162750879819693 -0.142334901552355 0.408576613388753 -0.626330365326791 -0.778449725890213 -0.0186293318083814 -0.0371383476141011
1494876498.90893 -0.00740247326272034 -0.148696220972897 0.389495725389303 -0.604506009372849 -0.796048016368513 -0.0255531212147696 -0.0150694857285493
1494876499.30894 -0.0182879305293117 -0.165555387186872 0.36142631790389 -0.562771642643199 -0.825671374112569 -0.038165539504703 -0.00991276642137828
1494876499.54764 -0.021465660887636 -0.182506821910313 0.34573652323036 -0.542059966339046 -0.839045915165981 -0.0396377254049315 -0.0245317548615582
1494876500.18419 -0.0501098259623688 -0.205216778148448 0.319183822151845 -0.500542323381899 -0.864631638608339 -0.0367444568420032 -0.0227896478333064
1494876500.82277 -0.0875955967063323 -0.200134605816238 0.309813901003795 -0.457571689680551 -0.888254323031795 -0.0373314842973242 -0.0154524378155112
1494876501.14097 -0.107893899152494 -0.192426494763803 0.317501789057549 -0.437217832544461 -0.898572091302813 -0.037229995490285 -0.00476468348126396
1494876501.77934 -0.160098641066773 -0.16838334905483 0.333051009200422 -0.407453967467991 -0.912631842085214 -0.0326176612896827 0.00452598219235154
1494876502.17701 -0.188756180495512 -0.155438987123892 0.339567578088643 -0.389235125945087 -0.920509319401802 -0.032497614191474 0.0101255040801458
1494876502.73388 -0.225929908516676 -0.133574122473393 0.335288254155911 -0.374368372409677 -0.926676149598298 -0.0299374832628038 0.0149463619975816
1494876503.2133 -0.249854407254628 -0.110120906464679 0.323630452947587 -0.364490858560365 -0.930750498860318 -0.0273543596393511 0.0100833051123241
1494876503.77009 -0.285920335702025 -0.087872338800266 0.310865906162087 -0.349486540728553 -0.936584757328084 -0.0253504140132839 0.00505151815896215
1494876504.48787 -0.325306079074696 -0.0596387094535063 0.303916675832098 -0.325085221487279 -0.945166921493764 -0.0312470553372137 -0.00164983435258581
1494876504.8061 -0.349237305035673 -0.0512334667855522 0.305371192431378 -0.312029716214407 -0.949605461674904 -0.0297098649995036 -0.00206359253026725
1494876505.28355 -0.390743521984612 -0.0372441349720508 0.307671887190202 -0.294630692003153 -0.955140723922017 -0.0299526646526068 0.00134233071467862
1494876505.52225 -0.408813059406519 -0.0276641779595899 0.308645262855882 -0.288519143060528 -0.957071361309414 -0.0276677110671686 0.0023711493705065
1494876505.76295 -0.426185777260949 -0.0190949505853572 0.309089629169656 -0.282625751319432 -0.958930662674759 -0.0238136776471835 -0.00275477154411505
1494876506.08118 -0.449580138470114 -0.0100926897504711 0.30962802305399 -0.271260964539942 -0.962262802761311 -0.0195373888227302 -0.00927842189532721
1494876506.31986 -0.469088578349482 -0.00555559416074333 0.310728863128535 -0.261012252136418 -0.965150475818212 -0.0164249173909787 -0.00934860884433014
1494876506.79719 -0.509035164622406 0.00808236260902784 0.310114525007979 -0.241292567033989 -0.970309838882045 -0.0155310083963877 -0.00595924299795514
1494876507.03791 -0.528329937320054 0.0160405410030869 0.306281209531993 -0.236241573917046 -0.971624698834949 -0.0106620084988111 -0.00465790488665796
1494876507.35609 -0.552089355348708 0.02968845175809 0.299957383382293 -0.231973802379818 -0.972640024675142 -0.00444553362312283 -0.0118231034955135
1494876507.83348 -0.587061995264593 0.0576155638284415 0.296153712996893 -0.225181413293649 -0.97402727873403 -0.0151722997996896 -0.0182757720469848
1494876508.15377 -0.61335353363653 0.0739928412644083 0.295290862867278 -0.220334298930997 -0.975082637932636 -0.0192175439123463 -0.0172436382171932
1494876509.02906 -0.676303121550207 0.128888925330062 0.298507417052775 -0.212050947170054 -0.976490324927657 -0.0343645426993848 -0.0178921901425013
1494876509.34737 -0.704453327768348 0.145430757032318 0.302911373243544 -0.210818838326741 -0.97691667509663 -0.0309088662152854 -0.0152931504296951
1494876509.58806 -0.726068290465833 0.154006159157311 0.305092502792347 -0.208323197103537 -0.977267516203514 -0.0303416322163569 -0.0250807458520132
1494876509.82677 -0.749217048354425 0.162663160958787 0.301838709768466 -0.197549567327451 -0.980039996575262 -0.0187147238872817 -0.01206415381993
1494876510.06554 -0.768751769742423 0.170716782333235 0.301425426166535 -0.202643926852409 -0.979006642443684 -0.016178587937058 -0.0148221924631474
1494876510.30432 -0.780099617289234 0.179743260061032 0.297606017752324 -0.206029597187056 -0.978041417702507 -0.0291487997002566 -0.0117110611609249
1494876510.54305 -0.794164947903751 0.193489229965973 0.295077398279455 -0.212112276719286 -0.976317487252923 -0.0401633558652308 -0.0141231062735271
1494876510.78384 -0.809637274175855 0.207698892860862 0.299751030955778 -0.214336600914185 -0.975915888999732 -0.0333174277167541 -0.0231939486251295
1494876511.02255 -0.830110491985513 0.224299426920136 0.298923235377866 -0.215880207715413 -0.975061546669625 -0.0461024732037348 -0.0229191889812316
1494876511.34085 -0.856126919853549 0.239810049685232 0.301884177676011 -0.206186335528285 -0.976926955433872 -0.0508791585987275 -0.0226327449612031
1494876511.57956 -0.878787643571213 0.250950144660146 0.30361619232628 -0.202713632024376 -0.977669882389761 -0.0504186146080789 -0.0229512286501127
1494876511.81823 -0.898698785377316 0.263815291775364 0.309051940614295 -0.20280901493071 -0.977653763191904 -0.0463411798252149 -0.0302345657819323
1494876512.21807 -0.927591915940739 0.289154086099476 0.319379883679222 -0.20669432579995 -0.976937593161836 -0.0438633478320309 -0.0307638196961995
1494876512.61589 -0.964129325203486 0.314601518144126 0.334225110946257 -0.210110271104695 -0.976325273807793 -0.0424024438067143 -0.0290633376565483
1494876513.09321 -1.01459367595123 0.338938609411151 0.350759086728804 -0.20934552661613 -0.976937629670719 -0.0340146352599237 -0.0247049376315159
1494876513.81135 -1.07336682923543 0.37582382058098 0.37237601665169 -0.21046497014062 -0.976908027391793 -0.0260813320761459 -0.0259803312986512
1494876514.05003 -1.09522906566821 0.38251193285081 0.373662473598934 -0.206143500277718 -0.978016167734287 -0.0204542183882154 -0.0238928656671204
1494876514.44783 -1.12940295694099 0.388836318976959 0.372288690354405 -0.196984926148385 -0.980043067197141 -0.0119848895350196 -0.0238516009533915
1494876514.68854 -1.15037800470016 0.394779708406691 0.366680798497951 -0.19178919656882 -0.98116410208635 -0.00981726372443048 -0.0209174885110218
1494876515.08629 -1.18131604786021 0.407135264962114 0.352552508496879 -0.188173546303162 -0.981898226860348 -0.0101472850936554 -0.0190691452743626
1494876515.32501 -1.19619531809279 0.419025508461555 0.340809575663881 -0.185428817398231 -0.982278186293347 -0.0210198256089892 -0.0174326268239893
1494876515.56357 -1.21053640144813 0.432379105119338 0.329120336240785 -0.184785176650321 -0.982101349459599 -0.0336953980903574 -0.014000327265736
1494876515.80391 -1.22882317165633 0.443200986881327 0.321749312716327 -0.182749137830975 -0.982415894363004 -0.0353769841016742 -0.0144997674779727
1494876516.35989 -1.27714036856862 0.467737060728631 0.320064210587647 -0.18381249999681 -0.982318129286189 -0.0329806808665803 -0.0132794407356453
1494876517.07685 -1.34805460752093 0.504094505661426 0.344787621962333 -0.183021504998755 -0.982473317362992 -0.0314491679503036 -0.0161328964867465
1494876517.39459 -1.38328788145457 0.515774217438981 0.357779766197242 -0.177643804368642 -0.983549331636862 -0.030928513554497 -0.0108087553167329
1494876518.03012 -1.45169762863241 0.546963589397807 0.38985476735911 -0.171597550040656 -0.98459388023038 -0.0300853431979684 -0.0149684699839254
1494876518.50873 -1.5115194403286 0.563653173522289 0.405985767840582 -0.162283856851514 -0.986482016393974 -0.0159453080753439 -0.0162154069677682
1494876518.74698 -1.54699329906506 0.569467279592925 0.409528083956147 -0.153901444873216 -0.987668293564919 -0.0151713809527895 -0.0244034319011457
1494876518.98534 -1.58086417714294 0.579827471823618 0.408696821753524 -0.145577369091183 -0.988923121928734 -0.0158085924799528 -0.0242567117122276
1494876519.22404 -1.61326372105778 0.59377462398195 0.406923367442036 -0.143885285523045 -0.988910981182829 -0.0175867809439574 -0.0322926025285373
1494876519.46274 -1.64654815382007 0.609801005141784 0.405908005982071 -0.140111275723443 -0.989099343125421 -0.0181398626992452 -0.0415003176052117
1494876519.70353 -1.68052993135223 0.61936354941546 0.405424250032068 -0.135770801519443 -0.989694974927918 -0.0147624992287195 -0.0430374930704511
1494876519.94228 -1.71635278958058 0.625157520313137 0.405107168232644 -0.127680694744385 -0.990546618759754 -0.0111403359371371 -0.0488972422994234
1494876520.18104 -1.75482694921252 0.632322154371333 0.403621690547008 -0.123484000228942 -0.990992594233191 -0.00512409630752025 -0.0515667978017809
1494876520.41976 -1.79019745830897 0.645152359446442 0.401324669159709 -0.123153170528704 -0.990844708158409 -0.00305248489740922 -0.0552336344560816
1494876520.6585 -1.82538736617542 0.662256824565645 0.39814973689456 -0.128096893014762 -0.989873256802992 -0.00556048320714359 -0.0609197310300771
1494876520.89922 -1.86076163325062 0.684334229112163 0.396972266944329 -0.132037578815516 -0.988879817925502 -0.0107882595866891 -0.0675752030801507
1494876521.37649 -1.93803681997619 0.712039802234942 0.399723105447439 -0.130621349206777 -0.988886757321431 -0.00897792384616453 -0.070430478808466
1494876521.61518 -1.98350362665033 0.718136208382625 0.402903618644117 -0.126482022405893 -0.989050345091265 -0.00496047179983383 -0.0758756729034974
1494876522.09262 -2.06876729795919 0.741112614582848 0.40632976007592 -0.124989413537939 -0.989971584217938 -0.0122899543682188 -0.0646751660389486
1494876522.33335 -2.11035642205545 0.756121714399678 0.408040370144044 -0.125243768509111 -0.990027876263772 -0.0129682978747009 -0.0631714892699725
1494876522.81078 -2.18990603272823 0.776848939829997 0.408042776939951 -0.128133992280362 -0.989831414273686 -0.00840391898515425 -0.0611950702345634
1494876523.04958 -2.22679574495806 0.783651629699828 0.410757801128602 -0.124803352476422 -0.990178531039163 -0.00222553700453765 -0.062973470611707
1494876523.28828 -2.26450971560879 0.789480855898741 0.415329142789776 -0.12188218773932 -0.990490016498872 0.00260787210690094 -0.0637767172805739
1494876523.52906 -2.30196988705246 0.798176717492879 0.420953044621247 -0.121653982446734 -0.990506639166272 0.00778971075969781 -0.0635313927498622
1494876523.76776 -2.3389315108062 0.808194944461624 0.426263356406342 -0.120050717210494 -0.990468217011145 0.00727432838012032 -0.0671388983428972
1494876524.00642 -2.3766473416646 0.821559239438691 0.428283573351628 -0.118413872906154 -0.99068994814089 0.00038384828853083 -0.0671672922822395
1494876524.24485 -2.41199613495122 0.836869024579094 0.428496030643519 -0.117115653890604 -0.990826893049596 -0.00904873997078215 -0.0668140933072647
1494876524.72438 -2.47694845195435 0.867829197620291 0.436377965969479 -0.123486579963074 -0.98988262759741 -0.0210257550101858 -0.0666436562036639
1494876525.2012 -2.54224307080502 0.893382153876353 0.447926452577267 -0.126666106327138 -0.989484626207684 -0.0274871824726958 -0.0641898585630584
1494876525.43957 -2.5752176060619 0.900780677890116 0.449929902933639 -0.126371651166576 -0.989920578486644 -0.0260943272544972 -0.0583656687728889
1494876525.67792 -2.60733059148872 0.907822742710169 0.450967671941208 -0.128601467997209 -0.989914810302608 -0.0216305541456709 -0.0553395070084391
1494876526.15698 -2.66461472747416 0.920350475927568 0.445306785160694 -0.132252562740897 -0.990163391187634 -0.0315496959328871 -0.0330203910165149
1494876526.39558 -2.68945482965564 0.925396204482755 0.442383227869334 -0.129427703677196 -0.990573445112341 -0.0338024664393153 -0.0294978602241731
1494876526.95206 -2.75841780530108 0.938104117424797 0.43167128195592 -0.136680705496122 -0.989887941179113 -0.0332096785903233 -0.0183678261440296
1494876527.90826 -2.86774520752386 0.987616375894388 0.446133055801647 -0.164646776570382 -0.985506895324716 -0.0343865558047977 -0.0220266690258908
1494876528.62587 -2.95574258889081 1.02631793797395 0.479072782764833 -0.175626441543822 -0.98367849729042 -0.0325765414586078 -0.0216967067035946
1494876529.18244 -3.02185801374849 1.03005635251755 0.494460179160174 -0.177398954106843 -0.983475945674562 -0.0163264188595139 -0.0322200953539847
1494876529.58001 -3.06972883244628 1.02632161172766 0.499383295567616 -0.174449338352104 -0.983700201301929 -0.00408819227567769 -0.043412442076508
1494876529.9001 -3.09650677591466 1.01912866548162 0.505144613713112 -0.168214122681652 -0.984641497147086 0.00198881099086745 -0.0467031775503529
1494876530.13864 -3.11789481512905 1.0141400072743 0.51231852129942 -0.166799508664592 -0.984489280653141 0.00413662429451828 -0.0542372534687115
1494876530.5362 -3.15648402140079 1.00755756875115 0.526306786231606 -0.168272551861495 -0.984097408448395 0.0114342596999286 -0.0557306721326745
1494876531.09483 -3.20984900921447 1.01172656536216 0.527320375357474 -0.172777719893988 -0.983071643078187 0.0115088068932038 -0.0598795673310489
1494876531.33336 -3.23282289960764 1.01677968409133 0.520018156065343 -0.169680990978701 -0.98352894731179 0.00497693704012814 -0.0620839136493386
1494876531.57193 -3.25987573036092 1.01653011547173 0.511326893799319 -0.16688965300751 -0.983698829069389 0.00181573515649008 -0.0669415539740364
1494876531.8105 -3.28420456743151 1.01157717769024 0.505179182237198 -0.16643214698905 -0.983665410870757 0.00164154646830472 -0.0685566653677348
1494876532.04907 -3.30678326352143 1.00519057405264 0.502823541161362 -0.167234018123197 -0.983381860529132 0.00150718859927113 -0.0706444554316194
1494876532.28763 -3.32918270382893 1.00275606044095 0.500544149774373 -0.165033060933107 -0.98375160054438 -0.00470118347758053 -0.070532171633951
1494876532.60772 -3.36138465715493 1.01000450124515 0.498012337483215 -0.162774378863202 -0.983825262239604 -0.0155771247060891 -0.0731417752507803
1494876532.92578 -3.40342313653012 1.01144414064442 0.493094340399974 -0.159926200834772 -0.983988745317424 -0.0238175401537463 -0.0749833000893727
1494876533.16434 -3.43386994036789 1.00982410777115 0.485119787442724 -0.150535605206906 -0.984704693933405 -0.0334440719440321 -0.0810999537508107
1494876533.40292 -3.46588919173199 1.01209485874553 0.480625145475954 -0.14779272966975 -0.983958827918868 -0.0281745135580911 -0.0958568825861127
1494876533.64366 -3.49578724508978 1.01494383239963 0.478425352002999 -0.15331183629692 -0.983493846738639 -0.0159672513248866 -0.0947649318033849
1494876534.51876 -3.61661610364852 1.01254140044036 0.496078443507913 -0.169875140439098 -0.979967501775445 -0.0107016385507563 -0.103400281398021
1494876534.7574 -3.64889044538053 1.0050917983894 0.497324501739499 -0.169479295471763 -0.97946948910128 -0.00870037791273215 -0.108814534352353
1494876534.99808 -3.67771780773285 1.00232885486173 0.49794059385518 -0.174235665029713 -0.97856971412038 -0.00696477271467427 -0.109520549282386
1494876535.95277 -3.80868576492348 1.02976878015799 0.502794485685296 -0.200886971492642 -0.973325253698867 -0.0238532762045824 -0.108228496926314
1494876536.35259 -3.86238571204784 1.02611378029709 0.516788579981687 -0.205448527912544 -0.972962062757239 -0.00781029177266424 -0.105236577729628
1494876537.3076 -3.98120063706676 1.04958567220877 0.530508895550895 -0.224305960345947 -0.970302802237495 0.00988175503190647 -0.0900092782823351
1494876537.70752 -4.01480930522339 1.04528221994492 0.549222234664903 -0.21533038427081 -0.97238847304864 0.0186885081390196 -0.0880013289191015
1494876537.94626 -4.03916728424274 1.03095113078944 0.556984374992052 -0.208537238417927 -0.973885048030049 0.0457385750730751 -0.0772536555956385
1494876538.26452 -4.07200826379902 1.02958652916693 0.550961564652134 -0.206507339714981 -0.975117318934391 0.0526686332637608 -0.0610488260677046
1494876538.58287 -4.10203333707262 1.05298166143449 0.532755881764751 -0.203189058736513 -0.9765854431695 0.0217219047525092 -0.0672551008414589
1494876539.61938 -4.20154682293582 1.04641797493143 0.506162761287662 -0.223074911917454 -0.971751077483146 0.0144935800679081 -0.075679418313369
1494876540.17838 -4.24980399342645 1.05146288910209 0.493827759890769 -0.226822157296684 -0.970384696529288 0.00845022708545951 -0.0826671307069143
1494876540.57614 -4.29106709020574 1.05119101130341 0.482278785783631 -0.230223777568974 -0.970003820143607 0.011517121934087 -0.0771813979343961
1494876541.45301 -4.37548519237182 1.04657309831034 0.477509296980997 -0.2419002993036 -0.96754050938121 0.0301448726265094 -0.066640120750033
1494876541.7712 -4.40750393036336 1.05072864655744 0.473620390249495 -0.244069876143827 -0.967404215121494 0.0262415361750546 -0.0622123222484677
1494876542.48723 -4.46754922011227 1.06163167307077 0.455598438600569 -0.250265241161428 -0.966135209544231 0.0179925069418393 -0.0602191562159095
1494876543.20528 -4.52791047017372 1.08150677666407 0.434162682309226 -0.255012882490482 -0.965357140511484 0.00630910465296813 -0.054901979581215
1494876543.76221 -4.57095045889366 1.09262714895179 0.418857833812585 -0.255918589494533 -0.965455411191959 0.00248192968113536 -0.0489425756619183
1494876544.16206 -4.60058175422886 1.09844731589562 0.40058527461066 -0.259652968182053 -0.964658622302054 0.00449365978849764 -0.0446530703348423
1494876544.71888 -4.63444064025003 1.10409763593804 0.374265312440729 -0.262358501042227 -0.964184660035609 0.00726963340616105 -0.0382507757974197
1494876545.11869 -4.66257554593363 1.11496680949925 0.349427102623731 -0.26282582439263 -0.963885798537546 0.00363113857139463 -0.0428203150235734
1494876545.35735 -4.680111261194 1.11899671881118 0.335799806187956 -0.258213908038171 -0.965230970445888 0.0020483099660582 -0.040627170097096
1494876545.59606 -4.6973268505057 1.12056643809839 0.325986653411143 -0.25845485184987 -0.965153818344706 0.00201723430764927 -0.0409284545483235
1494876545.83477 -4.71074246803156 1.12458010421225 0.320715220607572 -0.258226542376498 -0.965035426526614 0.000733472720981565 -0.0450016834653314
1494876546.15305 -4.73191957861628 1.13518707340729 0.319627702763204 -0.261488081208871 -0.963977675334004 -0.00157802982671407 -0.0486677079929645
1494876546.47338 -4.7576436234374 1.14369049901676 0.315192097872754 -0.259609773504754 -0.965075883639631 -0.00965995688990606 -0.0337342657686708
1494876546.71212 -4.77617313199621 1.14773327729343 0.307066344618672 -0.254858640113757 -0.966241088747815 -0.026637279377912 -0.0267525411544094
1494876546.95083 -4.79248507471616 1.15136783036825 0.299670365067653 -0.25320197299247 -0.966328935070227 -0.0406247853617514 -0.0211373619248784
1494876547.18951 -4.80556941229994 1.15536647722031 0.294769464090223 -0.255880807102853 -0.965466331668735 -0.0451741155687075 -0.0189495485214123
1494876547.42825 -4.82211056349318 1.16360102933278 0.295526726024799 -0.26401440363971 -0.963390360469482 -0.0385731113182893 -0.0262208742140337
1494876547.66903 -4.84312228126964 1.1759648657271 0.301210177588953 -0.265588163717173 -0.963035840195693 -0.0352580951549052 -0.0279602513228166
1494876547.90775 -4.86700428168601 1.18492092512539 0.310844024168701 -0.265250079886838 -0.963267368218982 -0.0360440600615984 -0.0214291697190866
1494876548.14649 -4.89145901291627 1.19165522328439 0.323270771427122 -0.268192355019593 -0.962683683757138 -0.032636558516616 -0.0157433135360438
1494876548.38518 -4.91373890562323 1.20259651218145 0.332427966163047 -0.266045311153365 -0.963181825811893 -0.037597016906789 -0.00933478948655314
1494876548.62387 -4.94125381131541 1.21116744620759 0.33906332152761 -0.26236590077178 -0.964258786034877 -0.0363008061587922 -0.00716870107137918
1494876548.86253 -4.96629890775408 1.21850108621649 0.342516171123914 -0.255992166534919 -0.966018276010491 -0.0350160800493305 -0.00711240891164464
1494876549.10326 -4.98924088512802 1.22570054479942 0.343868634844833 -0.25420058966054 -0.966363375727881 -0.0368567141433936 -0.0128639040213806
1494876549.42152 -5.01515817717163 1.23723062262161 0.344867234213613 -0.25728311575771 -0.965723125367766 -0.0325788283083673 -0.0110848797035826
1494876549.81934 -5.04752898130691 1.24808013931889 0.341660862727269 -0.259520409222546 -0.965413417615144 -0.0236586321474732 -0.00814681205084908
1494876550.45791 -5.10428932532264 1.25595249241043 0.320513522325059 -0.254285871597306 -0.967050465367069 -0.0112228516303539 -0.00511387100813843
1494876551.015 -5.1444388769308 1.27411750061352 0.284849265323087 -0.246754508401496 -0.968874874565815 -0.0172400565476564 -0.0098225050224674
1494876551.33332 -5.16904214945251 1.28911451703809 0.264164684550631 -0.246876100313314 -0.968657245639472 -0.0184873570864821 -0.0203361827359642
1494876552.13086 -5.22648929506711 1.32403586684608 0.247294776027758 -0.247853533287254 -0.968414030049309 -0.0205931550843166 -0.0178556865010907
1494876552.76967 -5.28053880622459 1.36051430393747 0.231565406716033 -0.250980382404076 -0.967628903588632 -0.0182289137608119 -0.0192579964517954
1494876553.24708 -5.31934856211619 1.37744998116247 0.228365584488014 -0.249355354651398 -0.968192732820979 -0.0109361378327559 -0.0174685787829092
1494876554.52241 -5.41428596863852 1.41514849003638 0.2158237627198 -0.231300678327162 -0.972816290998284 -0.0111036500489529 -0.00227601963919655
1494876555.63877 -5.49726339446058 1.46130027325469 0.181525140548604 -0.237997230652263 -0.971165094359488 -0.00684706005946639 -0.0121986312426243
1494876556.99372 -5.59015221001227 1.49763131066846 0.161669352549312 -0.226221000004328 -0.974028640164815 -0.0067357739378443 -0.00684892555452152
1494876558.10995 -5.66031819258188 1.52304402062806 0.164971358700897 -0.208512230196404 -0.97798241705393 0.00644890311784962 -0.00560932941827569
1494876558.66703 -5.69905675146654 1.53613096493018 0.173287670077637 -0.196093595243694 -0.980508146162811 0.00482621104535075 -0.0113046908753515
1494876559.30551 -5.74977667118042 1.56634300977144 0.193103815875906 -0.191371151148477 -0.981007780336376 0.00375593705496879 -0.0314121234639304
1494876559.6236 -5.77764997499589 1.59101793191416 0.224891320065388 -0.19771805744237 -0.97885415061036 0.00965595249199097 -0.0515644772263771
1494876560.33921 -5.84910187521188 1.62864619825213 0.294373599542683 -0.203185250225798 -0.977978196677872 -0.00312152680892419 -0.0475885292883585
1494876561.05695 -5.93538258689942 1.67087898675603 0.352285316379668 -0.190068652458521 -0.979210828434113 0.000478706573461829 -0.0708508490144446
1494876561.29551 -5.96388302351729 1.68026191415431 0.379637890607513 -0.190036133147558 -0.979101923581524 0.000588984546762761 -0.0724248270316044
1494876562.01326 -6.04910677661265 1.69399481643018 0.442374087737396 -0.1900820326027 -0.979738243859255 -0.0109148946546858 -0.0621503870620102
1494876562.64953 -6.12729620967745 1.70770030596296 0.473179110944426 -0.201542963803982 -0.977084453521546 0.0183836198080684 -0.0659428395387382
1494876563.12875 -6.18051191921738 1.73155506438874 0.496411718627432 -0.198148847542037 -0.978790043798231 -0.00100158219294555 -0.0520201148441798
1494876563.84455 -6.24340087857152 1.77049753869796 0.528536169168446 -0.209158054642673 -0.976459003453333 -0.0139587230873366 -0.0508516267080841
1494876564.4829 -6.30601794563334 1.79866057070135 0.549103282007161 -0.212732200736301 -0.975582476328067 -0.00882105353280022 -0.0539077248836291
1494876565.11949 -6.35529002934793 1.81571283379876 0.559878393983718 -0.209945497383804 -0.975947447701127 -0.00945915311663209 -0.057965532968399
1494876566.07602 -6.42453701477152 1.83735000328776 0.560330322624646 -0.208179163067808 -0.977068346385288 0.000229933250901038 -0.0447083976795918
1494876566.63265 -6.46000281618834 1.84813352472608 0.541791314329983 -0.204253365243625 -0.978033045588959 0.00557674336267927 -0.0412411880548666
1494876567.11161 -6.49817364981458 1.86509270106187 0.520619945214585 -0.204767550796002 -0.977959680340542 0.00781991109149272 -0.0400496428925927
1494876567.34986 -6.51198060087483 1.86991412248677 0.51046965028571 -0.200226580604838 -0.978694249912279 0.00357455082468483 -0.0453223491272032
1494876567.82644 -6.54260579976117 1.88096686125061 0.487194344565738 -0.193712412574868 -0.980164783406864 -0.00278402220740837 -0.0417703117036375
1494876568.06676 -6.5573226617652 1.88843957115862 0.477285547966649 -0.192396956328848 -0.980176812461227 -0.00315190748041322 -0.0471900850184539
1494876568.46398 -6.58056634174225 1.90124604477721 0.4707334759933 -0.194671860093462 -0.979537158066748 -0.00365221704500884 -0.0509558171458148
1494876568.70229 -6.59563181484716 1.90966057230501 0.472478351301441 -0.195626171203399 -0.979425016714392 -0.0002470912713467 -0.0495680124302631
1494876568.94064 -6.61407921672007 1.92012058444277 0.470666236863908 -0.19977731145403 -0.978784452105539 -0.00567859199369147 -0.0451418527942769
1494876569.179 -6.63056133861479 1.9289156299484 0.46628511338811 -0.194903850038494 -0.979587557735881 -0.0117976979727686 -0.0477653789667628
1494876569.4194 -6.65056998806624 1.93436991185093 0.463301863826743 -0.190198843653013 -0.980139056793024 -0.012393126068418 -0.0547562853402305
1494876569.89601 -6.68757915420754 1.95091415539514 0.465829781876252 -0.188778844232185 -0.980464884381923 -0.00872244524792215 -0.0545443722969692
1494876570.69243 -6.75775122548682 1.9833093012338 0.481700578725281 -0.175640937392695 -0.983121301077432 -0.00917830496509697 -0.0503839094718857
1494876571.08961 -6.79613737144085 2.00039521755646 0.475503807489574 -0.170371028051283 -0.984112339666224 -0.0104424357612798 -0.0488628937831388
1494876571.96622 -6.86833473141584 2.04689559382007 0.493287412125489 -0.177627192512439 -0.982861438482001 -0.00787958696119084 -0.048681582458186
1494876573.55917 -6.98330649314263 2.10236354823064 0.507014973969679 -0.171463478016567 -0.983616358890469 -0.00173261037973432 -0.0556429998010596
1494876575.07283 -7.0611654054741 2.12917297485243 0.47450024368246 -0.162006489048123 -0.984969367459878 0.0022760501643187 -0.0598671312466942
1494876576.50749 -7.13754421153474 2.14276510442472 0.429769537668252 -0.148255370162698 -0.987856866274121 0.0058470742540197 -0.0460975035303946
1494876577.62402 -7.18493329481766 2.15314400201495 0.401686159298124 -0.141093788435996 -0.988567335504525 0.00176592337654879 -0.0531418732165215
1494876578.97904 -7.2466482243725 2.16877421063316 0.431295532405494 -0.136032221778004 -0.988938186870705 0.00948406522911927 -0.0583657504862511
1494876579.93648 -7.29254036473448 2.18077374843465 0.456928480651394 -0.134563835618278 -0.989077097814544 0.00110306366306562 -0.0601486750401247
1494876580.65292 -7.3214288968622 2.17954468458214 0.482016754728215 -0.12906744643183 -0.99029042607271 -0.00392107011020976 -0.0514888594315146
1494876581.37114 -7.36359970855308 2.19161763530777 0.45827323519832 -0.126897409876694 -0.990731609509079 -0.00743103635634812 -0.047882315324947
1494876582.08903 -7.40194978093175 2.19883128466757 0.453113266635215 -0.123785942480897 -0.99065457329612 -0.00518192177920074 -0.0570413505655658
1494876582.48676 -7.42789717420238 2.19836677153447 0.455164273910697 -0.116867546210309 -0.991850283156989 -0.00583787116883738 -0.0504075672936946
1494876583.68242 -7.48570359396489 2.2312335758781 0.461792085127035 -0.108286030839097 -0.992773179922171 -0.0186664922775247 -0.0482402524294669
1494876583.92116 -7.49760766637116 2.23284534400114 0.455229020330428 -0.0953404504264086 -0.994241862017894 -0.0147877265200462 -0.0466331706419269
1494876584.23951 -7.5136050455008 2.23276861097504 0.447241347956899 -0.0962247876564467 -0.992948118888456 -0.0112080990708525 -0.0683316404576785
1494876585.0374 -7.56118335975712 2.27141500419423 0.450905394883428 -0.0988513803198294 -0.990708201519577 -0.0163316240360269 -0.0919725678837223
1494876585.27622 -7.58292139550666 2.2810791081045 0.45418164542578 -0.0890727697391449 -0.991639781261402 -0.0245945486659152 -0.0900650055394817
1494876585.75381 -7.62784792730187 2.29583964848526 0.470228406854363 -0.0828365624369203 -0.992210071439089 -0.0331314451191382 -0.0869459403242133
1494876586.15381 -7.66481202435523 2.31320220662836 0.494749974820906 -0.0813679482463306 -0.992271175028999 -0.0436254515655132 -0.0829096093135654
1494876586.47212 -7.69708204314025 2.32391090048755 0.507061168451451 -0.0782589400342698 -0.993051230307382 -0.0427707583779587 -0.0767819357241911
1494876586.7109 -7.72635018710069 2.3291420415246 0.512628480477709 -0.0817849342452423 -0.993508105131435 -0.0348685819396328 -0.0709722671064971
1494876586.94959 -7.75370252181094 2.33346856024173 0.521532324601861 -0.0767570842695406 -0.993695623770027 -0.0285799702905069 -0.076554253631005
1494876587.19036 -7.78082604886684 2.33559616893353 0.530040530279697 -0.0698107598667181 -0.994249875920432 -0.0245865802490262 -0.0773896197610832
1494876587.42909 -7.80362510153879 2.33613861716443 0.539347654563435 -0.0636306951288416 -0.994666419757384 -0.0142225747955521 -0.0799223219551619
1494876587.66779 -7.82631437955593 2.33045789193929 0.549189752174108 -0.0712987288299003 -0.994896172508876 0.00305222000066968 -0.0713357714163565
1494876587.90659 -7.84482744153609 2.32396686062769 0.557216601712917 -0.0778664661034092 -0.995091738030825 0.00291798417387262 -0.060997892289738
1494876588.1454 -7.8636854687933 2.31832246290448 0.566499716799048 -0.0830929676075503 -0.993797222361109 -0.0169831937884319 -0.0719320639654521
1494876588.38423 -7.88438835071218 2.31444355766613 0.571756194413122 -0.0851077838382854 -0.993880857599723 -0.0237752380278732 -0.0662740916177913
1494876588.86389 -7.93408665072407 2.30327286560145 0.573900604472103 -0.101952576968737 -0.992664777256213 -0.0050818303905974 -0.0647803842243876
1494876589.1026 -7.96049681213039 2.29509486427903 0.568020947745764 -0.100800106102657 -0.992619113343256 0.00152888899330333 -0.0674114832195362
1494876589.57993 -8.02100056590172 2.26880953807115 0.549163827691515 -0.0851919911649933 -0.994708135822924 0.033957368200178 -0.0463136853426152
1494876590.05928 -8.07778185928368 2.2523412419487 0.536678300616187 -0.0707846640973026 -0.995563160861095 0.00181833603372816 -0.061969580077942
1494876590.5366 -8.14286920033858 2.25255111163368 0.523828826276381 -0.0844651941703629 -0.995421245665049 -0.0196965007991687 -0.0401775266130708
1494876591.01593 -8.19569094444712 2.24584418422941 0.509941655487499 -0.125266290929949 -0.989837668080098 -0.0214834811782944 -0.0637825868003189
1494876591.49326 -8.26683847724405 2.23492775879881 0.510578098656632 -0.157432474397097 -0.985567734586803 0.00434723372060175 -0.0620674571872657
1494876591.97066 -8.34896121479169 2.23098368998503 0.522241743022458 -0.185505261733449 -0.9812128281763 -0.00266441721619043 -0.0529348251006897
1494876592.45005 -8.42820865431755 2.2380637877603 0.536076533873896 -0.200752686873953 -0.978106967439928 -0.0137896243765503 -0.0530563507412726
1494876592.92734 -8.49796343623717 2.23568421761019 0.559527080872277 -0.209968109828661 -0.975826146391144 -0.00812218292188366 -0.060089650981207
1494876593.40455 -8.57854676714509 2.22477249762438 0.574818902405617 -0.219345347129153 -0.973451075451443 -0.00472835665692806 -0.06525546854185
1494876593.88363 -8.655897799155 2.22344915135893 0.574316450011512 -0.235997559092543 -0.968854725412984 -0.00949384575468537 -0.0744012847748679
1494876594.12215 -8.69231532796868 2.22875752094353 0.576313993669525 -0.247399367547571 -0.965394351730404 -0.0119586841675019 -0.081635161500106
1494876594.59922 -8.76001904147816 2.23566942077167 0.59375315587767 -0.279320428294649 -0.956734404650451 -0.00818270646704966 -0.0810705356241458
1494876595.07846 -8.83298886503119 2.23641133241419 0.610947758576399 -0.298082161931992 -0.951227168043675 -0.00277428294789472 -0.0794116742283941
1494876595.31709 -8.870098634365 2.2322264783069 0.614180038370144 -0.302508307427587 -0.949906924591389 -0.000442222743076481 -0.0785198963686406
1494876595.55568 -8.90388236336747 2.22585827307717 0.609059332617196 -0.298096549486791 -0.950872082897328 -0.00763379224310501 -0.0832013551730197
1494876595.79434 -8.93391728996243 2.21832172531168 0.600076800519694 -0.289018634511484 -0.952157732044973 -0.0213954457894054 -0.0969851960230767
1494876596.03295 -8.9606281752164 2.21367310103252 0.599266510549778 -0.283709045085569 -0.951196078185795 -0.0313906606991735 -0.117259695281618
1494876596.27362 -8.99385669493034 2.21168778719579 0.605165385410871 -0.298571733458778 -0.94651763057461 -0.0266712425719773 -0.119364781014264
1494876596.51224 -9.02796569728855 2.21219161919628 0.612327684579485 -0.307356359624835 -0.944628057909329 -0.0217313239318487 -0.112861247134963
1494876596.75092 -9.06595601852541 2.20591386333705 0.619570142901696 -0.316686455881358 -0.942441865370774 -0.00903355530697175 -0.106917842628568
1494876596.98949 -9.10976211817971 2.19804165359584 0.623944696770593 -0.329101686269586 -0.937661321522543 -0.00554053913633862 -0.111591396519908
1494876597.2281 -9.15500393284151 2.19697008829711 0.625095153059429 -0.337100854986835 -0.932838118986874 -0.0178592414099604 -0.125925041054222
1494876597.46876 -9.20140900070319 2.20222003029442 0.624219638170624 -0.341226619804874 -0.931386304959421 -0.0340454738073289 -0.122167351284547
1494876597.70733 -9.24814117639967 2.20276539975622 0.630816140223551 -0.358145492355437 -0.926323250050693 -0.0262378173583272 -0.113879896370452
1494876597.94596 -9.29132590131243 2.20030421498948 0.641327348378744 -0.377027137972561 -0.920009629350958 -0.0143901322618731 -0.105951660502743
1494876598.18459 -9.33485228170488 2.19635956108758 0.653033807212236 -0.396085145382382 -0.912834328187791 -0.000526573267169872 -0.099246061614687
1494876598.42317 -9.37766104279673 2.19453669983653 0.656382328974586 -0.414303803046137 -0.905742122951054 -0.00417796593521891 -0.0892531300870741
1494876598.66377 -9.41886375713921 2.1988470580788 0.652787505823849 -0.434816536056737 -0.897355813425212 -0.0109082039249799 -0.0746200127767325
1494876599.14091 -9.47748958745799 2.20778317059834 0.656530576031057 -0.470725814460296 -0.877489464932767 -0.0213091579187965 -0.0893049688290587
1494876599.37953 -9.50241667400745 2.20624875732392 0.672569054804985 -0.480026087612371 -0.871879865709576 -0.00829947153771149 -0.0966001288305423
1494876599.61817 -9.53165062021421 2.20397636096825 0.694830001823145 -0.49464527684593 -0.86420786411984 0.00568282170565737 -0.091861495529792
