1578862329.317267 0.0000000 0.0000000 0.0000000 -0.0000000 -0.0000000 -0.0000000 1.0000000
1578862330.866572 -0.0063401 -0.0220795 -0.0264753 0.0155414 0.0324638 -0.0181055 0.9991881
1578862331.030836 -0.0079296 -0.0275235 -0.0248858 0.0185607 0.0349137 -0.0190840 0.9990357
1578862331.096168 -0.0084576 -0.0301654 -0.0242906 0.0197729 0.0357706 -0.0191626 0.9989806
1578862331.359363 -0.0098392 -0.0411426 -0.0194136 0.0254601 0.0383910 -0.0167839 0.9987974
1578862331.557226 -0.0118084 -0.0508869 -0.0147387 0.0288718 0.0402179 -0.0145621 0.9986675
1578862336.432868 0.0527914 -0.1953538 0.0499297 0.0106219 -0.0210060 0.0122325 0.9996481
1578862337.685378 -0.0448794 -0.1719085 -0.0122601 0.0230249 -0.0126379 0.0133947 0.9995653
1578862338.310699 -0.1005073 -0.1469215 -0.0377519 0.0324401 0.0079416 0.0097747 0.9993944
1578862338.474963 -0.1133810 -0.1403711 -0.0431821 0.0352776 0.0133762 0.0087434 0.9992498
1578862338.639227 -0.1249025 -0.1341677 -0.0472074 0.0392276 0.0189388 0.0094846 0.9990058
1578862339.034953 -0.1448204 -0.1209982 -0.0556020 0.0518362 0.0345656 0.0166474 0.9979184
1578862339.397079 -0.1546561 -0.1115082 -0.0612362 0.0650311 0.0486316 0.0210670 0.9964749
1578862339.858137 -0.1563141 -0.1032828 -0.0651750 0.0790957 0.0659341 0.0276778 0.9942990
1578862340.418127 -0.1452877 -0.0932578 -0.0618104 0.0792081 0.0868534 0.0298196 0.9926195
1578862341.373842 -0.1214207 -0.0761694 -0.0443183 0.0401007 0.0840814 0.0256228 0.9953219
1578862341.538106 -0.1175506 -0.0770532 -0.0371449 0.0360854 0.0808591 0.0235129 0.9957945
1578862342.460222 -0.0878683 -0.1001048 0.0040252 0.0248098 0.0416344 0.0515059 0.9974960
1578862346.215885 0.2370703 -0.2102148 0.1294306 0.0413691 0.0543429 0.0226513 0.9974078
1578862350.432606 0.0995590 -0.2075114 0.0786785 -0.0090214 0.0253525 0.0161255 0.9995078
1578862350.630469 0.0989545 -0.2074562 0.0780420 -0.0131421 0.0258811 0.0222432 0.9993311
1578862352.177907 0.1423223 -0.2097960 0.0755349 0.0067563 0.0566979 0.0126526 0.9982883
1578862352.638965 0.1706179 -0.2079549 0.0776552 0.0082449 0.0812035 -0.0076784 0.9966339
1578862352.870427 0.1865608 -0.2056924 0.0782975 0.0074598 0.0932376 -0.0174003 0.9954639
1578862353.133622 0.2049913 -0.2034825 0.0797676 0.0056641 0.1037110 -0.0259749 0.9942521
1578862353.693611 0.2435616 -0.2017645 0.0894500 -0.0053307 0.1078888 -0.0274463 0.9937698
1578862355.076785 0.3210715 -0.2242578 0.1188882 0.0039649 0.0716709 0.0190892 0.9972378
1578862355.308248 0.3333170 -0.2292486 0.1275339 0.0003549 0.0713370 0.0235677 0.9971737
1578862355.702107 0.3533911 -0.2414225 0.1425907 -0.0091584 0.0727214 0.0295233 0.9968731
1578862355.933569 0.3641644 -0.2520677 0.1513303 -0.0097906 0.0729564 0.0296859 0.9968452
1578862356.196764 0.3754706 -0.2673115 0.1584735 -0.0032656 0.0709476 0.0324660 0.9969462
1578862356.394627 0.3823613 -0.2781396 0.1634145 -0.0001374 0.0684055 0.0285741 0.9972483
1578862356.657822 0.3895862 -0.2913555 0.1693345 -0.0001355 0.0641542 0.0134576 0.9978492
1578862357.053548 0.3972974 -0.3150152 0.1805702 0.0027985 0.0517983 -0.0008736 0.9986533
1578862357.251411 0.4016051 -0.3283031 0.1847073 0.0065910 0.0465205 -0.0012892 0.9988948
1578862357.514606 0.4068067 -0.3447420 0.1901209 0.0093670 0.0430623 0.0019203 0.9990267
1578862358.074598 0.4154364 -0.3751651 0.2031397 0.0103934 0.0421026 0.0007502 0.9990590
1578862359.293506 0.4184664 -0.4238799 0.2270391 0.0165104 0.0327090 0.0117994 0.9992589
1578862359.556700 0.4184809 -0.4300430 0.2267066 0.0196956 0.0295882 0.0166662 0.9992291
1578862361.171337 0.4465753 -0.4752755 0.2357823 0.0655077 0.0287521 0.0180062 0.9972752
1578862361.499865 0.4629676 -0.5114402 0.2570098 0.0844668 0.0256147 0.0215207 0.9958645
1578862361.731326 0.4757530 -0.5381826 0.2772787 0.0951381 0.0216644 0.0257645 0.9948948
1578862362.291315 0.5106794 -0.6248393 0.3287814 0.1241638 0.0187828 0.0312111 0.9915929
1578862362.916637 0.5402167 -0.7145874 0.4270467 0.0896621 0.0097653 0.0389728 0.9951615
1578862363.213431 0.5539855 -0.7689442 0.4744764 0.0943559 0.0119545 0.0424654 0.9945606
1578862363.476626 0.5620446 -0.8249342 0.5108563 0.1072405 0.0106847 0.0450287 0.9931555
1578862363.773421 0.5680555 -0.8917331 0.5516511 0.1393810 0.0049841 0.0449497 0.9892055
1578862364.070215 0.5699846 -0.9519997 0.5993930 0.1460681 0.0080154 0.0393844 0.9884578
1578862364.333410 0.5702509 -1.0087388 0.6415701 0.1426745 0.0119495 0.0408690 0.9888533
1578862364.630204 0.5698808 -1.0705146 0.6900331 0.1367971 0.0099483 0.0470763 0.9894299
1578862364.958732 0.5630334 -1.1373124 0.7505786 0.1254951 0.0068332 0.0485281 0.9908831
1578862365.255526 0.5567316 -1.1928874 0.8111987 0.1147631 0.0055792 0.0476441 0.9922341
1578862365.552320 0.5528823 -1.2526115 0.8707080 0.1091631 0.0054870 0.0498194 0.9927595
1578862365.880847 0.5501770 -1.3117259 0.9473470 0.0878530 0.0035798 0.0503844 0.9948519
1578862366.211241 0.5493381 -1.3830370 1.0233440 0.0999092 0.0032734 0.0489581 0.9937860
1578862366.440837 0.5493022 -1.4313966 1.0798557 0.1036840 0.0044770 0.0449605 0.9935835
1578862366.672299 0.5524290 -1.4785323 1.1390505 0.0856816 0.0001997 0.0488834 0.9951226
1578862366.836563 0.5544851 -1.5150238 1.1827971 0.0924311 0.0024949 0.0457202 0.9946658
1578862367.034426 0.5605958 -1.5560529 1.2351736 0.0733191 0.0013580 0.0486644 0.9961196
1578862367.232288 0.5656496 -1.5913929 1.2943079 0.0578131 0.0015234 0.0454463 0.9972913
1578862367.396552 0.5714296 -1.6220332 1.3413005 0.0394910 -0.0010569 0.0479766 0.9980669
1578862367.594415 0.5806714 -1.6601999 1.3998282 0.0338531 0.0036815 0.0406887 0.9985915
1578862367.758678 0.5884303 -1.6968516 1.4453793 0.0312655 0.0020981 0.0440321 0.9985386
1578862367.990141 0.6024355 -1.7533025 1.5066830 0.0487615 0.0077033 0.0405102 0.9979588
1578862368.253336 0.6201553 -1.8174969 1.5722349 0.0569144 0.0090488 0.0421143 0.9974494
1578862368.451199 0.6332103 -1.8645961 1.6230174 0.0679972 0.0098532 0.0401959 0.9968268
1578862368.615462 0.6465073 -1.9052696 1.6620973 0.0675507 0.0067935 0.0423515 0.9967934
1578862368.813325 0.6616983 -1.9541872 1.7112590 0.0840106 0.0107788 0.0384453 0.9956647
1578862369.011188 0.6781464 -2.0015600 1.7574173 0.0793371 0.0081999 0.0450384 0.9957961
1578862369.175451 0.6922911 -2.0353777 1.8005495 0.0703138 0.0125989 0.0422611 0.9965497
1578862369.373314 0.7101538 -2.0787480 1.8484496 0.0623249 0.0098425 0.0467063 0.9969139
1578862369.571177 0.7289756 -2.1278749 1.8924228 0.0793172 0.0128114 0.0436834 0.9958094
1578862369.735441 0.7423524 -2.1703584 1.9257354 0.0934768 0.0088926 0.0470217 0.9944707
1578862369.933304 0.7595056 -2.2182610 1.9668062 0.0996306 0.0111132 0.0454713 0.9939228
1578862370.097567 0.7732378 -2.2599843 2.0001736 0.1129549 0.0078992 0.0478002 0.9924182
1578862370.295430 0.7899054 -2.3126335 2.0362833 0.1239855 0.0098351 0.0479242 0.9910772
1578862370.493293 0.8042932 -2.3616757 2.0736351 0.1357653 -0.0032945 0.0591241 0.9889698
1578862370.657557 0.8144123 -2.4008553 2.1022265 0.1350543 -0.0060693 0.0510371 0.9895043
1578862370.821820 0.8203428 -2.4349790 2.1318712 0.1312358 -0.0284725 0.0473969 0.9898081
1578862371.053282 0.8238486 -2.4835725 2.1692381 0.1322670 -0.0487382 0.0220000 0.9897707
1578862371.284745 0.8183511 -2.5358558 2.1917901 0.1602664 -0.1063130 0.0167678 0.9811886
1578862371.449008 0.8099735 -2.5684655 2.2028458 0.1853698 -0.1406992 -0.0004664 0.9725439
1578862371.613272 0.7939544 -2.6001790 2.2041347 0.1994645 -0.2045401 -0.0057429 0.9583029
1578862371.777536 0.7759815 -2.6217251 2.2167487 0.1958511 -0.2264426 -0.0531582 0.9526491
1578862371.910066 0.7611728 -2.6388712 2.2211907 0.1986880 -0.2615404 -0.0725948 0.9417270
1578862372.074330 0.7352610 -2.6564429 2.2268519 0.1986889 -0.2983539 -0.1079205 0.9272869
1578862372.238593 0.7068570 -2.6731687 2.2281377 0.2016866 -0.3336000 -0.1428012 0.9097480
1578862372.470056 0.6643504 -2.6827381 2.2326920 0.2001850 -0.3726907 -0.1913447 0.8856720
1578862372.634320 0.6363534 -2.6912155 2.2282004 0.1966800 -0.4049252 -0.2105764 0.8677616
1578862372.733251 0.6189574 -2.6989622 2.2292109 0.1953566 -0.4144000 -0.2264580 0.8595494
1578862372.832182 0.5998745 -2.7025828 2.2323666 0.1912770 -0.4259343 -0.2394097 0.8512791
1578862373.194309 0.5277617 -2.7236204 2.2323942 0.1797614 -0.4651787 -0.2714588 0.8231675
1578862373.293240 0.5054286 -2.7286897 2.2323060 0.1727822 -0.4767362 -0.2784047 0.8156959
1578862373.491103 0.4625313 -2.7375708 2.2337723 0.1562021 -0.4872757 -0.3023477 0.8042071
1578862373.655366 0.4227288 -2.7360914 2.2378483 0.1479716 -0.4940120 -0.3207772 0.7944549
1578862373.754298 0.3989499 -2.7379570 2.2390850 0.1336314 -0.4975841 -0.3292274 0.7913040
1578862373.952161 0.3479500 -2.7433896 2.2444549 0.1302546 -0.4965943 -0.3505805 0.7832759
1578862374.413219 0.2219849 -2.7450941 2.2616379 0.1009399 -0.4978613 -0.3888580 0.7685927
1578862374.577482 0.1750846 -2.7437048 2.2681623 0.0828889 -0.4984472 -0.3990168 0.7651572
1578862374.741746 0.1266065 -2.7448134 2.2751465 0.0813076 -0.4962338 -0.4111657 0.7603183
1578862374.874277 0.0866959 -2.7448134 2.2820718 0.0774976 -0.5012427 -0.4136929 0.7560477
1578862375.038541 0.0366137 -2.7494795 2.2870703 0.0703214 -0.5028514 -0.4184169 0.7530755
1578862375.204671 -0.0155258 -2.7516124 2.2954006 0.0759214 -0.5059517 -0.4203257 0.7493832
1578862375.368934 -0.0654209 -2.7545104 2.3037930 0.0659084 -0.5074184 -0.4223995 0.7481720
1578862375.598530 -0.1362181 -2.7615390 2.3152490 0.0766199 -0.5107388 -0.4238737 0.7440473
1578862375.829992 -0.2060552 -2.7718940 2.3225255 0.0781194 -0.5179147 -0.4220312 0.7399672
1578862375.994256 -0.2568939 -2.7799072 2.3300576 0.0888197 -0.5231857 -0.4202667 0.7360460
1578862376.158519 -0.3068171 -2.7852702 2.3381934 0.0800144 -0.5256566 -0.4211335 0.7347989
1578862376.291050 -0.3472250 -2.7941849 2.3417988 0.0852252 -0.5269592 -0.4208752 0.7334267
1578862376.554245 -0.4271843 -2.8038187 2.3576622 0.0743807 -0.5280489 -0.4230364 0.7325791
1578862376.752108 -0.4874833 -2.8143284 2.3672326 0.0764192 -0.5253394 -0.4262878 0.7324325
1578862376.949971 -0.5460041 -2.8217499 2.3809874 0.0647905 -0.5230556 -0.4303904 0.7327887
1578862377.114234 -0.5954168 -2.8301845 2.3890455 0.0655635 -0.5206655 -0.4327617 0.7330254
1578862377.312097 -0.6537271 -2.8337801 2.4041176 0.0540974 -0.5172654 -0.4393749 0.7324341
1578862377.575298 -0.7322063 -2.8406775 2.4226308 0.0451720 -0.5106840 -0.4489043 0.7318787
1578862377.773155 -0.7902887 -2.8420951 2.4383678 0.0279236 -0.5054836 -0.4550746 0.7325392
1578862377.971018 -0.8535950 -2.8499250 2.4465747 0.0451079 -0.5110457 -0.4480695 0.7321416
1578862378.168881 -0.9159253 -2.8611619 2.4536457 0.0521224 -0.5185550 -0.4387176 0.7320593
1578862378.432076 -0.9978619 -2.8707957 2.4632714 0.0630485 -0.5201267 -0.4358734 0.7317838
1578862378.629939 -1.0574527 -2.8745637 2.4719949 0.0500857 -0.5170248 -0.4384101 0.7334667
1578862378.893134 -1.1370883 -2.8737340 2.4883268 0.0445088 -0.5126449 -0.4453677 0.7327085
1578862379.189928 -1.2271910 -2.8733804 2.5012183 0.0420202 -0.5087941 -0.4513762 0.7318622
1578862379.453123 -1.3045137 -2.8764167 2.5073595 0.0361105 -0.5113291 -0.4489057 0.7319305
1578862379.749918 -1.3948276 -2.8776488 2.5135133 0.0449560 -0.5193740 -0.4392490 0.7316351
1578862379.979513 -1.4623554 -2.8825274 2.5134373 0.0576102 -0.5250908 -0.4322809 0.7308173
1578862380.210976 -1.5292727 -2.8843491 2.5129910 0.0532165 -0.5299243 -0.4264042 0.7311140
1578862380.539503 -1.6229995 -2.8835254 2.5149808 0.0573354 -0.5321760 -0.4272734 0.7286555
1578862380.869896 -1.7096970 -2.8862996 2.5015454 0.0512166 -0.5757285 -0.4060319 0.7078500
1578862381.166691 -1.7774737 -2.8760777 2.4856932 0.0558902 -0.6039068 -0.4284182 0.6697990
1578862381.495218 -1.8406739 -2.8492031 2.4718928 0.0537969 -0.6204023 -0.4873378 0.6121346
1578862381.792012 -1.8857594 -2.8157060 2.4474227 0.0426806 -0.6645451 -0.5128832 0.5417647
1578862382.055207 -1.9170923 -2.7827816 2.4219105 0.0409818 -0.6939492 -0.5384087 0.4763099
1578862382.352002 -1.9417810 -2.7420940 2.3945546 0.0374625 -0.7180774 -0.5706792 0.3965938
1578862382.648796 -1.9557686 -2.7035100 2.3651819 0.0220203 -0.7361109 -0.5948078 0.3222725
1578862382.878392 -1.9660263 -2.6712065 2.3432274 0.0247942 -0.7415420 -0.6107188 0.2766283
1578862383.109854 -1.9747310 -2.6397717 2.3231945 0.0227805 -0.7370967 -0.6298488 0.2438444
1578862383.208786 -1.9773254 -2.6266332 2.3132241 0.0217857 -0.7398979 -0.6317672 0.2301018
1578862383.373049 -1.9803457 -2.6042099 2.2924242 0.0134957 -0.7432667 -0.6348084 0.2106912
1578862383.505579 -1.9827728 -2.5872118 2.2758942 0.0159741 -0.7485098 -0.6336797 0.1947510
1578862383.669843 -1.9834318 -2.5635214 2.2562318 0.0135779 -0.7530884 -0.6342626 0.1743114
1578862383.834107 -1.9819486 -2.5414131 2.2343702 0.0078992 -0.7509500 -0.6412284 0.1576000
1578862383.998370 -1.9821370 -2.5142088 2.2139904 0.0122775 -0.7509118 -0.6446175 0.1430001
1578862384.229833 -1.9817762 -2.4814019 2.1790662 0.0013462 -0.7532592 -0.6448041 0.1297171
1578862384.394100 -1.9822888 -2.4551096 2.1542292 0.0015167 -0.7592778 -0.6394488 0.1208312
1578862384.591959 -1.9811988 -2.4241369 2.1241484 -0.0060278 -0.7545406 -0.6466616 0.1116282
1578862384.855154 -1.9821243 -2.3789592 2.0839953 -0.0065927 -0.7557957 -0.6473160 0.0985465
1578862384.987685 -1.9838641 -2.3616261 2.0562198 -0.0112172 -0.7634890 -0.6388905 0.0936890
1578862385.151948 -1.9874573 -2.3385334 2.0217497 -0.0071486 -0.7779303 -0.6220706 0.0883267
1578862385.480475 -1.9980910 -2.2882056 1.9616950 -0.0096227 -0.7750540 -0.6268026 0.0794805
1578862385.711938 -2.0067854 -2.2468596 1.9227042 -0.0171520 -0.7715059 -0.6319109 0.0719246
1578862385.876207 -2.0157459 -2.2238770 1.8878033 -0.0167962 -0.7745861 -0.6285994 0.0678008
1578862386.107664 -2.0288792 -2.1856821 1.8438125 -0.0204782 -0.7790204 -0.6235238 0.0626593
1578862386.337259 -2.0442119 -2.1468265 1.7994120 -0.0151211 -0.7773795 -0.6259405 0.0604243
1578862386.568722 -2.0606985 -2.1040940 1.7597268 -0.0185758 -0.7719465 -0.6328953 0.0565423
1578862386.798317 -2.0767546 -2.0597341 1.7208800 -0.0119130 -0.7673078 -0.6390853 0.0516419
1578862386.962581 -2.0874233 -2.0275192 1.6933607 -0.0177976 -0.7613667 -0.6462175 0.0490609
1578862387.194043 -2.1033118 -1.9835324 1.6489197 -0.0119943 -0.7672291 -0.6395537 0.0467620
1578862387.425505 -2.1176989 -1.9422061 1.6013914 -0.0182780 -0.7703802 -0.6355125 0.0480013
1578862387.655101 -2.1318603 -1.8942325 1.5579845 -0.0166855 -0.7715002 -0.6342195 0.0476932
1578862387.886563 -2.1442385 -1.8434869 1.5170938 -0.0203837 -0.7592449 -0.6487059 0.0480866
1578862388.050827 -2.1521981 -1.8047049 1.4887350 -0.0224075 -0.7553099 -0.6534316 0.0450781
1578862388.314022 -2.1646795 -1.7480552 1.4320188 -0.0236940 -0.7568097 -0.6517603 0.0434295
1578862388.511884 -2.1738245 -1.7038388 1.3886216 -0.0257846 -0.7595519 -0.6485344 0.0426526
1578862388.775080 -2.1882892 -1.6452942 1.3270869 -0.0232821 -0.7646484 -0.6424006 0.0457422
1578862388.972942 -2.1991720 -1.6016891 1.2800828 -0.0289070 -0.7656086 -0.6409397 0.0469493
1578862389.170805 -2.2084794 -1.5585980 1.2274160 -0.0252080 -0.7762141 -0.6281438 0.0478718
1578862389.368668 -2.2206979 -1.5149741 1.1764482 -0.0297174 -0.7773292 -0.6266475 0.0467884
1578862389.631863 -2.2366538 -1.4564635 1.1061404 -0.0275730 -0.7868533 -0.6146290 0.0483006
1578862389.861459 -2.2518742 -1.4079080 1.0398955 -0.0290676 -0.7902906 -0.6099461 0.0506121
1578862390.092921 -2.2669015 -1.3512608 0.9796586 -0.0316766 -0.7895668 -0.6106835 0.0514438
1578862390.389716 -2.2864728 -1.2812885 0.8984106 -0.0313249 -0.7883780 -0.6121023 0.0530080
1578862390.718243 -2.3058298 -1.2003815 0.8156102 -0.0504112 -0.7778437 -0.6249133 0.0436037
1578862390.949705 -2.3100948 -1.1404170 0.7648641 -0.0599988 -0.7686992 -0.6366346 0.0140712
1578862391.179301 -2.3125575 -1.0899174 0.7101951 0.0847566 0.7715523 0.6301563 0.0206488
1578862391.410763 -2.3097725 -1.0357003 0.6640162 0.0674422 0.7721568 0.6280352 0.0692621
1578862391.673958 -2.2953696 -0.9783214 0.6197972 0.0692140 0.7634113 0.6274961 0.1366065
1578862391.871821 -2.2819519 -0.9419487 0.5863979 0.0643055 0.7589732 0.6192976 0.1905124
1578862392.036084 -2.2633848 -0.9119667 0.5682688 0.0554875 0.7469324 0.6162556 0.2433969
1578862392.200348 -2.2431445 -0.8849193 0.5485339 0.0448559 0.7325341 0.6123256 0.2940053
1578862392.431811 -2.2122157 -0.8475677 0.5281112 0.0341177 0.7127109 0.6017306 0.3588864
1578862392.695011 -2.1724033 -0.8156712 0.4992778 0.0352667 0.6934462 0.5845073 0.4198093
1578862392.892868 -2.1395130 -0.7887921 0.4831860 0.0397486 0.6770166 0.5738177 0.4591316
1578862393.090731 -2.1028645 -0.7656603 0.4644182 0.0418511 0.6610547 0.5651916 0.4917455
1578862393.288594 -2.0617447 -0.7389227 0.4522779 0.0416979 0.6442583 0.5595453 0.5197131
1578862393.452858 -2.0279412 -0.7162210 0.4436370 0.0309725 0.6251049 0.5646296 0.5380316
1578862393.617121 -1.9884080 -0.6935802 0.4359318 0.0269895 0.6171818 0.5570077 0.5550681
1578862393.781385 -1.9451430 -0.6770874 0.4255371 0.0345745 0.6047425 0.5562415 0.5689347
1578862394.012847 -1.8805443 -0.6556355 0.4127736 0.0372064 0.6014364 0.5395747 0.5880044
1578862394.177111 -1.8333209 -0.6394287 0.4075185 0.0365769 0.5862035 0.5448418 0.5984772
1578862394.309641 -1.7949876 -0.6261175 0.4043429 0.0302161 0.5791816 0.5439056 0.6064671
1578862394.473905 -1.7446138 -0.6086490 0.4046241 0.0323129 0.5674783 0.5462463 0.6152554
1578862394.572836 -1.7137142 -0.5999389 0.4028431 0.0352565 0.5601186 0.5497628 0.6186962
1578862394.705367 -1.6701803 -0.5930498 0.3984025 0.0391563 0.5619974 0.5420758 0.6235219
1578862394.869631 -1.6152556 -0.5806836 0.3974240 0.0493687 0.5603735 0.5368133 0.6287891
1578862395.033894 -1.5593884 -0.5745434 0.3950008 0.0532557 0.5557134 0.5372782 0.6322014
1578862395.132826 -1.5248959 -0.5677832 0.3931761 0.0524074 0.5564590 0.5330962 0.6351498
1578862395.265356 -1.4804163 -0.5598448 0.3991240 0.0503143 0.5508434 0.5340163 0.6394268
1578862395.396021 -1.4341823 -0.5559232 0.3988787 0.0513112 0.5445749 0.5373162 0.6419476
1578862395.593883 -1.3624599 -0.5523236 0.3990220 0.0614425 0.5511191 0.5246275 0.6459554
1578862395.726414 -1.3136687 -0.5517541 0.3993233 0.0671989 0.5483640 0.5238494 0.6483541
1578862395.890678 -1.2550313 -0.5486428 0.4041643 0.0577924 0.5428136 0.5261780 0.6520354
1578862396.054941 -1.1950549 -0.5454647 0.4113842 0.0587806 0.5416461 0.5230585 0.6554191
1578862396.187472 -1.1459949 -0.5461593 0.4127422 0.0617787 0.5379927 0.5254286 0.6562561
1578862396.286403 -1.1087397 -0.5471879 0.4123359 0.0655152 0.5410406 0.5212250 0.6567399
1578862396.417068 -1.0582433 -0.5503759 0.4125068 0.0769214 0.5492267 0.5101442 0.6574085
1578862396.614931 -0.9835061 -0.5556434 0.4136540 0.0809681 0.5466346 0.5095454 0.6595441
1578862396.747462 -0.9328464 -0.5576082 0.4154409 0.0797867 0.5497035 0.5046197 0.6609229
1578862396.911725 -0.8695256 -0.5609801 0.4177664 0.0860339 0.5489925 0.5035152 0.6615722
1578862397.075989 -0.8071379 -0.5657116 0.4158578 0.0896717 0.5506120 0.5023153 0.6606547
1578862397.208519 -0.7549558 -0.5699499 0.4148633 0.0969999 0.5562768 0.4958751 0.6597387
1578862397.372783 -0.6913197 -0.5743580 0.4108381 0.1019949 0.5560098 0.4953902 0.6595746
1578862397.537047 -0.6277864 -0.5797880 0.4059669 0.1049235 0.5630692 0.4884508 0.6583008
1578862397.768509 -0.5391106 -0.5821083 0.3994484 0.1079357 0.5593228 0.4900439 0.6598218
1578862397.932772 -0.4769312 -0.5867606 0.3919436 0.1117589 0.5650616 0.4837106 0.6589684
1578862398.097036 -0.4139940 -0.5910503 0.3837954 0.1212633 0.5691577 0.4765858 0.6589542
1578862398.229567 -0.3657612 -0.5963844 0.3725712 0.1250204 0.5719166 0.4725966 0.6587365
1578862398.393830 -0.3041548 -0.5989604 0.3612044 0.1295432 0.5787192 0.4638229 0.6581573
1578862398.558100 -0.2449878 -0.6008773 0.3505471 0.1332228 0.5769022 0.4643923 0.6586162
1578862398.690625 -0.1988795 -0.6018205 0.3405024 0.1290221 0.5778179 0.4640359 0.6589010
1578862398.854888 -0.1415933 -0.6011348 0.3304842 0.1331216 0.5779244 0.4609515 0.6601559
1578862399.019151 -0.0877465 -0.6001167 0.3197349 0.1256894 0.5698180 0.4697249 0.6624712
1578862399.151683 -0.0453770 -0.5958769 0.3122745 0.1178916 0.5689191 0.4707617 0.6639398
1578862399.349545 0.0156561 -0.5911830 0.3000092 0.1159254 0.5620925 0.4763899 0.6660827
1578862399.513815 0.0651658 -0.5904129 0.2858084 0.1127848 0.5636557 0.4746657 0.6665315
1578862399.711672 0.1234494 -0.5910595 0.2649497 0.1313479 0.5706033 0.4627782 0.6655794
1578862399.875935 0.1672574 -0.5906706 0.2463098 0.1344306 0.5733581 0.4579888 0.6659093
1578862400.040199 0.2124639 -0.5930513 0.2262490 0.1516361 0.5848551 0.4409029 0.6637436
1578862400.206329 0.2532455 -0.5920041 0.2089394 0.1542280 0.5752974 0.4489742 0.6660847
1578862400.370593 0.2946157 -0.5873664 0.1927870 0.1544695 0.5776528 0.4452802 0.6664698
1578862400.600188 0.3477226 -0.5791638 0.1736523 0.1635348 0.5541581 0.4679497 0.6687213
1578862400.831651 0.3951712 -0.5756125 0.1553586 0.2008171 0.5087047 0.4912015 0.6779478
1578862400.995914 0.4271730 -0.5739760 0.1445313 0.2060782 0.4851216 0.4901105 0.6942482
1578862401.193777 0.4584652 -0.5757297 0.1365159 0.2295258 0.4412961 0.4910329 0.7151660
1578862401.358041 0.4813589 -0.5746480 0.1361609 0.2231980 0.4115894 0.4775763 0.7434365
1578862401.524171 0.4980458 -0.5774711 0.1413510 0.2134009 0.3806608 0.4550213 0.7762171
1578862401.852698 0.5267191 -0.5830516 0.1525399 0.1938658 0.3286774 0.3917811 0.8371946
1578862402.149492 0.5357271 -0.5931492 0.1738384 0.1785246 0.2624024 0.3361247 0.8867323
1578862402.313756 0.5386497 -0.5992911 0.1847883 0.1694234 0.2341334 0.3003616 0.9089885
1578862402.478019 0.5418094 -0.6050417 0.2001606 0.1585550 0.2088832 0.2643303 0.9280936
1578862402.873745 0.5453773 -0.6246535 0.2407914 0.1358074 0.1613479 0.2003417 0.9567583
1578862403.006276 0.5469748 -0.6379339 0.2534922 0.1336316 0.1454040 0.1897264 0.9617714
1578862403.269471 0.5496617 -0.6571263 0.2926269 0.1154591 0.1295218 0.1500818 0.9733287
1578862403.433734 0.5512160 -0.6745815 0.3157917 0.1006012 0.1160037 0.1351767 0.9788513
1578862403.631598 0.5514539 -0.6958171 0.3534718 0.0905514 0.1103187 0.1081615 0.9838350
1578862403.894792 0.5576319 -0.7326245 0.4007768 0.0797472 0.0964923 0.0927472 0.9877892
1578862403.993724 0.5596070 -0.7454864 0.4227695 0.0799169 0.0944707 0.0858195 0.9885968
1578862404.191587 0.5659491 -0.7770365 0.4625647 0.0705657 0.0841505 0.0869291 0.9901427
1578862404.652644 0.5923814 -0.8543389 0.5629983 0.0608017 0.0797413 0.0861170 0.9912257
1578862405.509429 0.6948077 -1.0085125 0.7607125 0.0473046 0.1113161 0.0946722 0.9881337
1578862406.134750 0.8175991 -1.1129133 0.9044768 0.0250239 0.1487830 0.1138614 0.9819741
1578862406.629407 0.9373923 -1.1836370 1.0143876 0.0002454 0.1818028 0.1389939 0.9734620
1578862407.090465 1.0624026 -1.2502894 1.1050391 0.0062075 0.2090795 0.1663189 0.9636313
1578862407.418992 1.1518208 -1.2914867 1.1608540 0.0098263 0.2284155 0.1824234 0.9562696
1578862407.814721 1.2566473 -1.3375630 1.2206919 0.0148625 0.2483820 0.2055702 0.9464810
1578862408.176844 1.3517432 -1.3758413 1.2676241 0.0194527 0.2658446 0.2295303 0.9360898
1578862408.408307 1.4095124 -1.3987662 1.2957976 0.0219306 0.2821716 0.2396242 0.9286972
1578862408.671501 1.4736831 -1.4233723 1.3237504 0.0256962 0.2948093 0.2604130 0.9190279
1578862408.968296 1.5426558 -1.4489321 1.3513911 0.0334298 0.3110617 0.2821687 0.9069201
1578862409.132560 1.5789298 -1.4624956 1.3646796 0.0363379 0.3236629 0.2905334 0.8997290
1578862409.364022 1.6273985 -1.4782875 1.3808885 0.0429217 0.3342424 0.3115423 0.8884712
1578862409.528285 1.6613365 -1.4883446 1.3900152 0.0450993 0.3462295 0.3212497 0.8802783
1578862409.692549 1.6929548 -1.4962115 1.4002485 0.0491951 0.3548790 0.3346770 0.8715687
1578862409.890412 1.7310226 -1.5062032 1.4060507 0.0585929 0.3652296 0.3520057 0.8598059
1578862410.054675 1.7603358 -1.5141730 1.4091717 0.0714790 0.3744103 0.3646767 0.8495402
1578862410.218938 1.7880622 -1.5198426 1.4113848 0.0828195 0.3817819 0.3776717 0.8394924
1578862410.351470 1.8089699 -1.5231407 1.4119270 0.0928049 0.3873989 0.3879775 0.8311335
1578862410.515733 1.8332233 -1.5265743 1.4108390 0.1054428 0.3943360 0.3997979 0.8206964
1578862410.713596 1.8602729 -1.5290040 1.4085692 0.1213086 0.4031451 0.4122816 0.8079494
1578862410.846127 1.8769736 -1.5299586 1.4055432 0.1317869 0.4089320 0.4198161 0.7994756
1578862411.010390 1.8963995 -1.5305585 1.4013472 0.1444709 0.4163805 0.4281540 0.7889484
1578862411.307185 1.9279530 -1.5289297 1.3935181 0.1672614 0.4299473 0.4406267 0.7700760
1578862411.799975 1.9720650 -1.5256989 1.3788984 0.2049542 0.4488215 0.4565381 0.7403553
1578862411.932506 1.9828811 -1.5246562 1.3751856 0.2154474 0.4526533 0.4600580 0.7328261
1578862412.261033 2.0098956 -1.5225871 1.3682734 0.2425072 0.4599362 0.4673251 0.7150218
1578862412.427163 2.0219855 -1.5222294 1.3653857 0.2564415 0.4628138 0.4698341 0.7066096
1578862412.755691 2.0489576 -1.5256720 1.3600603 0.2823272 0.4679412 0.4719949 0.6917682
1578862412.953553 2.0668967 -1.5281954 1.3586693 0.2971661 0.4708898 0.4711809 0.6840641
1578862413.117817 2.0803332 -1.5317025 1.3579040 0.3089698 0.4734184 0.4690099 0.6785591
1578862413.448210 2.1101062 -1.5426949 1.3562627 0.3307737 0.4782809 0.4620840 0.6695631
1578862414.633528 2.2101264 -1.5922781 1.3607240 0.3880391 0.5001912 0.4043427 0.6601071
1578862414.995648 2.2338324 -1.6079242 1.3612809 0.3975166 0.5080011 0.3798716 0.6630332
1578862415.326041 2.2551396 -1.6179737 1.3649800 0.4032079 0.5159696 0.3549071 0.6672629
1578862415.852432 2.2807612 -1.6304271 1.3675699 0.4067476 0.5296075 0.3114426 0.6760738
1578862416.016695 2.2863042 -1.6305450 1.3699961 0.4068834 0.5339540 0.2967560 0.6791722
1578862416.180958 2.2869506 -1.6381754 1.3689277 0.4057776 0.5387346 0.2826140 0.6820842
1578862416.477753 2.2927034 -1.6447675 1.3698080 0.4022549 0.5471346 0.2552928 0.6882299
1578862420.168082 2.3326597 -1.3626225 1.3907278 0.1084407 0.4692883 0.3517081 0.8026896
1578862420.397678 2.3561468 -1.3511300 1.3946304 0.0900275 0.4645426 0.3528951 0.8071929
1578862420.629140 2.3802576 -1.3423953 1.3985155 0.0795239 0.4588830 0.3486446 0.8133568
1578862420.892335 2.4094496 -1.3336390 1.4025052 0.0693718 0.4554859 0.3408000 0.8194971
1578862421.090198 2.4358449 -1.3279103 1.4046855 0.0621150 0.4596820 0.3370227 0.8192985
1578862421.517656 2.4972303 -1.3237340 1.4047935 0.0715414 0.4698983 0.3475327 0.8082688
1578862421.978714 2.5416164 -1.3246415 1.4002986 0.0825333 0.4519578 0.3684849 0.8081716
1578862422.506971 2.5679398 -1.3184044 1.3929065 0.0599667 0.4370592 0.3621457 0.8211174
1578862422.999762 2.6030462 -1.3121326 1.3915437 0.0330960 0.4234516 0.3492509 0.8352348
1578862423.231224 2.6224792 -1.3129805 1.3920220 0.0303500 0.4124746 0.3512245 0.8399911
1578862423.460820 2.6411633 -1.3192182 1.3913356 0.0486495 0.3963444 0.3595800 0.8433544
1578862423.692282 2.6576810 -1.3258209 1.3890480 0.0718432 0.3804828 0.3648602 0.8467281
1578862424.252271 2.6870365 -1.3386064 1.3780402 0.1109055 0.3521219 0.3637964 0.8551973
1578862424.549066 2.6965733 -1.3452519 1.3695465 0.1380073 0.3367138 0.3607418 0.8587451
1578862425.109055 2.7019265 -1.3483654 1.3483317 0.1876327 0.3270791 0.3529550 0.8562921
1578862425.372250 2.7012973 -1.3470007 1.3347512 0.2155625 0.3273548 0.3557636 0.8484126
1578862425.635445 2.7117712 -1.3356136 1.3189564 0.2388938 0.3352878 0.3649646 0.8350525
1578862425.965839 2.7397923 -1.2972220 1.2978730 0.2410676 0.3726427 0.3920609 0.8057991
1578862426.229034 2.7638397 -1.2573521 1.2804656 0.2209758 0.4065351 0.4125016 0.7846919
1578862426.492229 2.7815132 -1.2140725 1.2598596 0.1970543 0.4330494 0.4290215 0.7678400
1578862426.755424 2.7925897 -1.1626487 1.2320910 0.1709619 0.4602352 0.4453703 0.7487329
1578862427.052218 2.7970781 -1.1023717 1.1950622 0.1550546 0.4885398 0.4724835 0.7169702
1578862427.315419 2.7982450 -1.0557302 1.1644623 0.1476031 0.5088149 0.4917946 0.6909840
1578862427.612208 2.8006151 -1.0083299 1.1343207 0.1377368 0.5295159 0.5045303 0.6679003
1578862427.875403 2.7977719 -0.9670945 1.1078651 0.1127751 0.5565760 0.5119427 0.6445305
1578862428.172197 2.7842054 -0.9244082 1.0794492 0.0775602 0.5849031 0.5191993 0.6183081
1578862428.370060 2.7733679 -0.9015563 1.0605180 0.0623859 0.5930151 0.5236957 0.6084274
1578862428.797522 2.7581973 -0.8598464 1.0069609 0.0698011 0.6078116 0.5442858 0.5739737
1578862429.094313 2.7499304 -0.8330822 0.9649491 0.0725598 0.6247191 0.5573001 0.5421048
1578862429.490039 2.7451882 -0.7965755 0.9128914 0.0569257 0.6283269 0.5796159 0.5157619
1578862429.588970 2.7430706 -0.7863233 0.9020965 0.0515391 0.6257489 0.5883355 0.5095521
1578862429.753237 2.7382901 -0.7700766 0.8835075 0.0429317 0.6190061 0.6053278 0.4985645
1578862430.115360 2.7282267 -0.7341181 0.8454645 0.0294452 0.6052054 0.6381666 0.4749767
1578862430.313223 2.7266216 -0.7112138 0.8234432 0.0234634 0.6006653 0.6549804 0.4578770
1578862430.511086 2.7274137 -0.6879064 0.8008745 0.0180289 0.5999357 0.6674755 0.4407136
1578862430.774282 2.7294886 -0.6589353 0.7698895 0.0168537 0.6051182 0.6788038 0.4156602
1578862430.972144 2.7297709 -0.6394237 0.7473902 0.0170511 0.6114352 0.6839110 0.3976455
1578862431.300671 2.7289867 -0.6103749 0.7142808 0.0173582 0.6245803 0.6874937 0.3700683
1578862431.532134 2.7293949 -0.5929737 0.6938041 0.0135207 0.6326115 0.6903564 0.3507534
1578862431.696397 2.7294493 -0.5816125 0.6803969 0.0102336 0.6382200 0.6908566 0.3395405
1578862431.828928 2.7297344 -0.5738707 0.6699387 0.0079633 0.6435186 0.6906945 0.3297903
1578862432.191055 2.7318442 -0.5579060 0.6453586 0.0026721 0.6564444 0.6897700 0.3054357
1578862432.388917 2.7352583 -0.5533617 0.6335919 0.0010974 0.6618127 0.6880188 0.2977127
1578862432.553181 2.7378259 -0.5507400 0.6251522 0.0011702 0.6652575 0.6866708 0.2931115
1578862433.245701 2.7612598 -0.5466470 0.5876639 0.0088651 0.6763399 0.6809250 0.2807612
1578862433.409965 2.7680070 -0.5453892 0.5774636 0.0094939 0.6779057 0.6799523 0.2793180
1578862433.738492 2.7811282 -0.5425693 0.5566952 0.0095969 0.6809192 0.6775535 0.2778095
1578862434.694207 2.8086894 -0.5328566 0.4838663 0.0116952 0.6879514 0.6719978 0.2738704
1578862434.892070 2.8120565 -0.5300059 0.4683539 0.0096972 0.6886907 0.6707150 0.2752315
1578862435.220598 2.8156750 -0.5247825 0.4437071 0.0092273 0.6909425 0.6678494 0.2765692
1578862435.452060 2.8169489 -0.5220746 0.4279515 0.0108122 0.6932900 0.6656364 0.2759714
1578862435.913118 2.8195829 -0.5192622 0.4018909 0.0150743 0.6982749 0.6594898 0.2779535
1578862436.704569 2.8331015 -0.5168936 0.3751622 0.0244582 0.6975406 0.6545390 0.2905472
1578862436.934165 2.8389413 -0.5177460 0.3698326 0.0316693 0.6996464 0.6505203 0.2937950
1578862438.054143 2.8655949 -0.5308377 0.3488483 0.0480589 0.7076376 0.6313987 0.3134888
1578862439.207721 2.8508661 -0.5248351 0.3215301 0.0532825 0.7087340 0.6192093 0.3338216
1578862441.150885 2.7871552 -0.4627761 0.3027388 0.0255247 0.7226737 0.6070536 0.3295104
1578862441.611943 2.7970407 -0.4411123 0.2992208 0.0068147 0.7287942 0.6037719 0.3229121
1578862442.270864 2.8250127 -0.4141204 0.3022332 -0.0150712 0.7204224 0.6095657 0.3304453
1578862443.752970 2.8808260 -0.3775012 0.2930453 0.0205404 0.7019208 0.6105039 0.3662926
1578862444.312959 2.8984437 -0.3390684 0.2703152 0.0153858 0.7036239 0.6133969 0.3583586
1578862445.729733 2.9267607 -0.2384245 0.2238967 -0.0340268 0.7168280 0.5956991 0.3607526
1578862447.277170 2.9602392 -0.1867738 0.2394264 -0.0114264 0.7128398 0.6020715 0.3594979
1578862448.990738 2.9819174 -0.1312964 0.2280822 -0.0066764 0.7035363 0.6245390 0.3390326
1578862449.649658 2.9470859 -0.0981152 0.2109277 -0.0235043 0.7024018 0.6358043 0.3191116
1578862449.847521 2.9341073 -0.0881073 0.2044044 -0.0229737 0.7001114 0.6406797 0.3143975
1578862450.110716 2.9171834 -0.0753593 0.1944430 -0.0170833 0.6981024 0.6448612 0.3106691
1578862450.340312 2.9029348 -0.0654882 0.1827271 -0.0101136 0.6989303 0.6439106 0.3110844
1578862451.032832 2.8591561 -0.0314839 0.1487577 -0.0092646 0.7102689 0.6187348 0.3355584
1578862451.527489 2.8330443 -0.0006812 0.1250932 -0.0310496 0.7181687 0.5956018 0.3585081
1578862451.988547 2.8144546 0.0157027 0.1092498 -0.0183630 0.7122739 0.5914191 0.3775608
1578862453.634915 2.7969663 0.0463276 0.0895557 0.0088397 0.7013776 0.5901385 0.3996598
1578862454.228504 2.8345077 0.0568752 0.0931292 -0.0054201 0.6970502 0.5953373 0.3995812
1578862454.557031 2.8609087 0.0601094 0.0980277 -0.0081092 0.6916851 0.5987440 0.4037468
1578862455.117024 2.9153461 0.0618634 0.1006217 0.0159222 0.6819893 0.6065783 0.4082890
1578862455.578079 2.9591000 0.0654640 0.0969968 0.0410050 0.6758379 0.6155579 0.4032991
1578862455.908472 2.9882958 0.0726888 0.0936000 0.0371195 0.6759092 0.6193970 0.3976383
1578862456.138068 3.0084603 0.0782893 0.0898426 0.0288275 0.6801864 0.6175476 0.3938913
1578862457.093783 3.0798328 0.1020195 0.0630507 -0.0012779 0.7018496 0.6113133 0.3656522
1578862457.687372 3.1156850 0.1113050 0.0473707 -0.0043411 0.7099256 0.6082172 0.3550473
1578862457.950567 3.1304662 0.1125369 0.0426540 -0.0033338 0.7101419 0.6071880 0.3563848
1578862458.510562 3.1540411 0.1090624 0.0337751 0.0190594 0.7139613 0.5983019 0.3632227
1578862459.036946 3.1620340 0.1064148 0.0235460 0.0358930 0.7188071 0.5957249 0.3565667
1578862459.630534 3.1634455 0.1062279 0.0054581 0.0309655 0.7210988 0.5923325 0.3580500
1578862459.992661 3.1607752 0.1068959 -0.0071933 0.0191417 0.7211745 0.5862930 0.3685124
1578862460.289455 3.1552281 0.1099236 -0.0200136 0.0163182 0.7203754 0.5824824 0.3761746
1578862460.586250 3.1465900 0.1152456 -0.0345581 0.0172502 0.7177871 0.5839437 0.3788058
1578862460.914776 3.1338708 0.1262619 -0.0522027 0.0152818 0.7145552 0.5898164 0.3758909
1578862461.310503 3.1151400 0.1431289 -0.0741136 0.0068005 0.7150791 0.5915714 0.3723694
1578862461.672629 3.0965483 0.1614504 -0.0951424 -0.0031632 0.7202749 0.5868438 0.3698761
1578862462.068354 3.0783336 0.1806610 -0.1212044 -0.0054184 0.7335088 0.5714927 0.3678744
1578862462.396882 3.0755808 0.2003925 -0.1493635 0.0007189 0.7437017 0.5571293 0.3694783
1578862462.693676 3.0891771 0.2219563 -0.1848583 0.0141123 0.7461982 0.5515521 0.3725310
1578862462.956871 3.1124592 0.2431221 -0.2257640 0.0357158 0.7560530 0.5380011 0.3710297
1578862463.188333 3.1395130 0.2608356 -0.2653687 0.0484719 0.7659180 0.5246662 0.3684365
1578862463.417934 3.1712837 0.2817065 -0.3033962 0.0626598 0.7611571 0.5314240 0.3664726
1578862463.649390 3.2094302 0.3106534 -0.3376367 0.0685877 0.7542823 0.5413541 0.3650887
1578862463.946185 3.2658162 0.3544457 -0.3758304 0.0633856 0.7322363 0.5711442 0.3655223
1578862464.110448 3.3000128 0.3815100 -0.3931370 0.0627428 0.7172198 0.5884652 0.3679236
1578862464.274712 3.3353353 0.4033761 -0.4172416 0.0596145 0.7120174 0.5948262 0.3683193
1578862464.438976 3.3743334 0.4302962 -0.4364064 0.0573591 0.7059713 0.6013229 0.3697638
1578862464.670438 3.4297106 0.4649177 -0.4701414 0.0565942 0.6982509 0.6117849 0.3673719
1578862464.834701 3.4715583 0.4949956 -0.4892478 0.0537020 0.6939237 0.6172352 0.3668878
1578862464.967232 3.5045979 0.5193520 -0.5047686 0.0499128 0.6833847 0.6297773 0.3658889
1578862465.066164 3.5290601 0.5355732 -0.5181940 0.0450529 0.6813162 0.6326765 0.3653750
1578862465.230427 3.5737138 0.5651309 -0.5413892 0.0433744 0.6863886 0.6266104 0.3665361
1578862465.394691 3.6176581 0.5905941 -0.5687914 0.0447768 0.6866024 0.6264036 0.3663205
1578862465.527221 3.6531355 0.6131058 -0.5898988 0.0421784 0.6891872 0.6239109 0.3660290
1578862465.691485 3.6978693 0.6459746 -0.6101065 0.0409989 0.6829156 0.6306729 0.3663292
1578862465.855748 3.7420292 0.6751330 -0.6361110 0.0387860 0.6794531 0.6355532 0.3645699
1578862465.988279 3.7793086 0.6999698 -0.6585608 0.0402454 0.6863320 0.6280470 0.3645347
1578862466.087211 3.8069854 0.7183735 -0.6745830 0.0423721 0.6873571 0.6265753 0.3648950
1578862466.251474 3.8510795 0.7495666 -0.6997120 0.0377958 0.6803157 0.6338784 0.3659786
1578862466.384005 3.8869050 0.7745943 -0.7206445 0.0349226 0.6844448 0.6292732 0.3665119
1578862466.548268 3.9303410 0.8056662 -0.7471378 0.0402243 0.6822847 0.6317142 0.3657962
1578862466.777864 3.9904516 0.8466449 -0.7911155 0.0437498 0.6946992 0.6194119 0.3630535
1578862467.009326 4.0486083 0.8914812 -0.8319542 0.0440695 0.6919743 0.6233813 0.3614210
1578862467.272521 4.1110430 0.9507802 -0.8682408 0.0393079 0.6814275 0.6346597 0.3623790
1578862467.405052 4.1412907 0.9792304 -0.8899021 0.0413264 0.6736035 0.6437237 0.3607913
1578862467.634647 4.1922460 1.0281694 -0.9299126 0.0425834 0.6815071 0.6359488 0.3595886
1578862467.733579 4.2139902 1.0469062 -0.9499969 0.0483405 0.6850852 0.6323565 0.3583945
1578862467.832510 4.2338490 1.0620835 -0.9735961 0.0528300 0.6937155 0.6235682 0.3565537
1578862467.931442 4.2533078 1.0784407 -0.9973159 0.0571817 0.7062448 0.6100283 0.3547029
1578862468.095706 4.2848654 1.1071572 -1.0321755 0.0665266 0.7166387 0.5977784 0.3530780
1578862468.293568 4.3200393 1.1424127 -1.0723948 0.0671950 0.7159331 0.5995374 0.3513965
1578862468.426099 4.3435917 1.1676409 -1.0975323 0.0702370 0.7199836 0.5942805 0.3514557
1578862468.655694 4.3810883 1.2078927 -1.1422663 0.0714264 0.7141995 0.6001541 0.3530332
1578862468.819958 4.4085445 1.2353427 -1.1754670 0.0754742 0.7222474 0.5893562 0.3540079
1578862468.986088 4.4355426 1.2621112 -1.2076578 0.0778835 0.7185558 0.5926458 0.3555034
1578862469.150352 4.4616838 1.2903388 -1.2379856 0.0759993 0.7192373 0.5921252 0.3554005
1578862469.314615 4.4891829 1.3200512 -1.2642121 0.0791945 0.7136570 0.5979740 0.3561588
1578862469.512478 4.5213747 1.3534970 -1.2991104 0.0784195 0.7119985 0.6007427 0.3549882
1578862469.676741 4.5507221 1.3844581 -1.3225260 0.0790088 0.7079948 0.6048426 0.3559021
1578862469.775673 4.5683236 1.4008584 -1.3389502 0.0800883 0.7043747 0.6093619 0.3551340
1578862469.973536 4.6048574 1.4359045 -1.3689952 0.0756685 0.7057756 0.6089119 0.3540923
1578862470.072467 4.6240959 1.4523342 -1.3846664 0.0788442 0.7067045 0.6074317 0.3540891
1578862470.236737 4.6567612 1.4780788 -1.4112282 0.0766356 0.7041155 0.6106761 0.3541512
1578862470.369261 4.6851940 1.4996049 -1.4321785 0.0739371 0.7103440 0.6034871 0.3546099
1578862470.533525 4.7216649 1.5263822 -1.4558163 0.0756727 0.7079347 0.6049378 0.3565844
1578862470.697788 4.7587361 1.5485840 -1.4855785 0.0767929 0.7133920 0.5985730 0.3562093
1578862470.796720 4.7826972 1.5629168 -1.5033817 0.0800357 0.7210671 0.5895271 0.3551258
1578862470.929250 4.8146019 1.5811956 -1.5275788 0.0841331 0.7234206 0.5864657 0.3544605
1578862471.093514 4.8540316 1.6027763 -1.5593081 0.0832526 0.7280787 0.5823700 0.3518744
1578862471.192452 4.8793421 1.6185682 -1.5762510 0.0839523 0.7293988 0.5807374 0.3516724
1578862471.324976 4.9132490 1.6400225 -1.5976920 0.0841357 0.7242529 0.5868983 0.3520361
1578862471.489240 4.9543352 1.6658113 -1.6261792 0.0796957 0.7202790 0.5926257 0.3516270
1578862471.653503 4.9975467 1.6940086 -1.6527214 0.0792335 0.7185379 0.5935057 0.3538027
1578862471.786034 5.0317411 1.7159493 -1.6767774 0.0789935 0.7125116 0.6002450 0.3546733
1578862471.950297 5.0736799 1.7431090 -1.7079425 0.0754489 0.7144160 0.5986795 0.3542599
1578862472.114561 5.1151457 1.7745149 -1.7359567 0.0669436 0.7118438 0.6010484 0.3571243
1578862472.278825 5.1545010 1.8023803 -1.7659192 0.0613302 0.7113326 0.5978897 0.3643796
1578862472.411355 5.1878328 1.8192873 -1.7919846 0.0848576 0.7087156 0.5907521 0.3762092
1578862472.575619 5.2279472 1.8427179 -1.8211784 0.0714476 0.7107509 0.5752825 0.3984702
1578862472.739882 5.2653818 1.8608267 -1.8518662 0.0871656 0.7073431 0.5607635 0.4214406
1578862472.906012 5.3030105 1.8761299 -1.8809576 0.1043832 0.7023793 0.5408117 0.4508771
1578862473.070276 5.3361459 1.8863599 -1.9112878 0.1158298 0.6981275 0.5180143 0.4804817
1578862473.202807 5.3631673 1.8928027 -1.9295645 0.1374229 0.6833504 0.5036146 0.5104110
1578862473.367070 5.3949947 1.9020851 -1.9484272 0.1284409 0.6672680 0.4848993 0.5505716
1578862473.596666 5.4363723 1.9140995 -1.9708340 0.1361433 0.6361790 0.4607688 0.6036832
1578862473.760929 5.4616709 1.9149208 -1.9853280 0.1436044 0.6180212 0.4318686 0.6410281
1578862473.927059 5.4852524 1.9142753 -1.9988263 0.1533255 0.5953112 0.4067900 0.6757351
1578862474.057723 5.5018044 1.9137543 -2.0067501 0.1801138 0.5616210 0.4016823 0.7005656
1578862474.223854 5.5172386 1.9031219 -2.0184960 0.2194297 0.5103807 0.3960521 0.7310985
1578862474.388117 5.5265722 1.8885121 -2.0281591 0.2714027 0.4301233 0.4025687 0.7610998
1578862474.552381 5.5274606 1.8724238 -2.0342162 0.3048369 0.3479186 0.3996567 0.7913923
1578862474.617713 5.5252681 1.8654124 -2.0367780 0.3118757 0.3156348 0.3964297 0.8037112
1578862474.684911 5.5221720 1.8580902 -2.0392888 0.3213536 0.2760428 0.3962392 0.8145715
1578862474.750243 5.5164423 1.8504245 -2.0419860 0.3326932 0.2290876 0.3987181 0.8233212
1578862474.849175 5.5109310 1.8419989 -2.0401883 0.3415496 0.1710698 0.3978006 0.8341665
1578862474.914507 5.5078640 1.8369520 -2.0389001 0.3400232 0.1491404 0.3889357 0.8431314
1578862475.013438 5.5032883 1.8285984 -2.0327578 0.3319342 0.1258113 0.3677728 0.8594966
1578862475.112370 5.4938302 1.8195875 -2.0282888 0.3298218 0.0938193 0.3458344 0.8733923
1578862475.177702 5.4879084 1.8107702 -2.0213025 0.3313537 0.0751192 0.3285240 0.8812683
1578862475.244901 5.4825716 1.8033432 -2.0153975 0.3324436 0.0680410 0.3066384 0.8892832
1578862475.310233 5.4788938 1.7941844 -2.0096550 0.3346763 0.0625322 0.2859226 0.8957287
1578862475.409164 5.4705944 1.7807467 -2.0045114 0.3345002 0.0422649 0.2605875 0.9046643
1578862475.474496 5.4629664 1.7728655 -1.9997876 0.3340921 0.0260593 0.2446731 0.9098563
1578862475.573427 5.4499269 1.7564688 -1.9933686 0.3408006 -0.0079358 0.2241503 0.9129888
1578862475.672359 5.4372463 1.7422771 -1.9854012 0.3451989 -0.0311792 0.1985546 0.9167560
1578862475.771291 5.4226618 1.7266663 -1.9815590 0.3475269 -0.0528284 0.1704356 0.9205357
1578862475.870222 5.4071393 1.7127131 -1.9774679 0.3478039 -0.0698395 0.1402767 0.9243795
1578862475.969153 5.3911328 1.6960095 -1.9713401 0.3516552 -0.0885145 0.1142340 0.9249078
1578862476.133417 5.3660140 1.6749882 -1.9537036 0.3425192 -0.1201875 0.0763581 0.9286577
1578862476.232348 5.3509254 1.6623579 -1.9439236 0.3321896 -0.1355055 0.0543075 0.9318471
1578862476.331280 5.3355861 1.6465843 -1.9321853 0.3318094 -0.1439937 0.0309941 0.9317766
1578862476.430211 5.3176484 1.6306474 -1.9205550 0.3326640 -0.1554212 0.0100205 0.9300960
1578862476.594475 5.2898798 1.6054817 -1.9045783 0.3164942 -0.1802830 -0.0174440 0.9311419
1578862477.055537 5.2059803 1.5427874 -1.8444645 0.2729333 -0.2146895 -0.0942728 0.9330212
1578862477.188063 5.1797009 1.5241005 -1.8190596 0.2672714 -0.2142292 -0.1190858 0.9319283
1578862477.352327 5.1494584 1.4997246 -1.7948778 0.2501866 -0.2295856 -0.1314770 0.9313490
1578862477.451258 5.1317530 1.4841601 -1.7855778 0.2423847 -0.2317472 -0.1429975 0.9311792
1578862477.748052 5.0713868 1.4439198 -1.7351227 0.2122801 -0.2422760 -0.1709665 0.9311337
1578862477.846984 5.0557790 1.4339761 -1.7187111 0.1940344 -0.2423339 -0.1822238 0.9329627
1578862477.977648 5.0262175 1.4156926 -1.6980821 0.1915646 -0.2442280 -0.1964541 0.9300868
1578862478.076579 5.0056014 1.4016639 -1.6828643 0.1866139 -0.2518937 -0.2012628 0.9280184
1578862478.472305 4.9251909 1.3599336 -1.6119554 0.1473300 -0.2608289 -0.2294389 0.9260778
1578862478.670168 4.8870201 1.3380247 -1.5735471 0.1200406 -0.2618829 -0.2374184 0.9277069
1578862478.933363 4.8316660 1.3149515 -1.5111549 0.0957107 -0.2657643 -0.2480380 0.9266531
1578862479.032295 4.8122411 1.3043430 -1.4898708 0.0835512 -0.2648255 -0.2526258 0.9268586
1578862479.230157 4.7695031 1.2843406 -1.4408473 0.0737368 -0.2672553 -0.2621989 0.9243318
1578862479.394421 4.7355633 1.2689905 -1.3983262 0.0503417 -0.2697873 -0.2651822 0.9243155
1578862479.558684 4.7027588 1.2548956 -1.3514707 0.0406996 -0.2647186 -0.2784691 0.9223462
1578862479.691215 4.6749692 1.2449344 -1.3121463 0.0280990 -0.2674237 -0.2797912 0.9216354
1578862479.790146 4.6547136 1.2312961 -1.2843101 0.0190544 -0.2683976 -0.2788447 0.9218705
1578862479.954410 4.6203346 1.2110556 -1.2337346 0.0146799 -0.2606790 -0.2905137 0.9205611
1578862480.053341 4.5998688 1.2027032 -1.2005730 0.0092063 -0.2605948 -0.2917190 0.9202747
1578862480.251204 4.5616755 1.1765536 -1.1373240 -0.0100526 -0.2555028 -0.2956277 0.9204464
1578862480.415468 4.5275888 1.1584522 -1.0796410 -0.0164992 -0.2545912 -0.3006378 0.9189821
1578862480.547999 4.4998384 1.1418831 -1.0339593 -0.0281809 -0.2545176 -0.3005546 0.9187456
1578862480.712262 4.4646344 1.1179109 -0.9792128 -0.0321863 -0.2516955 -0.3054272 0.9177842
1578862480.876526 4.4290400 1.0995789 -0.9201742 -0.0389734 -0.2517643 -0.3072837 0.9168820
1578862481.042656 4.3890848 1.0687180 -0.8670651 -0.0427864 -0.2519940 -0.3055856 0.9172164
1578862481.173320 4.3564272 1.0438358 -0.8232474 -0.0331301 -0.2563523 -0.3032799 0.9171734
1578862481.371183 4.3032188 1.0000572 -0.7646351 -0.0257667 -0.2672058 -0.2920743 0.9179487
1578862481.535446 4.2578454 0.9606199 -0.7171815 -0.0114422 -0.2715228 -0.2879522 0.9182745
1578862481.667977 4.2208338 0.9320471 -0.6765622 -0.0040345 -0.2779025 -0.2809138 0.9186084
1578862481.832241 4.1703587 0.8856632 -0.6357301 0.0061692 -0.2837383 -0.2712221 0.9197245
1578862481.996504 4.1185532 0.8388883 -0.5947315 0.0281063 -0.2911858 -0.2610352 0.9199356
1578862482.194367 4.0558243 0.7846208 -0.5478799 0.0357826 -0.2994006 -0.2508212 0.9198737
1578862482.392230 3.9905448 0.7302171 -0.5037881 0.0572288 -0.3056486 -0.2443562 0.9184737
1578862482.590092 3.9210455 0.6738126 -0.4640352 0.0668290 -0.3138814 -0.2368322 0.9170185
1578862482.754356 3.8638911 0.6211440 -0.4367484 0.0914550 -0.3180006 -0.2307515 0.9150221
1578862482.853287 3.8277030 0.5928986 -0.4191060 0.1000595 -0.3222384 -0.2262434 0.9137639
1578862483.051150 3.7556574 0.5321803 -0.3892856 0.1079824 -0.3249851 -0.2212786 0.9131048
1578862483.150082 3.7175398 0.5047217 -0.3705423 0.1117633 -0.3244663 -0.2213623 0.9128140
1578862483.249013 3.6774049 0.4817076 -0.3508403 0.1118821 -0.3266448 -0.2199260 0.9123695
1578862483.413277 3.6124325 0.4387859 -0.3221706 0.1043731 -0.3285337 -0.2191079 0.9127780
1578862483.545808 3.5588675 0.4054092 -0.2978785 0.1053077 -0.3263561 -0.2216824 0.9128302
1578862483.710071 3.4891987 0.3670790 -0.2686980 0.1023274 -0.3296950 -0.2203075 0.9123021
1578862483.809003 3.4477880 0.3459454 -0.2507526 0.0908526 -0.3279960 -0.2222989 0.9136453
1578862483.939667 3.3922164 0.3173339 -0.2268875 0.0893063 -0.3252493 -0.2250891 0.9140964
1578862484.072198 3.3334348 0.2882059 -0.2064272 0.0979071 -0.3220660 -0.2293568 0.9132816
1578862484.171129 3.2897186 0.2616866 -0.1931706 0.0930301 -0.3274311 -0.2170739 0.9148843
1578862484.335393 3.2186084 0.2264565 -0.1644744 0.0900838 -0.3147357 -0.2139826 0.9203466
1578862484.434324 3.1769171 0.2065297 -0.1451076 0.0906530 -0.3016450 -0.2125634 0.9249915
1578862484.566855 3.1225359 0.1746863 -0.1224763 0.0833822 -0.2943336 -0.1907533 0.9327531
1578862484.731118 3.0580907 0.1344075 -0.0961506 0.0925375 -0.2687195 -0.1782530 0.9420470
1578862484.895382 2.9985898 0.0910408 -0.0688825 0.1097604 -0.2385975 -0.1598511 0.9515627
1578862485.027913 2.9551647 0.0490659 -0.0562484 0.1229385 -0.2147197 -0.1360766 0.9593043
1578862485.192176 2.9118924 0.0037784 -0.0289488 0.1457280 -0.1548114 -0.1279484 0.9687239
1578862485.356446 2.8703074 -0.0374989 -0.0087490 0.1448852 -0.1315246 -0.0804626 0.9773614
1578862485.587902 2.8283451 -0.0844962 0.0314789 0.1429142 -0.0705158 -0.0412919 0.9863560
1578862485.817497 2.8020756 -0.1334628 0.0603169 0.1432290 -0.0179562 0.0112449 0.9894628
1578862486.048959 2.7847002 -0.1691310 0.1020723 0.1345915 0.0299984 0.0572220 0.9887927
1578862486.213223 2.7804043 -0.2042548 0.1185640 0.1402993 0.0478347 0.1019307 0.9836860
1578862486.377487 2.7840974 -0.2272501 0.1427805 0.1357696 0.0785013 0.1379318 0.9779463
1578862486.608949 2.8003938 -0.2600545 0.1700516 0.1352621 0.1006357 0.2192054 0.9610024
1578862486.773212 2.8231525 -0.2718790 0.1934701 0.1260777 0.1279278 0.2694837 0.9461064
1578862486.872144 2.8381693 -0.2786378 0.2054440 0.1229181 0.1453681 0.2987864 0.9351395
1578862487.004675 2.8657966 -0.2944919 0.2112732 0.1309439 0.1592384 0.3501841 0.9137111
1578862487.135339 2.8948269 -0.3049176 0.2190562 0.1348565 0.1887865 0.3840796 0.8936757
1578862487.234270 2.9212763 -0.3084233 0.2228166 0.1378584 0.2137550 0.4083595 0.8766677
1578862487.333202 2.9496393 -0.3128639 0.2236553 0.1390363 0.2305475 0.4377400 0.8578464
1578862487.432133 2.9757006 -0.3185192 0.2267869 0.1357288 0.2445312 0.4648542 0.8400553
1578862487.531065 3.0045371 -0.3157537 0.2347855 0.1281060 0.2615699 0.4890306 0.8222038
1578862487.629996 3.0323238 -0.3111361 0.2458029 0.1193656 0.2790315 0.5109321 0.8042647
1578862487.794260 3.0858698 -0.3060081 0.2516869 0.1141075 0.2998953 0.5557962 0.7668982
1578862487.926790 3.1318219 -0.2984824 0.2564654 0.1021535 0.3305739 0.5773441 0.7395670
1578862488.091054 3.1909230 -0.2845030 0.2635187 0.0938219 0.3639600 0.6026619 0.7039384
1578862488.255317 3.2516870 -0.2706592 0.2633122 0.0796306 0.3929436 0.6225899 0.6720388
1578862488.387848 3.3023176 -0.2554550 0.2708607 0.0752662 0.4120978 0.6366973 0.6474002
1578862488.486779 3.3398547 -0.2447588 0.2792883 0.0702115 0.4206509 0.6486627 0.6303648
1578862488.651043 3.4082096 -0.2271669 0.2808270 0.0602727 0.4405802 0.6605060 0.6049694
1578862488.749974 3.4519761 -0.2141988 0.2798851 0.0584475 0.4578587 0.6626758 0.5897544
1578862488.848906 3.4941053 -0.1985719 0.2851458 0.0565476 0.4671298 0.6695369 0.5747282
1578862488.947838 3.5388050 -0.1810348 0.2881892 0.0524393 0.4723328 0.6784322 0.5602513
1578862489.046768 3.5833206 -0.1645937 0.2861590 0.0452740 0.4825062 0.6827659 0.5467803
1578862489.177433 3.6438236 -0.1360044 0.2916839 0.0402951 0.4895673 0.6911514 0.5301036
1578862489.343563 3.7221158 -0.0970330 0.3013220 0.0319522 0.4933334 0.7029126 0.5113855
1578862489.507827 3.8026574 -0.0574713 0.2994041 0.0221018 0.5022932 0.7084965 0.4952229
1578862489.672090 3.8862278 -0.0150726 0.2984073 0.0255137 0.5161937 0.7078946 0.4814337
1578862489.804621 3.9581361 0.0163164 0.2847633 0.0265831 0.5281873 0.7058402 0.4712763
1578862489.968884 4.0468512 0.0573423 0.2644515 0.0296692 0.5510990 0.6956817 0.4598223
1578862490.133148 4.1362414 0.0981927 0.2439914 0.0380497 0.5680776 0.6884992 0.4492315
1578862490.232080 4.1903348 0.1179829 0.2214236 0.0413054 0.5831279 0.6800640 0.4424576
1578862490.364610 4.2622662 0.1484261 0.1912110 0.0455985 0.6069423 0.6644679 0.4336176
1578862490.528873 4.3509889 0.1824391 0.1534390 0.0580216 0.6293739 0.6486186 0.4240472
1578862490.693137 4.4355335 0.2149355 0.1089692 0.0595746 0.6474103 0.6360557 0.4156248
1578862490.891000 4.5400348 0.2585592 0.0620246 0.0690639 0.6655136 0.6207941 0.4085786
1578862491.055264 4.6233888 0.2933662 0.0203633 0.0641986 0.6729755 0.6161288 0.4041879
1578862491.253126 4.7227302 0.3343680 -0.0315614 0.0706537 0.6886637 0.6016871 0.3984005
1578862491.549920 4.8653212 0.3929169 -0.1146827 0.0741689 0.6975912 0.5963697 0.3901394
1578862491.714184 4.9419904 0.4251397 -0.1566892 0.0811362 0.7025678 0.5924482 0.3857728
1578862491.912047 5.0268350 0.4574952 -0.2221127 0.0819019 0.7135338 0.5825629 0.3805023
1578862492.076310 5.0976400 0.4858561 -0.2721391 0.0870485 0.7248705 0.5697134 0.3773750
1578862492.242440 5.1636543 0.5101049 -0.3272510 0.0891609 0.7287325 0.5656601 0.3755369
1578862492.373105 5.2142224 0.5319624 -0.3683133 0.0896966 0.7365770 0.5572025 0.3727388
1578862492.472036 5.2513618 0.5508106 -0.3967590 0.0938249 0.7392831 0.5535845 0.3717548
1578862492.636300 5.3081388 0.5681379 -0.4574528 0.0999078 0.7472105 0.5441847 0.3681819
1578862492.735231 5.3409295 0.5817027 -0.4929223 0.1002604 0.7544397 0.5360786 0.3652236
1578862492.867762 5.3838716 0.5990405 -0.5379014 0.1084393 0.7629539 0.5243499 0.3622147
1578862492.933094 5.4051299 0.6068320 -0.5618501 0.1114745 0.7642506 0.5222405 0.3616066
1578862493.032025 5.4325252 0.6149650 -0.5986614 0.1134302 0.7687176 0.5166171 0.3596020
1578862493.130963 5.4590354 0.6237094 -0.6379709 0.1154850 0.7779172 0.5044142 0.3564749
1578862493.196289 5.4767542 0.6285734 -0.6629734 0.1205725 0.7840376 0.4947815 0.3548783
1578862493.263487 5.4948840 0.6343045 -0.6876764 0.1250340 0.7875963 0.4885419 0.3540980
1578862493.394152 5.5298991 0.6460960 -0.7358398 0.1270047 0.7872714 0.4879490 0.3549356
1578862493.493083 5.5543399 0.6581533 -0.7703753 0.1247606 0.7884805 0.4869918 0.3543617
1578862493.592015 5.5821724 0.6771259 -0.8027773 0.1223901 0.7877989 0.4881621 0.3550933
1578862493.690946 5.6091323 0.6965413 -0.8327594 0.1229987 0.7831373 0.4940515 0.3570440
1578862493.789877 5.6345277 0.7109532 -0.8673582 0.1238668 0.7786005 0.5000551 0.3583060
1578862493.954141 5.6754532 0.7396595 -0.9250360 0.1194783 0.7781871 0.5016870 0.3584130
1578862494.118404 5.7172461 0.7703357 -0.9809127 0.1247903 0.7735125 0.5063922 0.3601009
1578862494.250935 5.7485795 0.7950606 -1.0263572 0.1227394 0.7670960 0.5160304 0.3608482
1578862494.448798 5.7984562 0.8367896 -1.0942855 0.1229598 0.7664325 0.5170551 0.3607163
1578862494.613062 5.8371778 0.8677037 -1.1570091 0.1257229 0.7622808 0.5229684 0.3600359
1578862494.745593 5.8664513 0.8863018 -1.2169604 0.1287013 0.7731665 0.5091004 0.3556210
1578862494.909856 5.9032674 0.9101658 -1.2894297 0.1374750 0.7832716 0.4939049 0.3516307
1578862495.074119 5.9367671 0.9338558 -1.3642144 0.1367676 0.7893683 0.4872499 0.3475340
1578862495.206650 5.9679027 0.9608572 -1.4212589 0.1363073 0.7930666 0.4820954 0.3464820
1578862495.469845 6.0299087 1.0244977 -1.5234857 0.1298508 0.7814184 0.5005872 0.3491942
1578862495.634109 6.0738335 1.0682273 -1.5863671 0.1243557 0.7793187 0.5036395 0.3514900
1578862495.831971 6.1243382 1.1245949 -1.6557593 0.1137438 0.7643419 0.5260605 0.3551115
1578862495.996235 6.1675382 1.1730065 -1.7173858 0.1050380 0.7637276 0.5283283 0.3557476
1578862496.227697 6.2314296 1.2443871 -1.7983675 0.1002363 0.7510850 0.5448593 0.3590993
1578862496.391961 6.2826285 1.2887998 -1.8457446 0.1107172 0.7366957 0.5525358 0.3737986
1578862496.556224 6.3390408 1.3314757 -1.8856769 0.0935014 0.7290500 0.5490557 0.3978460
1578862496.787687 6.4189143 1.3782616 -1.9381719 0.0909574 0.7166074 0.5331106 0.4404471
1578862497.017282 6.5039616 1.4165959 -1.9782019 0.0660174 0.7087029 0.5021645 0.4911340
1578862497.248744 6.5908237 1.4393358 -2.0050635 0.0791763 0.6795213 0.4812225 0.5480939
1578862497.413008 6.6534138 1.4415450 -2.0265002 0.0819587 0.6614609 0.4573692 0.5886983
1578862497.577271 6.7159514 1.4401305 -2.0375013 0.0921246 0.6378778 0.4346358 0.6290601
1578862497.808733 6.8047638 1.4393623 -2.0372922 0.0811082 0.5977737 0.4062498 0.6863303
1578862498.038335 6.8964033 1.4479532 -2.0153956 0.0470378 0.5611084 0.3824152 0.7326005
1578862498.368722 7.0302162 1.4545048 -1.9590013 -0.0460621 0.5418206 0.2863460 0.7888693
1578862498.598318 7.1123581 1.4334217 -1.9121779 -0.0793694 0.5241299 0.1873582 0.8269736
1578862498.829780 7.1809883 1.3870704 -1.8691573 -0.0667265 0.4886759 0.1152214 0.8622456
1578862498.928712 7.2067227 1.3658934 -1.8466017 -0.0659870 0.4753110 0.0752567 0.8741062
1578862499.059376 7.2330141 1.3300247 -1.8236699 -0.0562651 0.4566030 0.0275297 0.8874627
1578862499.191907 7.2462969 1.2904570 -1.7935704 -0.0336563 0.4107201 0.0069285 0.9111137
1578862499.290838 7.2519951 1.2662851 -1.7671742 -0.0290357 0.3790583 -0.0129191 0.9248269
1578862499.455102 7.2775474 1.2300571 -1.7233484 -0.0380733 0.3448412 -0.0441967 0.9368467
1578862499.554033 7.2904248 1.2061825 -1.6964655 -0.0367251 0.3144961 -0.0507013 0.9471921
1578862499.686564 7.3048601 1.1796942 -1.6558218 -0.0392597 0.2806596 -0.0711106 0.9563640
1578862499.751896 7.3112831 1.1664858 -1.6344626 -0.0432445 0.2670830 -0.0871898 0.9587463
1578862499.850827 7.3153882 1.1394149 -1.6103187 -0.0403888 0.2386669 -0.0993085 0.9651656
1578862499.916160 7.3157549 1.1219361 -1.5919402 -0.0361269 0.2175601 -0.1063849 0.9695591
1578862500.015091 7.3201761 1.1021073 -1.5603125 -0.0372206 0.1889295 -0.1191282 0.9740271
1578862500.147622 7.3231573 1.0756998 -1.5169379 -0.0415470 0.1518126 -0.1352783 0.9782262
1578862500.212954 7.3191209 1.0562943 -1.5004765 -0.0368735 0.1298927 -0.1391315 0.9810253
1578862500.311885 7.3144817 1.0281364 -1.4739389 -0.0286154 0.0996092 -0.1463703 0.9837860
1578862500.410817 7.3119059 1.0055321 -1.4418211 -0.0240484 0.0731611 -0.1551000 0.9848924
1578862500.543348 7.3026743 0.9713297 -1.4019046 -0.0215038 0.0360331 -0.1564845 0.9867887
1578862500.707611 7.2908111 0.9253800 -1.3555189 -0.0159913 -0.0018177 -0.1623516 0.9866017
1578862500.871875 7.2759686 0.8801166 -1.3059011 -0.0000778 -0.0403231 -0.1644684 0.9855579
1578862500.970806 7.2623544 0.8496518 -1.2779251 0.0021084 -0.0639225 -0.1624791 0.9846370
1578862501.168669 7.2357063 0.7903239 -1.2225919 0.0184431 -0.1019694 -0.1653650 0.9807734
1578862501.497196 7.1835513 0.7256866 -1.1052505 -0.0069702 -0.1426707 -0.1810345 0.9730483
1578862501.728658 7.1368127 0.6822830 -1.0151145 -0.0141283 -0.1651092 -0.1912979 0.9674423
1578862501.892921 7.0956101 0.6299463 -0.9670446 -0.0001270 -0.1829991 -0.1922350 0.9641354
1578862502.025452 7.0592113 0.5891963 -0.9250574 0.0177874 -0.1980293 -0.1926615 0.9609108
1578862502.124384 7.0303431 0.5582755 -0.8961935 0.0237199 -0.2119254 -0.1878408 0.9587705
1578862502.255048 6.9921079 0.5174348 -0.8587069 0.0277339 -0.2224108 -0.1881580 0.9562222
1578862502.452911 6.9305639 0.4657651 -0.7896805 0.0364694 -0.2345957 -0.1924042 0.9521636
1578862502.585441 6.8857327 0.4286064 -0.7470017 0.0343110 -0.2426976 -0.1933019 0.9500290
1578862502.749705 6.8290119 0.3801712 -0.6959627 0.0433258 -0.2479216 -0.1986643 0.9472013
1578862502.913968 6.7681847 0.3344243 -0.6442185 0.0479584 -0.2584662 -0.1999352 0.9438862
1578862503.046499 6.7194824 0.2861431 -0.6122873 0.0553298 -0.2668632 -0.1984919 0.9414477
1578862503.145430 6.6816516 0.2540920 -0.5828122 0.0635253 -0.2683409 -0.2020686 0.9397479
1578862503.276095 6.6298404 0.2138812 -0.5442525 0.0700168 -0.2767286 -0.1993916 0.9374230
1578862503.375026 6.5905685 0.1772553 -0.5211902 0.0741768 -0.2835676 -0.1955606 0.9358650
1578862503.473958 6.5529013 0.1388487 -0.4995471 0.0811810 -0.2851951 -0.1965553 0.9345798
1578862503.606488 6.4984379 0.0925858 -0.4652010 0.0945610 -0.2894421 -0.1957397 0.9321843
1578862503.770751 6.4295902 0.0327480 -0.4272023 0.0983787 -0.2986616 -0.1915067 0.9297570
1578862503.869683 6.3907242 0.0032828 -0.4008105 0.0932912 -0.2970277 -0.1967054 0.9297194
1578862504.067546 6.3055787 -0.0529507 -0.3410947 0.0931709 -0.3000862 -0.2013797 0.9277466
1578862504.231810 6.2351642 -0.1012825 -0.2956623 0.0812213 -0.3002728 -0.2083213 0.9272764
1578862504.396073 6.1613798 -0.1500314 -0.2467084 0.0867164 -0.3010273 -0.2129306 0.9254855
1578862504.528604 6.1033196 -0.1936566 -0.2168664 0.0894501 -0.3074048 -0.2100828 0.9237782
1578862504.627535 6.0589886 -0.2250019 -0.1922995 0.0873945 -0.3093538 -0.2100223 0.9233380
1578862504.791799 5.9831886 -0.2698586 -0.1423777 0.0882833 -0.3081863 -0.2137602 0.9227859
1578862504.924329 5.9207215 -0.3038741 -0.1030962 0.0821488 -0.3103011 -0.2138645 0.9226196
1578862505.088593 5.8450699 -0.3510077 -0.0597947 0.0788842 -0.3091317 -0.2149591 0.9230425
1578862505.252856 5.7660904 -0.4006627 -0.0163894 0.0888986 -0.3115088 -0.2130463 0.9217758
1578862505.417120 5.6874385 -0.4522178 0.0209572 0.0875697 -0.3138792 -0.2112012 0.9215235
1578862505.648582 5.5724912 -0.5212250 0.0759432 0.1035683 -0.3139438 -0.2121549 0.9196212
1578862505.878177 5.4583979 -0.5963615 0.1228655 0.1122046 -0.3135475 -0.2124279 0.9186798
1578862506.109640 5.3379345 -0.6689117 0.1711645 0.1294243 -0.3164484 -0.2105950 0.9158382
1578862506.273903 5.2542949 -0.7250786 0.1975091 0.1358729 -0.3157589 -0.2100429 0.9152688
1578862506.406434 5.1830277 -0.7677462 0.2210301 0.1483571 -0.3167847 -0.2087478 0.9132700
1578862506.570698 5.0953116 -0.8213533 0.2450023 0.1512121 -0.3205495 -0.2059022 0.9121333
1578862506.734961 5.0121603 -0.8794118 0.2654168 0.1620559 -0.3198039 -0.2044616 0.9108561
1578862506.899225 4.9229507 -0.9313048 0.2915851 0.1699162 -0.3238806 -0.2019980 0.9085300
1578862507.031755 4.8560848 -0.9789531 0.3022871 0.1725002 -0.3245985 -0.2016583 0.9078620
1578862507.196018 4.7675781 -1.0366673 0.3191339 0.1863898 -0.3250294 -0.2011543 0.9050701
1578862507.362149 4.6774535 -1.0929174 0.3366868 0.1900078 -0.3286125 -0.2001552 0.9032435
1578862507.526412 4.5942578 -1.1554976 0.3467324 0.1999368 -0.3273843 -0.2002394 0.9015259
1578862507.690676 4.5038290 -1.2094985 0.3620907 0.2091983 -0.3322862 -0.1972735 0.8982790
1578862507.888539 4.3984017 -1.2840393 0.3715366 0.2163946 -0.3335234 -0.1961506 0.8963596
1578862508.052802 4.3059678 -1.3444897 0.3826723 0.2279880 -0.3377299 -0.1931433 0.8925557
1578862508.217066 4.2203116 -1.4107357 0.3899916 0.2289655 -0.3433106 -0.1897239 0.8909082
1578862508.383196 4.1309385 -1.4734724 0.4014538 0.2349271 -0.3466113 -0.1864504 0.8887666
1578862508.547459 4.0489249 -1.5292614 0.4091274 0.2370404 -0.3508761 -0.1835155 0.8871414
1578862508.711723 3.9685016 -1.5886745 0.4174535 0.2406353 -0.3529752 -0.1818935 0.8856737
1578862508.909585 3.8730316 -1.6543853 0.4290189 0.2473368 -0.3567122 -0.1790787 0.8828996
1578862509.073849 3.7984867 -1.7102702 0.4351258 0.2502880 -0.3592678 -0.1762033 0.8816093
