1578862329.317267 0.0000000 0.0000000 0.0000000 -0.0000000 -0.0000000 -0.0000000 1.0000000
1578862330.371915 -0.0017225 -0.0094291 -0.0204246 0.0090956 0.0235786 -0.0075397 0.9996522
1578862330.403647 -0.0019200 -0.0098409 -0.0206055 0.0093422 0.0242759 -0.0082052 0.9996280
1578862330.569777 -0.0030350 -0.0122533 -0.0215950 0.0110538 0.0275222 -0.0120897 0.9994870
1578862331.096168 -0.0066034 -0.0251111 -0.0200916 0.0197900 0.0355716 -0.0190539 0.9989895
1578862331.327630 -0.0076900 -0.0332104 -0.0166072 0.0247207 0.0379693 -0.0171855 0.9988253
1578862331.820421 -0.0108842 -0.0531261 -0.0064964 0.0345099 0.0405680 -0.0138954 0.9984840
1578862336.498200 0.0419645 -0.1624220 0.0392842 0.0103750 -0.0227389 0.0129126 0.9996042
1578862337.289652 -0.0072520 -0.1534210 0.0057640 0.0144132 -0.0216720 0.0133922 0.9995716
1578862337.618179 -0.0318052 -0.1461724 -0.0087144 0.0213817 -0.0147870 0.0140327 0.9995636
1578862338.013905 -0.0616914 -0.1332161 -0.0237135 0.0284784 -0.0026199 0.0128353 0.9995086
1578862338.474963 -0.0938859 -0.1170296 -0.0366818 0.0352838 0.0130768 0.0090038 0.9992512
1578862338.639227 -0.1032730 -0.1118606 -0.0401989 0.0392460 0.0185749 0.0098677 0.9990082
1578862339.232816 -0.1258105 -0.0967932 -0.0497187 0.0586158 0.0424192 0.0196693 0.9971850
1578862339.397079 -0.1281251 -0.0929852 -0.0519720 0.0649851 0.0482704 0.0214499 0.9964873
1578862340.056000 -0.1272214 -0.0843859 -0.0548232 0.0829513 0.0734160 0.0309472 0.9933637
1578862341.274911 -0.1028124 -0.0636911 -0.0407206 0.0430304 0.0854212 0.0277256 0.9950291
1578862341.472774 -0.0991155 -0.0642640 -0.0340303 0.0372709 0.0822347 0.0242074 0.9956216
1578862341.735969 -0.0933256 -0.0674406 -0.0238093 0.0338183 0.0737574 0.0267334 0.9963441
1578862342.394890 -0.0750291 -0.0818842 0.0007811 0.0258478 0.0450359 0.0535253 0.9972155
1578862344.436985 0.0569429 -0.1470915 0.0791115 0.0344955 0.0612705 0.0186743 0.9973501
1578862345.458032 0.1454356 -0.1669567 0.0996429 0.0456242 0.0577387 0.0245724 0.9969859
1578862345.919091 0.1795004 -0.1728342 0.1054003 0.0460209 0.0531469 0.0285805 0.9971161
1578862348.489443 0.1604422 -0.1846694 0.0966671 0.0030191 -0.0026841 0.0331755 0.9994414
1578862351.815780 0.1049423 -0.1750473 0.0625316 0.0019549 0.0455620 0.0237990 0.9986761
1578862352.112575 0.1162916 -0.1744596 0.0628764 0.0061077 0.0539355 0.0158692 0.9983996
1578862353.198954 0.1749866 -0.1682886 0.0682876 0.0051713 0.1055395 -0.0268745 0.9940385
1578862353.430416 0.1882755 -0.1676627 0.0715935 0.0010319 0.1103019 -0.0298792 0.9934484
1578862354.813590 0.2553260 -0.1809650 0.0923551 0.0056608 0.0716137 0.0176944 0.9972594
1578862355.472511 0.2844340 -0.1940667 0.1121122 -0.0030527 0.0711992 0.0285389 0.9970491
1578862355.636781 0.2908722 -0.1979909 0.1183727 -0.0073430 0.0726018 0.0301241 0.9968790
1578862355.834638 0.2987458 -0.2049510 0.1241465 -0.0103105 0.0730363 0.0292175 0.9968479
1578862356.196764 0.3118293 -0.2212907 0.1328776 -0.0028594 0.0710033 0.0325765 0.9969399
1578862356.394627 0.3175206 -0.2304985 0.1376344 0.0001230 0.0685604 0.0286097 0.9972367
1578862356.855685 0.3269137 -0.2506564 0.1467402 0.0004634 0.0584117 0.0043714 0.9982829
1578862357.053548 0.3297466 -0.2609032 0.1519230 0.0031383 0.0520254 -0.0006917 0.9986406
1578862357.975664 0.3441920 -0.3057384 0.1687243 0.0105423 0.0414095 0.0021153 0.9990844
1578862358.173527 0.3460864 -0.3145916 0.1730892 0.0117154 0.0433943 -0.0006295 0.9989892
1578862358.371390 0.3474796 -0.3230705 0.1772851 0.0125972 0.0470285 -0.0038397 0.9988067
1578862359.095643 0.3480629 -0.3462659 0.1891660 0.0153158 0.0371227 0.0061129 0.9991747
1578862360.775611 0.3586981 -0.3701850 0.1826475 0.0484430 0.0305926 0.0184557 0.9981868
1578862361.106005 0.3686186 -0.3894005 0.1927139 0.0609300 0.0294902 0.0179343 0.9975451
1578862361.567063 0.3879361 -0.4306393 0.2199443 0.0935246 0.0262699 0.0214737 0.9950387
1578862361.796658 0.3976410 -0.4523939 0.2368955 0.0957735 0.0218228 0.0271784 0.9947927
1578862362.059853 0.4116474 -0.4848772 0.2577176 0.1166397 0.0214054 0.0292108 0.9925139
1578862362.291315 0.4230513 -0.5164708 0.2761727 0.1252697 0.0192127 0.0316400 0.9914320
1578862362.520911 0.4329465 -0.5433138 0.3040983 0.1148495 0.0139265 0.0340881 0.9927002
1578862362.851305 0.4461039 -0.5825065 0.3483909 0.0948084 0.0117876 0.0364827 0.9947570
1578862363.114500 0.4564686 -0.6211539 0.3831480 0.0887899 0.0137579 0.0401932 0.9951440
1578862363.377695 0.4642139 -0.6647389 0.4167468 0.1002004 0.0092801 0.0465516 0.9938344
1578862363.609157 0.4707870 -0.7087984 0.4422848 0.1346734 0.0101890 0.0443941 0.9898427
1578862363.838753 0.4723421 -0.7503804 0.4685145 0.1428923 0.0057947 0.0437566 0.9887536
1578862364.070215 0.4744356 -0.7886695 0.5015147 0.1475005 0.0080170 0.0398321 0.9882271
1578862364.333410 0.4754048 -0.8360499 0.5365940 0.1440739 0.0117755 0.0413441 0.9886327
1578862364.630204 0.4747275 -0.8875124 0.5770447 0.1382425 0.0098296 0.0472194 0.9892233
1578862364.893405 0.4702630 -0.9309862 0.6186197 0.1333638 0.0090572 0.0465626 0.9899313
1578862365.156595 0.4684340 -0.9749487 0.6587712 0.1237064 0.0066859 0.0477801 0.9911454
1578862365.419790 0.4634126 -1.0168879 0.7041828 0.1082636 0.0026877 0.0514812 0.9927847
1578862365.651252 0.4615031 -1.0532713 0.7472615 0.1059029 0.0039988 0.0493221 0.9931445
1578862365.880847 0.4597515 -1.0889421 0.7911910 0.0895588 0.0030371 0.0504575 0.9946980
1578862366.112310 0.4586182 -1.1299421 0.8359492 0.1027688 0.0010738 0.0502944 0.9934324
1578862366.276573 0.4592316 -1.1593945 0.8681846 0.1002128 0.0052368 0.0463080 0.9938740
1578862366.440837 0.4597681 -1.1884751 0.9018910 0.1056570 0.0036099 0.0447243 0.9933898
1578862366.573368 0.4602758 -1.2112154 0.9300482 0.0941809 -0.0012860 0.0494598 0.9943249
1578862366.737631 0.4626269 -1.2411444 0.9655182 0.0920094 0.0019258 0.0459725 0.9946945
1578862366.901895 0.4656543 -1.2704037 1.0025967 0.0912628 0.0000125 0.0471303 0.9947109
1578862367.068025 0.4702666 -1.2978030 1.0394248 0.0722766 0.0016284 0.0470217 0.9962743
1578862367.232288 0.4726197 -1.3231976 1.0802388 0.0596871 0.0007968 0.0450293 0.9972007
1578862367.396552 0.4776568 -1.3490938 1.1195372 0.0413362 -0.0019020 0.0472941 0.9980235
1578862367.529083 0.4830607 -1.3705733 1.1523771 0.0339116 0.0025602 0.0414622 0.9985611
1578862367.693346 0.4895266 -1.3993262 1.1919228 0.0351107 0.0013398 0.0419988 0.9984996
1578862367.857610 0.4973557 -1.4311045 1.2289959 0.0351531 0.0035796 0.0418640 0.9984983
1578862368.055473 0.5069462 -1.4724362 1.2723283 0.0579153 0.0068371 0.0402705 0.9974855
1578862368.253336 0.5186263 -1.5132287 1.3135468 0.0590147 0.0080863 0.0411931 0.9973741
1578862368.451199 0.5295077 -1.5531181 1.3559731 0.0701514 0.0088826 0.0391230 0.9967293
1578862368.615462 0.5410685 -1.5875971 1.3889024 0.0696967 0.0057009 0.0413322 0.9966953
1578862368.779726 0.5518121 -1.6230261 1.4222506 0.0846184 0.0097760 0.0375016 0.9956595
1578862368.912257 0.5605875 -1.6499190 1.4494281 0.0833745 0.0068721 0.0413841 0.9956349
1578862369.076520 0.5732855 -1.6822382 1.4819330 0.0786788 0.0102623 0.0417759 0.9959714
1578862369.274383 0.5880431 -1.7155776 1.5263597 0.0671902 0.0089166 0.0437854 0.9967391
1578862369.406914 0.5977129 -1.7430340 1.5513097 0.0642762 0.0088088 0.0452581 0.9968664
1578862369.571177 0.6104453 -1.7772927 1.5830163 0.0813343 0.0116004 0.0420856 0.9957303
1578862369.735441 0.6222112 -1.8142933 1.6109502 0.0952656 0.0074401 0.0453451 0.9943907
1578862369.867972 0.6321468 -1.8426210 1.6335956 0.0963878 0.0079826 0.0450348 0.9942925
1578862370.032235 0.6439306 -1.8767619 1.6635333 0.1114078 0.0080492 0.0442814 0.9927551
1578862370.196499 0.6550279 -1.9139303 1.6893299 0.1200243 0.0053584 0.0474393 0.9916224
1578862370.360762 0.6651602 -1.9498190 1.7159531 0.1318569 0.0053201 0.0492565 0.9900299
1578862370.592225 0.6796888 -1.9975427 1.7505748 0.1370537 -0.0045881 0.0497839 0.9893012
1578862370.756495 0.6859584 -2.0299544 1.7741061 0.1357186 -0.0236487 0.0491074 0.9892470
1578862370.954351 0.6899469 -2.0642385 1.8039653 0.1293593 -0.0389885 0.0258408 0.9904940
1578862371.118615 0.6901493 -2.0956111 1.8212577 0.1394934 -0.0671684 0.0194457 0.9877509
1578862371.284745 0.6858534 -2.1282413 1.8333545 0.1607017 -0.1079973 0.0136950 0.9809812
1578862371.449008 0.6796761 -2.1584575 1.8408155 0.1849806 -0.1427837 -0.0044893 0.9723039
1578862371.613272 0.6644608 -2.1865752 1.8417833 0.1985843 -0.2062171 -0.0101702 0.9580894
1578862371.777536 0.6510408 -2.2046309 1.8530854 0.1949570 -0.2285362 -0.0575583 0.9520767
1578862371.910066 0.6389334 -2.2214627 1.8542118 0.1967651 -0.2637381 -0.0770567 0.9411631
1578862372.074330 0.6219791 -2.2360911 1.8600967 0.1967849 -0.3018728 -0.1118283 0.9260902
1578862372.238593 0.6006120 -2.2508080 1.8596621 0.1994706 -0.3374089 -0.1461630 0.9082968
1578862372.371125 0.5836915 -2.2593431 1.8603220 0.2012607 -0.3594588 -0.1755422 0.8941300
1578862372.535388 0.5630899 -2.2683525 1.8613536 0.1936312 -0.3927485 -0.2002949 0.8764346
1578862372.634320 0.5499815 -2.2734628 1.8577945 0.1926148 -0.4106169 -0.2129431 0.8654181
1578862372.766850 0.5295094 -2.2835824 1.8605846 0.1897632 -0.4242111 -0.2330362 0.8542418
1578862373.095377 0.4768888 -2.3010430 1.8607588 0.1731554 -0.4608796 -0.2657714 0.8288382
1578862373.194309 0.4591578 -2.3062346 1.8605523 0.1743731 -0.4715516 -0.2725824 0.8203243
1578862373.556435 0.3888747 -2.3188426 1.8617474 0.1497881 -0.4951763 -0.3118154 0.7969537
1578862373.655366 0.3679967 -2.3173647 1.8631399 0.1423560 -0.5001903 -0.3218507 0.7911742
1578862373.754298 0.3482001 -2.3201895 1.8649633 0.1279114 -0.5041202 -0.3301918 0.7877023
1578862374.215356 0.2433426 -2.3247099 1.8755704 0.0972429 -0.5044668 -0.3735041 0.7723676
1578862374.314287 0.2186804 -2.3267651 1.8786952 0.0987031 -0.5027719 -0.3829480 0.7686540
1578862374.413219 0.1936934 -2.3260622 1.8821826 0.0951408 -0.5044450 -0.3895114 0.7646989
1578862374.512150 0.1691234 -2.3248770 1.8860409 0.0838151 -0.5052900 -0.3958811 0.7621911
1578862374.676414 0.1274602 -2.3258574 1.8906853 0.0750027 -0.5029384 -0.4079600 0.7582851
1578862374.907876 0.0658536 -2.3257320 1.9004718 0.0690411 -0.5088580 -0.4146169 0.7512587
1578862375.072140 0.0220206 -2.3282404 1.9060917 0.0659221 -0.5089372 -0.4207179 0.7480867
1578862375.335335 -0.0498726 -2.3312802 1.9164493 0.0634020 -0.5153185 -0.4211837 0.7436608
1578862375.434266 -0.0750844 -2.3324373 1.9214436 0.0571274 -0.5120817 -0.4265454 0.7433491
1578862375.533198 -0.1030066 -2.3345091 1.9261312 0.0651622 -0.5132096 -0.4275340 0.7413396
1578862375.632129 -0.1308889 -2.3380997 1.9281025 0.0736198 -0.5189767 -0.4236994 0.7387301
1578862375.928923 -0.2113326 -2.3504117 1.9362161 0.0820239 -0.5283034 -0.4204707 0.7330566
1578862376.059587 -0.2471452 -2.3532498 1.9416654 0.0805865 -0.5303305 -0.4222209 0.7307426
1578862376.225718 -0.2919884 -2.3607583 1.9467380 0.0761477 -0.5338072 -0.4205979 0.7296224
1578862376.554245 -0.3810279 -2.3724511 1.9626942 0.0686726 -0.5348134 -0.4235814 0.7278994
1578862376.686776 -0.4168184 -2.3788331 1.9671103 0.0690776 -0.5318940 -0.4266999 0.7281787
1578862376.851039 -0.4612918 -2.3832383 1.9763644 0.0682568 -0.5320587 -0.4279934 0.7273763
1578862377.015303 -0.5042605 -2.3901989 1.9840560 0.0564610 -0.5280866 -0.4327737 0.7284530
1578862377.312097 -0.5843182 -2.3958752 2.0020466 0.0486440 -0.5237641 -0.4403835 0.7275763
1578862377.476361 -0.6273153 -2.3999257 2.0105116 0.0412376 -0.5184286 -0.4471037 0.7277565
1578862377.640625 -0.6711147 -2.3994257 2.0230560 0.0349834 -0.5149913 -0.4537392 0.7264165
1578862377.773155 -0.7058485 -2.4012556 2.0310352 0.0227262 -0.5119079 -0.4563371 0.7274547
1578862377.937419 -0.7534266 -2.4078939 2.0363266 0.0368975 -0.5160682 -0.4510490 0.7272324
1578862378.135282 -0.8088410 -2.4154601 2.0430250 0.0443322 -0.5240480 -0.4413718 0.7270484
1578862378.333145 -0.8645437 -2.4250197 2.0459540 0.0589296 -0.5257078 -0.4376279 0.7270766
1578862378.497408 -0.9092592 -2.4257159 2.0548508 0.0520515 -0.5264330 -0.4375032 0.7271519
1578862378.661672 -0.9534464 -2.4298203 2.0603349 0.0437730 -0.5219461 -0.4416005 0.7284539
1578862378.893134 -1.0161327 -2.4260814 2.0725305 0.0390777 -0.5190160 -0.4469807 0.7275326
1578862379.057400 -1.0596987 -2.4270484 2.0773084 0.0316898 -0.5143422 -0.4524522 0.7278288
1578862379.255260 -1.1130770 -2.4262257 2.0854030 0.0357658 -0.5176815 -0.4512433 0.7260208
1578862379.453123 -1.1653398 -2.4275532 2.0876970 0.0306234 -0.5177271 -0.4507935 0.7265027
1578862379.617387 -1.2106160 -2.4269125 2.0920701 0.0417531 -0.5221719 -0.4458068 0.7258441
1578862379.815250 -1.2630868 -2.4286823 2.0924032 0.0393022 -0.5251132 -0.4412495 0.7266432
1578862379.979513 -1.3071433 -2.4295866 2.0926013 0.0522944 -0.5315199 -0.4340941 0.7254751
1578862380.210976 -1.3670719 -2.4325886 2.0910921 0.0474494 -0.5362848 -0.4286464 0.7255408
1578862380.375239 -1.4092222 -2.4315159 2.0926332 0.0499316 -0.5382237 -0.4259633 0.7255186
1578862380.606701 -1.4676859 -2.4299428 2.0919850 0.0523499 -0.5406795 -0.4288916 0.7217875
1578862380.836297 -1.5189606 -2.4349892 2.0818570 0.0433071 -0.5784582 -0.4071253 0.7055207
1578862381.034160 -1.5615323 -2.4318221 2.0720782 0.0560585 -0.5917522 -0.4244296 0.6830419
1578862381.232023 -1.5997066 -2.4215107 2.0619760 0.0476108 -0.6157826 -0.4371338 0.6538036
1578862381.396286 -1.6292107 -2.4099565 2.0562608 0.0525072 -0.6198411 -0.4720350 0.6246783
1578862381.560550 -1.6521533 -2.3943777 2.0485005 0.0420479 -0.6348525 -0.4984266 0.5888677
1578862381.792012 -1.6830921 -2.3778551 2.0299373 0.0355120 -0.6708738 -0.5136138 0.5337304
1578862381.956275 -1.7009914 -2.3663321 2.0145404 0.0329475 -0.6929998 -0.5247412 0.4932671
1578862382.154139 -1.7195525 -2.3467407 1.9982829 0.0299139 -0.7096131 -0.5494841 0.4400246
1578862382.352002 -1.7330372 -2.3280892 1.9816515 0.0279994 -0.7245433 -0.5700532 0.3863838
1578862382.648796 -1.7465553 -2.3012295 1.9544005 0.0115116 -0.7423308 -0.5934340 0.3108836
1578862382.813059 -1.7542882 -2.2816420 1.9405518 0.0169490 -0.7478602 -0.6033120 0.2764643
1578862382.977323 -1.7600210 -2.2636979 1.9260569 0.0062378 -0.7459764 -0.6170340 0.2504984
1578862383.109854 -1.7646408 -2.2473049 1.9152627 0.0116720 -0.7434678 -0.6272867 0.2315833
1578862383.208786 -1.7672057 -2.2350795 1.9067193 0.0105799 -0.7464249 -0.6287351 0.2177848
1578862383.373049 -1.7704830 -2.2159626 1.8869445 0.0021174 -0.7496857 -0.6315283 0.1978355
1578862383.505579 -1.7722335 -2.2006159 1.8705674 0.0044461 -0.7548296 -0.6301200 0.1821029
1578862383.669843 -1.7727342 -2.1794696 1.8507940 0.0019141 -0.7592440 -0.6304470 0.1614976
1578862383.933038 -1.7722270 -2.1441617 1.8178850 0.0006042 -0.7563840 -0.6399557 0.1354239
1578862384.031969 -1.7710805 -2.1291211 1.8063509 -0.0004394 -0.7572445 -0.6406516 0.1270671
1578862384.229833 -1.7716498 -2.1039033 1.7757708 -0.0110518 -0.7592939 -0.6401763 0.1162972
1578862384.493028 -1.7699234 -2.0634539 1.7370722 -0.0135659 -0.7636002 -0.6374167 0.1021308
1578862384.591959 -1.7702370 -2.0497565 1.7217801 -0.0186293 -0.7605147 -0.6416316 0.0978738
1578862384.855154 -1.7694564 -2.0058329 1.6814958 -0.0191175 -0.7617288 -0.6420413 0.0847750
1578862384.954086 -1.7708757 -1.9933007 1.6615713 -0.0234709 -0.7668288 -0.6362805 0.0810547
1578862385.151948 -1.7738204 -1.9672670 1.6196121 -0.0202012 -0.7836574 -0.6163486 0.0747486
1578862385.415143 -1.7799132 -1.9281254 1.5708479 -0.0250502 -0.7825818 -0.6183903 0.0673182
1578862385.547674 -1.7843981 -1.9046471 1.5488468 -0.0219631 -0.7800263 -0.6221318 0.0634712
1578862385.711938 -1.7897959 -1.8765821 1.5206393 -0.0300368 -0.7773289 -0.6256815 0.0581394
1578862386.008732 -1.8039038 -1.8325865 1.4607596 -0.0288804 -0.7833763 -0.6188076 0.0506428
1578862386.172995 -1.8120451 -1.8075399 1.4273180 -0.0349328 -0.7840090 -0.6178722 0.0484098
1578862386.337259 -1.8218675 -1.7790253 1.3970677 -0.0278858 -0.7831813 -0.6193979 0.0468589
1578862386.469790 -1.8309050 -1.7550805 1.3733242 -0.0288566 -0.7831175 -0.6196250 0.0442615
1578862386.798317 -1.8518753 -1.6934340 1.3166112 -0.0245026 -0.7731533 -0.6326294 0.0375993
1578862386.930848 -1.8588171 -1.6676996 1.2942554 -0.0292737 -0.7687715 -0.6378807 0.0352372
1578862387.095112 -1.8679733 -1.6373377 1.2638040 -0.0257198 -0.7670504 -0.6401901 0.0335984
1578862387.292974 -1.8791912 -1.5993824 1.2247450 -0.0285464 -0.7748155 -0.6306932 0.0327437
1578862387.490837 -1.8915455 -1.5638628 1.1823598 -0.0280576 -0.7777186 -0.6270370 0.0345142
1578862387.655101 -1.8987162 -1.5290082 1.1518135 -0.0289421 -0.7773440 -0.6275033 0.0337376
1578862387.819364 -1.9072385 -1.4946054 1.1223142 -0.0335993 -0.7670857 -0.6397727 0.0337847
1578862388.050827 -1.9154780 -1.4413986 1.0806680 -0.0343797 -0.7611058 -0.6469806 0.0308563
1578862388.215090 -1.9219592 -1.4076202 1.0453204 -0.0397321 -0.7583875 -0.6499162 0.0296440
1578862388.379354 -1.9285965 -1.3708336 1.0081581 -0.0341874 -0.7656207 -0.6417528 0.0284517
1578862388.610816 -1.9386792 -1.3216919 0.9551631 -0.0394657 -0.7656535 -0.6413684 0.0293901
1578862388.840411 -1.9481723 -1.2693582 0.9016690 -0.0368081 -0.7708580 -0.6351572 0.0315993
1578862389.071874 -1.9597104 -1.2223010 0.8406984 -0.0399457 -0.7769564 -0.6273983 0.0333830
1578862389.335069 -1.9715641 -1.1629395 0.7718372 -0.0413593 -0.7817830 -0.6213546 0.0319883
1578862389.532932 -1.9828484 -1.1217358 0.7171180 -0.0373032 -0.7897721 -0.6113447 0.0335596
1578862389.697196 -1.9920690 -1.0850588 0.6714686 -0.0434702 -0.7926762 -0.6071590 0.0336599
1578862389.861459 -2.0007360 -1.0523412 0.6235012 -0.0416433 -0.7954467 -0.6035343 0.0357313
1578862390.027589 -2.0112839 -1.0120643 0.5776768 -0.0415600 -0.7964790 -0.6021540 0.0361194
1578862390.257185 -2.0243006 -0.9584878 0.5143048 -0.0438257 -0.7909030 -0.6092280 0.0373237
1578862390.455048 -2.0359714 -0.9091624 0.4599450 -0.0571602 -0.7927807 -0.6055909 0.0386173
1578862390.718243 -2.0477240 -0.8445329 0.3928748 -0.0626764 -0.7824613 -0.6189249 0.0275325
1578862390.949705 -2.0505865 -0.7872897 0.3397933 0.0720508 0.7727500 0.6306027 0.0025242
1578862391.113968 -2.0531220 -0.7515568 0.2991019 0.0857001 0.7730141 0.6280452 0.0257672
1578862391.278232 -2.0497415 -0.7150178 0.2626574 0.0937512 0.7758293 0.6213471 0.0568112
1578862391.509695 -2.0430374 -0.6637962 0.2165248 0.0812464 0.7730115 0.6196165 0.1092141
1578862391.673958 -2.0315866 -0.6296954 0.1879226 0.0800007 0.7655709 0.6194350 0.1542775
1578862391.871821 -2.0182457 -0.5945194 0.1542501 0.0750688 0.7608033 0.6100969 0.2081462
1578862392.036084 -2.0000713 -0.5643929 0.1344613 0.0664908 0.7483323 0.6062059 0.2609449
1578862392.200348 -1.9810938 -0.5372643 0.1134660 0.0561005 0.7335240 0.6013510 0.3117246
1578862392.431811 -1.9525825 -0.4999480 0.0917985 0.0459854 0.7132952 0.5893248 0.3765523
1578862392.596074 -1.9289778 -0.4797949 0.0708513 0.0499384 0.6982350 0.5807443 0.4155842
1578862392.760338 -1.9030666 -0.4573772 0.0531454 0.0466727 0.6884153 0.5661349 0.4509958
1578862392.892868 -1.8798772 -0.4407455 0.0422046 0.0522619 0.6758513 0.5599958 0.4763385
1578862393.057132 -1.8497787 -0.4234693 0.0241956 0.0566311 0.6611524 0.5533583 0.5034530
1578862393.254995 -1.8091531 -0.3950796 0.0106010 0.0533143 0.6460111 0.5441142 0.5326979
1578862393.387526 -1.7801502 -0.3791275 0.0011339 0.0519140 0.6294588 0.5487063 0.5477298
1578862393.551789 -1.7417024 -0.3556764 -0.0059731 0.0362398 0.6174955 0.5455449 0.5654793
1578862393.749652 -1.6898086 -0.3364033 -0.0166292 0.0456675 0.6045072 0.5406704 0.5832333
1578862393.848583 -1.6629419 -0.3283701 -0.0247684 0.0480083 0.5997607 0.5366185 0.5916273
1578862394.012847 -1.6147190 -0.3134303 -0.0336577 0.0501031 0.5984980 0.5232130 0.6045973
1578862394.177111 -1.5663812 -0.2994556 -0.0387788 0.0491593 0.5832002 0.5281543 0.6152349
1578862394.309641 -1.5265698 -0.2870581 -0.0423322 0.0429199 0.5761697 0.5270538 0.6232180
1578862394.408573 -1.4950227 -0.2767186 -0.0405433 0.0425607 0.5702704 0.5266512 0.6289824
1578862394.572836 -1.4417952 -0.2637293 -0.0430403 0.0475990 0.5569034 0.5326712 0.6354954
1578862394.705367 -1.3972956 -0.2594224 -0.0478497 0.0515359 0.5585851 0.5248342 0.6402155
1578862394.869631 -1.3403586 -0.2501243 -0.0488952 0.0615987 0.5566363 0.5193557 0.6454698
1578862395.033894 -1.2825117 -0.2461249 -0.0508147 0.0654700 0.5518355 0.5196489 0.6489655
1578862395.132826 -1.2470299 -0.2404586 -0.0521573 0.0649249 0.5526344 0.5153949 0.6517270
1578862395.231757 -1.2119859 -0.2358429 -0.0477854 0.0634920 0.5491459 0.5150356 0.6550923
1578862395.330688 -1.1767949 -0.2321072 -0.0454039 0.0625614 0.5423298 0.5190992 0.6576477
1578862395.429620 -1.1412433 -0.2322888 -0.0448129 0.0645168 0.5407761 0.5182993 0.6593668
1578862395.593883 -1.0786356 -0.2316269 -0.0453790 0.0741552 0.5467515 0.5063031 0.6627374
1578862395.726414 -1.0284687 -0.2321743 -0.0431222 0.0801434 0.5440806 0.5051125 0.6651426
1578862395.890678 -0.9677910 -0.2319603 -0.0385071 0.0707980 0.5385534 0.5074392 0.6689196
1578862395.989609 -0.9301853 -0.2321243 -0.0339359 0.0702752 0.5385339 0.5048631 0.6709366
1578862396.120274 -0.8807961 -0.2341798 -0.0293658 0.0732107 0.5347015 0.5063580 0.6725594
1578862396.252804 -0.8295231 -0.2391425 -0.0285036 0.0766365 0.5349805 0.5045806 0.6732913
1578862396.351736 -0.7896507 -0.2421908 -0.0282877 0.0840077 0.5413200 0.4961408 0.6736168
1578862396.515999 -0.7249389 -0.2507626 -0.0282477 0.0939545 0.5433969 0.4900620 0.6750789
1578862396.680263 -0.6602995 -0.2585654 -0.0273509 0.0928910 0.5426905 0.4887964 0.6767100
1578862396.812794 -0.6072854 -0.2625834 -0.0238264 0.0955580 0.5452856 0.4836808 0.6779271
1578862396.977057 -0.5417463 -0.2709814 -0.0235639 0.1003474 0.5419901 0.4862087 0.6780695
1578862397.141321 -0.4755686 -0.2793989 -0.0242274 0.1060591 0.5488002 0.4791433 0.6767508
1578862397.273851 -0.4210800 -0.2849387 -0.0246979 0.1137649 0.5507554 0.4758263 0.6762509
1578862397.372783 -0.3812892 -0.2912392 -0.0277622 0.1155973 0.5501728 0.4762968 0.6760833
1578862397.537047 -0.3138729 -0.2997484 -0.0330390 0.1186889 0.5568769 0.4692686 0.6749727
1578862397.669577 -0.2604202 -0.3030961 -0.0355396 0.1221611 0.5565491 0.4679348 0.6755493
1578862397.833841 -0.1950837 -0.3105021 -0.0407842 0.1220638 0.5531691 0.4707526 0.6763848
1578862397.998105 -0.1272453 -0.3170983 -0.0484063 0.1309265 0.5613356 0.4603086 0.6751865
1578862398.097036 -0.0875433 -0.3221603 -0.0533225 0.1356476 0.5625826 0.4571305 0.6753757
1578862398.229567 -0.0369459 -0.3304944 -0.0657284 0.1397237 0.5650479 0.4533616 0.6750270
1578862398.393830 0.0284503 -0.3369966 -0.0768794 0.1444576 0.5717613 0.4445406 0.6742438
1578862398.558100 0.0912122 -0.3441077 -0.0887171 0.1477437 0.5697313 0.4452157 0.6748044
1578862398.789556 0.1787745 -0.3487292 -0.1063322 0.1469049 0.5711437 0.4424067 0.6756406
1578862398.953820 0.2383254 -0.3514972 -0.1184978 0.1452719 0.5655041 0.4465992 0.6779752
1578862399.118083 0.2943633 -0.3512958 -0.1275877 0.1329807 0.5619235 0.4514786 0.6802391
1578862399.349545 0.3721133 -0.3499471 -0.1431491 0.1296052 0.5548304 0.4571525 0.6829183
1578862399.579141 0.4466514 -0.3509719 -0.1640152 0.1332680 0.5605813 0.4493290 0.6827092
1578862399.711672 0.4872220 -0.3548247 -0.1782557 0.1456035 0.5630774 0.4433325 0.6820555
1578862399.875935 0.5340517 -0.3576256 -0.1977626 0.1487359 0.5657794 0.4386081 0.6821980
1578862400.040199 0.5827092 -0.3623920 -0.2194266 0.1664870 0.5766589 0.4217405 0.6796188
1578862400.172730 0.6184156 -0.3635029 -0.2344173 0.1706156 0.5687673 0.4277703 0.6814739
1578862400.370593 0.6714791 -0.3620983 -0.2561828 0.1687729 0.5690532 0.4261122 0.6827316
1578862400.534856 0.7134467 -0.3584275 -0.2714340 0.1836902 0.5495680 0.4438839 0.6835203
1578862400.732719 0.7595975 -0.3560895 -0.2878195 0.1947292 0.5200136 0.4646187 0.6897795
1578862400.896982 0.7944648 -0.3557602 -0.3000610 0.2153973 0.4879749 0.4732152 0.7011076
1578862401.061247 0.8269563 -0.3551068 -0.3121841 0.2232756 0.4629475 0.4712830 0.7167426
1578862401.292708 0.8655993 -0.3584797 -0.3179470 0.2375636 0.4103486 0.4653988 0.7473832
1578862401.391640 0.8785203 -0.3582325 -0.3180110 0.2305243 0.3938553 0.4532560 0.7656994
1578862401.524171 0.8920061 -0.3607450 -0.3135391 0.2224763 0.3683867 0.4336812 0.7916541
1578862401.951630 0.9278656 -0.3684478 -0.2919649 0.1955444 0.2929410 0.3507351 0.8677171
1578862402.149492 0.9358207 -0.3742467 -0.2787575 0.1863587 0.2493879 0.3115388 0.8977860
1578862402.709481 0.9446415 -0.3964209 -0.2339007 0.1474453 0.1637270 0.2011401 0.9544612
1578862402.873745 0.9470260 -0.4072773 -0.2122027 0.1420757 0.1477772 0.1731881 0.9633184
1578862403.071608 0.9491854 -0.4268123 -0.1922902 0.1375819 0.1285525 0.1520441 0.9702722
1578862403.170540 0.9496828 -0.4346125 -0.1747816 0.1302851 0.1247080 0.1350870 0.9742819
1578862403.235872 0.9500296 -0.4400172 -0.1638051 0.1250279 0.1193067 0.1258858 0.9768760
1578862403.433734 0.9501008 -0.4615519 -0.1320664 0.1065116 0.1028134 0.1069152 0.9831856
1578862403.566265 0.9510546 -0.4770390 -0.1049897 0.1002668 0.1009882 0.0864151 0.9860429
1578862403.894792 0.9522462 -0.5263746 -0.0395763 0.0855556 0.0837930 0.0637572 0.9907543
1578862403.993724 0.9535131 -0.5417759 -0.0156513 0.0855228 0.0816584 0.0569749 0.9913484
1578862404.191587 0.9586929 -0.5774027 0.0288290 0.0760215 0.0712928 0.0578648 0.9928694
1578862404.290518 0.9631031 -0.5950012 0.0516037 0.0740176 0.0716313 0.0542724 0.9931993
1578862404.652644 0.9817820 -0.6654862 0.1415946 0.0664686 0.0670368 0.0571687 0.9938912
1578862404.751576 0.9893481 -0.6854084 0.1683365 0.0683467 0.0713609 0.0538751 0.9936467
1578862404.915840 1.0023445 -0.7179253 0.2125140 0.0649926 0.0729625 0.0563268 0.9936195
1578862405.048370 1.0170083 -0.7464662 0.2447106 0.0605842 0.0770252 0.0588570 0.9934448
1578862405.147302 1.0288885 -0.7686751 0.2727718 0.0616596 0.0832046 0.0571983 0.9929771
1578862405.277966 1.0450954 -0.7948813 0.3076897 0.0601263 0.0864533 0.0602439 0.9926134
1578862405.444096 1.0699229 -0.8309561 0.3494843 0.0540994 0.0938662 0.0663856 0.9918948
1578862405.574760 1.0924755 -0.8587159 0.3841384 0.0547495 0.1032462 0.0660379 0.9909499
1578862405.772623 1.1278504 -0.8998556 0.4362424 0.0453163 0.1124769 0.0745075 0.9898202
1578862405.936887 1.1621274 -0.9330186 0.4783302 0.0422927 0.1266564 0.0756850 0.9881504
1578862406.069417 1.1909752 -0.9581459 0.5149662 0.0380578 0.1347703 0.0796961 0.9869332
1578862406.233681 1.2305285 -0.9905258 0.5561497 0.0266571 0.1456101 0.0891655 0.9849552
1578862406.397945 1.2724282 -1.0204920 0.5992861 0.0228416 0.1584882 0.0943312 0.9825789
1578862406.595808 1.3245816 -1.0544207 0.6502144 0.0106873 0.1689681 0.1088327 0.9795361
1578862406.793671 1.3817625 -1.0921531 0.6976143 0.0163345 0.1822782 0.1189144 0.9758930
1578862406.926201 1.4192667 -1.1162114 0.7285620 0.0164882 0.1877968 0.1304411 0.9733682
1578862407.090465 1.4670838 -1.1440902 0.7638334 0.0157867 0.1994001 0.1377628 0.9700577
1578862407.254728 1.5152898 -1.1699970 0.7985963 0.0185996 0.2114581 0.1424869 0.9667663
1578862407.418992 1.5628622 -1.1978693 0.8289286 0.0196882 0.2189147 0.1539274 0.9633250
1578862407.551523 1.6017791 -1.2187175 0.8527650 0.0222122 0.2276889 0.1586837 0.9604603
1578862407.715787 1.6493921 -1.2428029 0.8817098 0.0244662 0.2341280 0.1699752 0.9569190
1578862407.880050 1.6958647 -1.2681869 0.9074720 0.0250366 0.2429894 0.1800095 0.9528515
1578862408.111512 1.7616296 -1.2989317 0.9440975 0.0296187 0.2537206 0.1954237 0.9468676
1578862408.275776 1.8076365 -1.3215117 0.9670556 0.0299418 0.2628931 0.2063198 0.9420313
1578862408.473639 1.8603331 -1.3468639 0.9950447 0.0336790 0.2753237 0.2171586 0.9358979
1578862408.671501 1.9140865 -1.3717782 1.0168266 0.0362334 0.2845407 0.2331796 0.9291669
1578862408.835765 1.9562668 -1.3903286 1.0367486 0.0411440 0.2959741 0.2414672 0.9232551
1578862408.968296 1.9891918 -1.4055195 1.0498435 0.0443331 0.3006613 0.2552924 0.9178579
1578862409.132560 2.0300255 -1.4231064 1.0646918 0.0476064 0.3128285 0.2641793 0.9110880
1578862409.296823 2.0683796 -1.4376297 1.0793564 0.0528350 0.3209813 0.2779255 0.9038456
1578862409.429353 2.0990951 -1.4502145 1.0883825 0.0550110 0.3271318 0.2907453 0.8974552
1578862409.593617 2.1342998 -1.4634525 1.1001718 0.0585967 0.3395882 0.3001045 0.8894850
1578862409.757881 2.1699488 -1.4742203 1.1091318 0.0623253 0.3454849 0.3174937 0.8808823
1578862409.890412 2.1983547 -1.4841897 1.1135850 0.0702416 0.3536452 0.3275736 0.8733251
1578862410.054675 2.2310519 -1.4948583 1.1180525 0.0833234 0.3625054 0.3406186 0.8634964
1578862410.218938 2.2616556 -1.5036852 1.1208724 0.0946731 0.3695543 0.3541422 0.8538442
1578862410.351470 2.2853525 -1.5086507 1.1219090 0.1046623 0.3748580 0.3647701 0.8458546
1578862410.515733 2.3127236 -1.5133421 1.1209531 0.1176437 0.3813251 0.3771781 0.8357559
1578862410.713596 2.3427203 -1.5181743 1.1189878 0.1335229 0.3898243 0.3901036 0.8234245
1578862410.846127 2.3619289 -1.5205901 1.1155841 0.1440587 0.3951525 0.3982292 0.8151780
1578862411.010390 2.3839626 -1.5220295 1.1114620 0.1569103 0.4022201 0.4069810 0.8049625
1578862411.471448 2.4373708 -1.5222905 1.0978096 0.1924518 0.4217553 0.4265777 0.7766055
1578862411.635712 2.4538326 -1.5218025 1.0929173 0.2052685 0.4278669 0.4323221 0.7667415
1578862411.799975 2.4704437 -1.5209514 1.0879623 0.2179466 0.4330541 0.4374857 0.7573439
1578862411.932506 2.4831600 -1.5206751 1.0843059 0.2283528 0.4366727 0.4412687 0.7499692
1578862412.591427 2.5422769 -1.5238582 1.0711808 0.2824860 0.4481248 0.4544285 0.7161568
1578862412.755691 2.5575387 -1.5267826 1.0689077 0.2952755 0.4502927 0.4552014 0.7091125
1578862412.953553 2.5768626 -1.5308321 1.0665684 0.3102610 0.4526931 0.4549215 0.7013227
1578862413.612474 2.6429234 -1.5560777 1.0663433 0.3546806 0.4615155 0.4415587 0.6828113
1578862414.138864 2.6905453 -1.5840147 1.0685320 0.3830860 0.4701521 0.4184639 0.6760844
1578862414.534590 2.7237618 -1.6108828 1.0689163 0.3988377 0.4778563 0.3966113 0.6747454
1578862414.698853 2.7388191 -1.6144841 1.0720930 0.4047704 0.4810032 0.3855807 0.6753698
1578862414.930316 2.7569418 -1.6263938 1.0729129 0.4112896 0.4858155 0.3701989 0.6765921
1578862415.654568 2.8013499 -1.6537100 1.0757797 0.4229932 0.5029590 0.3149004 0.6847968
1578862415.787099 2.8053174 -1.6600387 1.0783803 0.4232017 0.5069512 0.3031861 0.6870072
1578862416.248157 2.8225403 -1.6654582 1.0793717 0.4231823 0.5193124 0.2624499 0.6945152
1578862416.477753 2.8217225 -1.6702908 1.0777593 0.4211992 0.5256742 0.2415883 0.6984933
1578862418.290251 2.7468352 -1.5160820 1.0756149 0.3765939 0.5701461 0.0909148 0.7244619
1578862418.553446 2.7426639 -1.5184066 1.0796492 0.3526016 0.5682628 0.0987932 0.7368782
1578862418.850241 2.7542357 -1.4772998 1.0787425 0.3145894 0.5484014 0.1530453 0.7595174
1578862420.035551 2.8715501 -1.3713251 1.1068804 0.1370898 0.4587492 0.3266642 0.8148902
1578862420.233414 2.8949986 -1.3592213 1.1121519 0.1167335 0.4555019 0.3306895 0.8182517
1578862420.496615 2.9261341 -1.3481027 1.1179059 0.0997824 0.4496076 0.3289562 0.8244298
1578862420.694472 2.9495182 -1.3414044 1.1217766 0.0916712 0.4456730 0.3243470 0.8293196
1578862420.892335 2.9750361 -1.3362033 1.1264626 0.0838238 0.4438135 0.3178504 0.8336512
1578862421.288061 3.0370018 -1.3288113 1.1312875 0.0769310 0.4559486 0.3161269 0.8284059
1578862422.210176 3.1374216 -1.3320808 1.1239524 0.0855296 0.4325400 0.3479649 0.8273538
1578862422.671234 3.1646800 -1.3283192 1.1174501 0.0676846 0.4214532 0.3306375 0.8417095
1578862422.934430 3.1875043 -1.3256177 1.1175877 0.0507825 0.4149166 0.3251628 0.8482538
1578862423.132293 3.2056985 -1.3260401 1.1188160 0.0421481 0.4071389 0.3255175 0.8523496
1578862423.395487 3.2304671 -1.3333620 1.1185143 0.0548617 0.3900861 0.3329295 0.8567269
1578862423.593350 3.2463048 -1.3418498 1.1160508 0.0744393 0.3746666 0.3393388 0.8596120
1578862423.989076 3.2728736 -1.3541589 1.1099224 0.1047915 0.3525797 0.3398384 0.8655728
1578862424.252271 3.2868111 -1.3604729 1.1034207 0.1222604 0.3384015 0.3396944 0.8689906
1578862424.812261 3.3024156 -1.3726561 1.0844702 0.1714137 0.3158647 0.3324571 0.8719628
1578862425.109055 3.3038542 -1.3743372 1.0711604 0.1975043 0.3113474 0.3293888 0.8692283
1578862425.338650 3.3030045 -1.3726110 1.0569860 0.2219750 0.3104255 0.3322464 0.8625401
1578862425.669044 3.3207021 -1.3565320 1.0366194 0.2510897 0.3201113 0.3450153 0.8458411
1578862426.130102 3.3702362 -1.2925118 1.0024345 0.2404958 0.3777289 0.3847980 0.8071017
1578862426.393297 3.3975153 -1.2450098 0.9822335 0.2187934 0.4066835 0.4031723 0.7900569
1578862426.656492 3.4161315 -1.1895924 0.9538972 0.1936023 0.4340944 0.4184529 0.7739362
1578862426.919688 3.4284587 -1.1295421 0.9213831 0.1743134 0.4613458 0.4405125 0.7501491
1578862427.216482 3.4349473 -1.0672922 0.8783925 0.1636549 0.4868850 0.4678096 0.7192456
1578862427.513276 3.4402413 -1.0119467 0.8422453 0.1561936 0.5076398 0.4841405 0.6953514
1578862427.776471 3.4444342 -0.9652390 0.8139584 0.1392175 0.5315307 0.4924159 0.6749964
1578862428.007934 3.4393721 -0.9234219 0.7891490 0.1126153 0.5581353 0.4993169 0.6530586
1578862428.172197 3.4314511 -0.8962154 0.7706127 0.0939286 0.5725794 0.5030859 0.6404957
1578862428.336461 3.4225817 -0.8736045 0.7533963 0.0804502 0.5803016 0.5066473 0.6325238
1578862428.732187 3.4087663 -0.8273077 0.6978481 0.0845992 0.5921189 0.5258219 0.6047723
1578862428.864717 3.4063244 -0.8127909 0.6762366 0.0886517 0.5997178 0.5336118 0.5896930
1578862429.028981 3.4022727 -0.7959437 0.6495919 0.0899793 0.6095267 0.5411497 0.5723092
1578862429.193244 3.4002628 -0.7787988 0.6243298 0.0876298 0.6158040 0.5485708 0.5587276
1578862429.391107 3.4002090 -0.7577901 0.5951817 0.0791918 0.6176109 0.5600178 0.5465030
1578862429.588970 3.3981342 -0.7357719 0.5685983 0.0679415 0.6144789 0.5757914 0.5350365
1578862429.885764 3.3903110 -0.7021415 0.5318990 0.0526392 0.6028413 0.6055744 0.5168086
1578862430.050028 3.3867440 -0.6831367 0.5119829 0.0469846 0.5967675 0.6202936 0.5068500
1578862430.214292 3.3859549 -0.6628995 0.4915450 0.0413574 0.5919628 0.6357659 0.4936309
1578862430.313223 3.3868811 -0.6494305 0.4801533 0.0380552 0.5905756 0.6437669 0.4851149
1578862430.412155 3.3876557 -0.6361833 0.4670444 0.0349086 0.5896992 0.6509253 0.4767940
1578862430.511086 3.3899877 -0.6235356 0.4546633 0.0321565 0.5901266 0.6567716 0.4683670
1578862430.610018 3.3924193 -0.6107624 0.4415932 0.0309307 0.5914198 0.6618719 0.4595559
1578862431.071075 3.3988037 -0.5578814 0.3837473 0.0311617 0.6059703 0.6762539 0.4177436
1578862431.466801 3.4007847 -0.5206072 0.3406320 0.0295703 0.6217290 0.6816821 0.3845623
1578862431.597466 3.4019699 -0.5094228 0.3284392 0.0267491 0.6259907 0.6832865 0.3748861
1578862431.696397 3.4031987 -0.5027919 0.3195083 0.0245657 0.6296992 0.6835684 0.3682520
1578862431.993191 3.4057820 -0.4841001 0.2944326 0.0201844 0.6418540 0.6838735 0.3463136
1578862432.191055 3.4080384 -0.4754021 0.2791672 0.0176372 0.6482447 0.6837647 0.3345649
1578862432.553181 3.4159439 -0.4673853 0.2562463 0.0163316 0.6572261 0.6811350 0.3222458
1578862432.784643 3.4235458 -0.4648762 0.2431345 0.0171673 0.6610337 0.6797281 0.3173475
1578862433.311034 3.4475374 -0.4635067 0.2105160 0.0245228 0.6691436 0.6753418 0.3091260
1578862434.727807 3.5025284 -0.4497962 0.0947807 0.0270624 0.6800879 0.6670470 0.3029791
1578862434.892070 3.5064020 -0.4468575 0.0807660 0.0254634 0.6808867 0.6658100 0.3040428
1578862435.188865 3.5105472 -0.4418044 0.0561657 0.0250868 0.6831166 0.6629236 0.3053767
1578862435.353128 3.5120494 -0.4395397 0.0425594 0.0258436 0.6844167 0.6616740 0.3051120
1578862435.517392 3.5136666 -0.4372022 0.0301313 0.0276169 0.6862064 0.6599319 0.3047097
1578862436.077381 3.5192146 -0.4332404 -0.0022931 0.0314216 0.6906565 0.6528988 0.3094018
1578862436.308843 3.5236433 -0.4317069 -0.0110183 0.0322671 0.6897262 0.6514373 0.3144298
1578862437.230959 3.5486267 -0.4384904 -0.0377793 0.0598924 0.6956514 0.6385700 0.3235899
1578862438.054143 3.5698171 -0.4500322 -0.0536199 0.0651161 0.6984950 0.6256918 0.3411370
1578862439.273054 3.5502172 -0.4409654 -0.0867946 0.0708723 0.6995831 0.6126972 0.3607807
1578862439.931974 3.5173652 -0.4191434 -0.0995452 0.0645356 0.7019563 0.6118929 0.3587193
1578862440.294101 3.5020266 -0.4053569 -0.1031456 0.0614039 0.7045686 0.6086712 0.3596277
1578862440.854090 3.4866986 -0.3820188 -0.1077249 0.0541254 0.7112084 0.6020080 0.3589421
1578862441.710875 3.5030401 -0.3376021 -0.1113467 0.0192247 0.7219039 0.5971234 0.3491830
1578862442.270864 3.5340443 -0.3144469 -0.1057365 0.0026782 0.7132831 0.6027452 0.3576566
1578862444.774017 3.6350880 -0.1976950 -0.1592038 0.0257419 0.6993813 0.6028113 0.3831731
1578862448.365416 3.7441213 -0.0287752 -0.1734493 0.0201712 0.6943336 0.6132460 0.3760630
1578862448.693943 3.7410593 -0.0169666 -0.1772387 0.0180269 0.6930378 0.6167468 0.3728229
1578862449.386463 3.7140658 0.0208712 -0.1920631 -0.0029298 0.6967570 0.6229077 0.3556783
1578862449.813922 3.6864398 0.0469499 -0.2091331 -0.0070217 0.6934388 0.6334631 0.3432462
1578862450.274980 3.6539979 0.0749173 -0.2302210 0.0048628 0.6914989 0.6379176 0.3389200
1578862450.571774 3.6331291 0.0920513 -0.2470505 0.0115609 0.6950485 0.6311010 0.3442174
1578862451.428558 3.5811222 0.1515260 -0.2961779 -0.0100384 0.7106436 0.5908306 0.3818432
1578862451.658153 3.5712523 0.1662059 -0.3059809 -0.0132049 0.7111686 0.5833783 0.3920902
1578862451.988547 3.5567980 0.1792274 -0.3193126 0.0000808 0.7049853 0.5825188 0.4045584
1578862452.449605 3.5379090 0.1974425 -0.3339696 0.0212923 0.6949886 0.5924025 0.4069358
1578862453.173858 3.5276706 0.2076306 -0.3432903 0.0395579 0.6896886 0.5871041 0.4219878
1578862454.491699 3.6062262 0.2264502 -0.3313229 0.0095957 0.6848484 0.5884572 0.4296611
1578862455.051689 3.6671834 0.2238557 -0.3270874 0.0291310 0.6742172 0.5958133 0.4354184
1578862455.249552 3.6893616 0.2235730 -0.3265796 0.0426630 0.6704962 0.5999890 0.4343131
1578862455.908472 3.7586858 0.2312047 -0.3320043 0.0541771 0.6664869 0.6102828 0.4247527
1578862456.138068 3.7822049 0.2363579 -0.3359497 0.0461029 0.6710146 0.6085629 0.4210286
1578862456.599132 3.8261700 0.2477949 -0.3495607 0.0271936 0.6861680 0.6038120 0.4047778
1578862456.830588 3.8454080 0.2540221 -0.3565452 0.0197141 0.6894544 0.6045135 0.3985317
1578862457.489508 3.8949003 0.2627616 -0.3762550 0.0131909 0.7006803 0.5997424 0.3862412
1578862457.687372 3.9078758 0.2654860 -0.3814204 0.0133908 0.7021714 0.6005136 0.3823079
1578862457.916967 3.9224963 0.2666237 -0.3861029 0.0141677 0.7022555 0.5999727 0.3829742
1578862458.312693 3.9446952 0.2626359 -0.3917906 0.0279059 0.7033609 0.5938395 0.3896914
1578862458.510562 3.9511678 0.2605176 -0.3955085 0.0373873 0.7055716 0.5904474 0.3900550
1578862459.729466 3.9621518 0.2564301 -0.4316847 0.0468128 0.7125927 0.5833849 0.3868880
1578862459.992661 3.9599843 0.2582998 -0.4422121 0.0377276 0.7127102 0.5783405 0.3951495
1578862460.289455 3.9540224 0.2624338 -0.4571469 0.0352818 0.7118657 0.5744679 0.4024786
1578862460.750513 3.9389648 0.2752905 -0.4840810 0.0357322 0.7074112 0.5788582 0.4039998
1578862461.013708 3.9272823 0.2872343 -0.5000336 0.0317458 0.7057351 0.5827573 0.4016516
1578862461.310503 3.9128957 0.3037732 -0.5190792 0.0251619 0.7068613 0.5835152 0.3990287
1578862461.836892 3.8853855 0.3362286 -0.5552154 0.0108502 0.7159590 0.5752729 0.3954062
1578862462.133686 3.8719442 0.3518417 -0.5796065 0.0185061 0.7273357 0.5614192 0.3942699
1578862462.396882 3.8735404 0.3715231 -0.6053860 0.0203701 0.7357848 0.5494076 0.3954203
1578862462.628344 3.8863842 0.3902445 -0.6355238 0.0327850 0.7350512 0.5477997 0.3981712
1578862462.857939 3.9082103 0.4127209 -0.6707497 0.0445742 0.7443060 0.5347804 0.3975319
1578862463.089401 3.9378591 0.4269121 -0.7167912 0.0616567 0.7525759 0.5234754 0.3947169
1578862463.352596 3.9811678 0.4528081 -0.7651868 0.0804560 0.7535088 0.5214163 0.3922708
1578862463.550459 4.0183620 0.4751496 -0.8006229 0.0867262 0.7494751 0.5279928 0.3898580
1578862463.714722 4.0533309 0.5010166 -0.8236585 0.0880972 0.7375025 0.5437027 0.3907894
1578862463.946185 4.1063833 0.5358016 -0.8567934 0.0825119 0.7219712 0.5644001 0.3916656
1578862464.209380 4.1732373 0.5774436 -0.8904672 0.0795763 0.7020540 0.5874310 0.3946045
1578862464.438976 4.2367735 0.6149797 -0.9216709 0.0753787 0.6957792 0.5941765 0.3964387
1578862464.571506 4.2749605 0.6353993 -0.9424000 0.0798112 0.6897131 0.6016287 0.3949291
1578862464.735770 4.3230948 0.6628675 -0.9668026 0.0718211 0.6883989 0.6047437 0.3939972
1578862464.834701 4.3533511 0.6822844 -0.9778376 0.0710315 0.6839131 0.6098825 0.3940315
1578862464.967232 4.3934121 0.7076468 -0.9941659 0.0665962 0.6735771 0.6222328 0.3933004
1578862465.066164 4.4227080 0.7247343 -1.0084591 0.0619715 0.6716121 0.6252316 0.3926604
1578862465.131495 4.4438715 0.7360809 -1.0198240 0.0602058 0.6749539 0.6215755 0.3930094
1578862465.230427 4.4760027 0.7548082 -1.0334787 0.0603565 0.6767638 0.6191406 0.3937165
1578862465.295759 4.4972024 0.7656922 -1.0446968 0.0610364 0.6771669 0.6186290 0.3937229
1578862465.394691 4.5287452 0.7810848 -1.0632401 0.0616669 0.6769009 0.6190192 0.3934688
1578862465.527221 4.5713272 0.8043594 -1.0860381 0.0592311 0.6795673 0.6165434 0.3931338
1578862465.592553 4.5926776 0.8180590 -1.0947928 0.0590024 0.6784227 0.6175692 0.3935348
1578862465.691485 4.6248131 0.8387206 -1.1071882 0.0577483 0.6734186 0.6231003 0.3935970
1578862465.756817 4.6460071 0.8512943 -1.1180329 0.0582487 0.6701633 0.6270505 0.3928052
1578862465.855748 4.6775804 0.8690023 -1.1353030 0.0554566 0.6698528 0.6281990 0.3919028
1578862465.988279 4.7220473 0.8945606 -1.1592636 0.0571172 0.6768649 0.6206012 0.3917215
1578862466.087211 4.7549620 0.9138451 -1.1765904 0.0595915 0.6777117 0.6192284 0.3920611
1578862466.251474 4.8075647 0.9457216 -1.2037921 0.0546642 0.6706727 0.6265455 0.3932565
1578862466.316806 4.8289156 0.9588976 -1.2148266 0.0511830 0.6721391 0.6250456 0.3936081
1578862466.449337 4.8722000 0.9852881 -1.2375760 0.0535662 0.6755870 0.6210006 0.3937907
1578862466.712532 4.9542236 1.0334935 -1.2912474 0.0586948 0.6811190 0.6162335 0.3910090
1578862467.009326 5.0446439 1.0940590 -1.3480024 0.0613044 0.6818110 0.6165822 0.3888470
1578862467.272521 5.1214113 1.1567535 -1.3867064 0.0556825 0.6713265 0.6277934 0.3899943
1578862467.470384 5.1752300 1.2016888 -1.4214478 0.0563596 0.6638260 0.6367050 0.3882851
1578862467.634647 5.2197161 1.2390289 -1.4528699 0.0588224 0.6713548 0.6290730 0.3874144
1578862467.733579 5.2460260 1.2582545 -1.4748435 0.0647486 0.6747724 0.6256909 0.3860061
1578862467.866110 5.2782259 1.2803283 -1.5091400 0.0711493 0.6876077 0.6125831 0.3832432
1578862468.030373 5.3172092 1.3108120 -1.5496473 0.0808704 0.7043792 0.5938699 0.3803006
1578862468.194636 5.3547506 1.3403683 -1.5875454 0.0866376 0.7046930 0.5934452 0.3791100
1578862468.358900 5.3896723 1.3740845 -1.6219831 0.0860353 0.7078958 0.5902338 0.3782931
1578862468.491431 5.4182611 1.4003596 -1.6488242 0.0890224 0.7078118 0.5895461 0.3788308
1578862468.655694 5.4514642 1.4304042 -1.6838083 0.0890237 0.7037117 0.5939949 0.3795190
1578862468.819958 5.4852271 1.4603286 -1.7199616 0.0936366 0.7116964 0.5831689 0.3803084
1578862468.986088 5.5181594 1.4886484 -1.7554016 0.0957610 0.7078559 0.5864557 0.3818895
1578862469.150352 5.5504513 1.5191464 -1.7888494 0.0939610 0.7084888 0.5860264 0.3818220
1578862469.314615 5.5849586 1.5510774 -1.8172865 0.0966831 0.7028438 0.5918535 0.3825865
1578862469.611409 5.6461601 1.6069589 -1.8702135 0.0959528 0.6998709 0.5958412 0.3820301
1578862469.775673 5.6816678 1.6374712 -1.8985949 0.0974181 0.6934633 0.6032795 0.3816702
1578862469.908204 5.7105722 1.6623259 -1.9207511 0.0923649 0.6933666 0.6048417 0.3806283
1578862470.072467 5.7490273 1.6920352 -1.9487715 0.0961709 0.6956740 0.6014891 0.3807883
1578862470.236737 5.7883921 1.7194314 -1.9771080 0.0941749 0.6932749 0.6046258 0.3806949
1578862470.369261 5.8223038 1.7420740 -2.0001545 0.0917899 0.6994690 0.5974994 0.3811984
1578862470.533525 5.8661728 1.7699270 -2.0255513 0.0933311 0.6969870 0.5988924 0.3831792
1578862470.632456 5.8924093 1.7835884 -2.0443192 0.0948746 0.6973045 0.5983117 0.3831297
1578862470.731387 5.9199047 1.7978129 -2.0645819 0.0954964 0.7056235 0.5890672 0.3820677
1578862470.830319 5.9482470 1.8122978 -2.0834217 0.0994119 0.7113599 0.5821466 0.3810377
1578862470.929250 5.9767418 1.8259649 -2.1036572 0.1025219 0.7122134 0.5809425 0.3804565
1578862471.028182 6.0040936 1.8388996 -2.1248531 0.1030705 0.7140468 0.5794483 0.3791482
1578862471.192452 6.0537710 1.8642507 -2.1565185 0.1027600 0.7182810 0.5753090 0.3775346
1578862471.291377 6.0838766 1.8808250 -2.1738544 0.1027967 0.7151776 0.5789145 0.3779046
1578862471.390308 6.1137218 1.8966413 -2.1922708 0.1025454 0.7102605 0.5850611 0.3777802
1578862471.489240 6.1430531 1.9134622 -2.2109365 0.0983059 0.7090651 0.5871751 0.3778730
1578862471.653503 6.1951094 1.9418259 -2.2395010 0.0974822 0.7073215 0.5881108 0.3798939
1578862471.786034 6.2354774 1.9648862 -2.2655382 0.0973125 0.7012081 0.5947457 0.3809398
1578862471.950297 6.2863412 1.9925699 -2.2997079 0.0935275 0.7032341 0.5932955 0.3804141
1578862472.114561 6.3362398 2.0255222 -2.3299503 0.0849701 0.7008278 0.5955822 0.3832784
1578862472.278825 6.3830605 2.0552421 -2.3624115 0.0797094 0.7004189 0.5920884 0.3905010
1578862472.411355 6.4228134 2.0724669 -2.3906999 0.1032755 0.6970061 0.5847606 0.4019598
1578862472.510286 6.4515800 2.0873013 -2.4100127 0.0975788 0.6978951 0.5757613 0.4146320
1578862472.674550 6.4966578 2.1087666 -2.4427347 0.0943839 0.6986375 0.5597253 0.4355513
1578862472.807081 6.5331125 2.1208882 -2.4690094 0.1176152 0.6917964 0.5463694 0.4572362
1578862472.906012 6.5594530 2.1297750 -2.4876499 0.1236119 0.6895909 0.5326961 0.4747835
1578862473.036676 6.5906162 2.1378937 -2.5148935 0.1305158 0.6866838 0.5135591 0.4976828
1578862473.135608 6.6138678 2.1413131 -2.5321221 0.1472327 0.6774152 0.5013699 0.5177445
1578862473.234539 6.6375384 2.1460314 -2.5462427 0.1587398 0.6654069 0.4906043 0.5397617
1578862473.367070 6.6674781 2.1532485 -2.5616155 0.1476928 0.6529737 0.4736916 0.5722136
1578862473.531334 6.7016563 2.1624382 -2.5783348 0.1455674 0.6315839 0.4565403 0.6094940
1578862473.695597 6.7333498 2.1642618 -2.5943699 0.1603329 0.6109076 0.4288579 0.6458840
1578862473.828128 6.7548380 2.1608274 -2.6100891 0.1679408 0.5928400 0.4071071 0.6742408
1578862473.992391 6.7806993 2.1604335 -2.6213324 0.1787060 0.5662662 0.3846130 0.7067387
1578862474.091323 6.7938285 2.1568034 -2.6279082 0.2064882 0.5332270 0.3852122 0.7243226
1578862474.223854 6.8076634 2.1461558 -2.6394749 0.2355452 0.4914057 0.3793412 0.7477561
1578862474.289185 6.8123655 2.1390667 -2.6451926 0.2540281 0.4629986 0.3804412 0.7591881
1578862474.388117 6.8174229 2.1291800 -2.6500819 0.2850104 0.4091834 0.3848607 0.7766725
1578862474.453449 6.8176603 2.1221762 -2.6528728 0.3006366 0.3753243 0.3859175 0.7872846
1578862474.552381 6.8162737 2.1092787 -2.6583896 0.3153910 0.3258854 0.3805455 0.8059233
1578862474.617713 6.8137054 2.1011305 -2.6602478 0.3215076 0.2935017 0.3767262 0.8176595
1578862474.684911 6.8095393 2.0924604 -2.6629961 0.3297309 0.2537776 0.3763398 0.8277940
1578862474.750243 6.8044233 2.0837874 -2.6626911 0.3396849 0.2065471 0.3780633 0.8360745
1578862474.849175 6.7962265 2.0753918 -2.6632328 0.3467045 0.1482051 0.3765318 0.8462003
1578862474.914507 6.7933035 2.0701370 -2.6602578 0.3447106 0.1263288 0.3672263 0.8546113
1578862474.948106 6.7920713 2.0667000 -2.6581399 0.3423770 0.1180051 0.3600496 0.8597773
1578862475.013438 6.7877073 2.0609374 -2.6536136 0.3361949 0.1033002 0.3452372 0.8701226
1578862475.112370 6.7773552 2.0507879 -2.6480727 0.3333615 0.0714242 0.3229470 0.8828782
1578862475.177702 6.7710776 2.0425730 -2.6400759 0.3347313 0.0525791 0.3052899 0.8899373
1578862475.244901 6.7643080 2.0341363 -2.6354780 0.3356456 0.0455459 0.2830483 0.8973022
1578862475.310233 6.7593651 2.0256991 -2.6296453 0.3381427 0.0400283 0.2621591 0.9029562
1578862475.409164 6.7498350 2.0122313 -2.6237688 0.3378121 0.0197741 0.2363220 0.9108479
1578862475.573427 6.7262001 1.9879296 -2.6142559 0.3428306 -0.0304805 0.1995832 0.9174446
1578862475.638760 6.7172294 1.9791861 -2.6100192 0.3458334 -0.0465749 0.1829717 0.9191036
1578862475.705958 6.7068520 1.9687010 -2.6038337 0.3479682 -0.0613247 0.1645517 0.9209127
1578862475.771291 6.6964836 1.9591160 -2.6023510 0.3489706 -0.0755946 0.1452567 0.9227164
1578862475.870222 6.6790600 1.9454637 -2.6001482 0.3490064 -0.0925007 0.1146483 0.9254696
1578862475.935554 6.6685390 1.9353299 -2.5961208 0.3515905 -0.1049091 0.0972733 0.9251574
1578862476.034486 6.6511426 1.9201661 -2.5851965 0.3527907 -0.1235910 0.0722986 0.9246821
1578862476.133417 6.6329508 1.9085214 -2.5742037 0.3432315 -0.1424151 0.0505231 0.9270154
1578862476.232348 6.6171703 1.8962665 -2.5644393 0.3326516 -0.1575123 0.0282750 0.9293725
1578862476.331280 6.5981116 1.8807170 -2.5532312 0.3322710 -0.1655893 0.0046662 0.9285227
1578862476.430211 6.5801897 1.8640947 -2.5407085 0.3329667 -0.1772429 -0.0162987 0.9259873
1578862476.495543 6.5685191 1.8555624 -2.5277100 0.3262478 -0.1865133 -0.0288587 0.9262518
1578862476.594475 6.5458007 1.8407155 -2.5242033 0.3165985 -0.2009989 -0.0440321 0.9259730
1578862476.727005 6.5219946 1.8197496 -2.5134506 0.3147641 -0.2093403 -0.0709110 0.9230774
1578862477.253395 6.4084206 1.7506442 -2.4304516 0.2623179 -0.2386120 -0.1530230 0.9224086
1578862477.352327 6.3881564 1.7337420 -2.4161048 0.2495944 -0.2476550 -0.1592592 0.9225000
1578862477.615522 6.3311396 1.6959089 -2.3777742 0.2339265 -0.2516927 -0.1909155 0.9195001
1578862477.748052 6.3011765 1.6802648 -2.3557158 0.2121063 -0.2589448 -0.1994827 0.9209588
1578862477.846984 6.2835026 1.6699289 -2.3384726 0.1938391 -0.2584234 -0.2108974 0.9225866
1578862477.977648 6.2503557 1.6526347 -2.3163276 0.1915352 -0.2601493 -0.2249072 0.9192678
1578862478.076579 6.2267499 1.6392097 -2.3018622 0.1864083 -0.2674317 -0.2298778 0.9169997
1578862478.373374 6.1588078 1.6063050 -2.2500701 0.1586888 -0.2706042 -0.2542634 0.9148450
1578862478.472305 6.1372814 1.5992669 -2.2284958 0.1470707 -0.2750664 -0.2581341 0.9143716
1578862478.571237 6.1159539 1.5894505 -2.2076511 0.1286363 -0.2773360 -0.2596440 0.9160362
1578862478.769100 6.0698962 1.5712872 -2.1643772 0.1140732 -0.2725541 -0.2759823 0.9146231
1578862478.868031 6.0471268 1.5634251 -2.1408472 0.1054626 -0.2765130 -0.2773445 0.9140559
1578862479.097626 5.9950438 1.5390079 -2.0873337 0.0814710 -0.2750917 -0.2873165 0.9138579
1578862479.230157 5.9617858 1.5281568 -2.0521529 0.0738250 -0.2787347 -0.2920324 0.9119068
1578862479.329089 5.9395881 1.5207711 -2.0236082 0.0602846 -0.2809485 -0.2932648 0.9118276
1578862479.558684 5.8874073 1.5003666 -1.9588673 0.0411073 -0.2751739 -0.3085764 0.9095989
1578862479.691215 5.8563814 1.4909587 -1.9176111 0.0284356 -0.2776017 -0.3101156 0.9088218
1578862479.790146 5.8324585 1.4766999 -1.8890966 0.0191108 -0.2781447 -0.3093406 0.9091637
1578862479.889078 5.8098454 1.4639560 -1.8588406 0.0167802 -0.2728820 -0.3168994 0.9082008
1578862480.053341 5.7707672 1.4486960 -1.8018335 0.0096323 -0.2701540 -0.3222285 0.9072447
1578862480.152273 5.7485366 1.4377087 -1.7674470 -0.0033075 -0.2679297 -0.3228147 0.9077408
1578862480.251204 5.7263541 1.4242895 -1.7355973 -0.0090301 -0.2641928 -0.3264489 0.9074975
1578862480.415468 5.6877537 1.4058818 -1.6758661 -0.0155916 -0.2631311 -0.3314207 0.9059135
1578862480.547999 5.6556816 1.3902980 -1.6277595 -0.0270807 -0.2625919 -0.3315466 0.9057533
1578862480.712262 5.6156769 1.3656455 -1.5707983 -0.0311649 -0.2597455 -0.3363948 0.9046544
1578862480.876526 5.5750608 1.3487641 -1.5086030 -0.0377240 -0.2595478 -0.3382595 0.9037657
1578862481.042656 5.5294533 1.3185769 -1.4535189 -0.0413681 -0.2597931 -0.3364600 0.9042073
1578862481.173320 5.4914446 1.2930440 -1.4078099 -0.0322116 -0.2643516 -0.3340361 0.9041574
1578862481.371183 5.4309688 1.2492015 -1.3470426 -0.0253452 -0.2757368 -0.3228232 0.9050481
1578862481.503714 5.3896866 1.2178750 -1.3079381 -0.0146560 -0.2792598 -0.3197668 0.9052891
1578862481.667977 5.3368707 1.1823710 -1.2562411 -0.0038669 -0.2872580 -0.3114277 0.9058039
1578862481.832241 5.2801366 1.1358268 -1.2151494 0.0059725 -0.2936482 -0.3015583 0.9070820
1578862481.996504 5.2206674 1.0890226 -1.1734989 0.0274785 -0.3017671 -0.2912614 0.9073855
1578862482.194367 5.1499386 1.0357851 -1.1262578 0.0349633 -0.3104472 -0.2808001 0.9074974
1578862482.392230 5.0759444 0.9812235 -1.0811660 0.0558744 -0.3175164 -0.2741098 0.9060493
1578862482.524761 5.0237622 0.9470682 -1.0519502 0.0613009 -0.3234242 -0.2692221 0.9050737
1578862482.689024 4.9604769 0.8946570 -1.0262591 0.0792233 -0.3295227 -0.2619435 0.9036173
1578862482.787956 4.9193201 0.8645416 -1.0092576 0.0935064 -0.3323691 -0.2583430 0.9022452
1578862482.853287 4.8936820 0.8461255 -0.9971521 0.0982170 -0.3359724 -0.2547596 0.9014286
1578862482.952219 4.8520918 0.8162016 -0.9820414 0.1006699 -0.3393964 -0.2506758 0.9010202
1578862483.051150 4.8134851 0.7860448 -0.9683380 0.1058933 -0.3391983 -0.2493396 0.9008667
1578862483.215414 4.7407889 0.7448783 -0.9362587 0.1102392 -0.3403703 -0.2480486 0.9002596
1578862483.314346 4.6972537 0.7218869 -0.9185617 0.1065351 -0.3423005 -0.2471488 0.9002212
1578862483.478609 4.6248050 0.6793609 -0.8913381 0.1016511 -0.3407018 -0.2491519 0.9008400
1578862483.545808 4.5931935 0.6635879 -0.8784449 0.1031620 -0.3403011 -0.2497472 0.9006549
1578862483.710071 4.5160871 0.6268741 -0.8500372 0.1000058 -0.3435864 -0.2483992 0.9001361
1578862483.809003 4.4703326 0.6063046 -0.8325289 0.0884167 -0.3415809 -0.2507655 0.9014553
1578862483.939667 4.4094319 0.5792007 -0.8096305 0.0869576 -0.3388071 -0.2535532 0.9018641
1578862484.006866 4.3759804 0.5659081 -0.7984375 0.0914224 -0.3378634 -0.2550189 0.9013632
1578862484.105797 4.3275161 0.5435426 -0.7847968 0.0948609 -0.3370453 -0.2545709 0.9014408
1578862484.171129 4.2959838 0.5266462 -0.7772224 0.0905838 -0.3410216 -0.2455209 0.9028944
1578862484.270061 4.2485785 0.5069090 -0.7625284 0.0860227 -0.3386884 -0.2408964 0.9054608
1578862484.335393 4.2183204 0.4934116 -0.7494338 0.0878956 -0.3284460 -0.2424975 0.9086213
1578862484.434324 4.1724429 0.4749368 -0.7300364 0.0889299 -0.3155621 -0.2410363 0.9134625
1578862484.566855 4.1118259 0.4449189 -0.7077183 0.0817553 -0.3082105 -0.2196153 0.9220040
1578862484.731118 4.0406585 0.4058427 -0.6824673 0.0915683 -0.2832288 -0.2068634 0.9319894
1578862484.830050 3.9995971 0.3824108 -0.6644847 0.1036254 -0.2634803 -0.1991178 0.9381855
1578862484.928981 3.9619939 0.3530337 -0.6525139 0.1127874 -0.2491547 -0.1807355 0.9447411
1578862485.027913 3.9244082 0.3213545 -0.6450908 0.1230296 -0.2303728 -0.1646299 0.9511514
1578862485.126844 3.8943295 0.2935215 -0.6294284 0.1392999 -0.1952047 -0.1602129 0.9575085
1578862485.291107 3.8457220 0.2515115 -0.6067424 0.1495245 -0.1559560 -0.1310642 0.9675445
1578862485.488970 3.7987065 0.2040868 -0.5803522 0.1442643 -0.1157858 -0.0853289 0.9790304
1578862485.653234 3.7671599 0.1745849 -0.5499425 0.1430369 -0.0758855 -0.0536600 0.9853438
1578862485.851097 3.7456369 0.1280797 -0.5262132 0.1488322 -0.0249708 -0.0119667 0.9884747
1578862485.950028 3.7356973 0.1109828 -0.5076416 0.1464318 -0.0016124 0.0064597 0.9891984
1578862486.114292 3.7234859 0.0841384 -0.4782985 0.1405287 0.0187614 0.0479697 0.9887359
1578862486.411086 3.7208767 0.0310473 -0.4383608 0.1390489 0.0662177 0.1188799 0.9808915
1578862486.510017 3.7276728 0.0170314 -0.4244210 0.1383392 0.0755627 0.1534220 0.9755072
1578862486.674281 3.7415891 -0.0079084 -0.4067627 0.1381098 0.0918740 0.2123181 0.9630191
1578862486.838545 3.7669466 -0.0192250 -0.3806793 0.1274138 0.1224215 0.2614753 0.9488991
1578862486.905743 3.7806022 -0.0269678 -0.3750407 0.1286146 0.1309214 0.2867494 0.9402620
1578862487.135339 3.8312752 -0.0541180 -0.3617402 0.1393598 0.1704925 0.3599933 0.9065958
1578862487.234270 3.8586454 -0.0600275 -0.3565040 0.1426300 0.1956658 0.3848416 0.8906562
1578862487.333202 3.8881354 -0.0671283 -0.3542685 0.1437101 0.2127209 0.4148268 0.8729352
1578862487.398534 3.9059796 -0.0734802 -0.3524253 0.1418724 0.2212178 0.4345376 0.8614593
1578862487.531065 3.9451189 -0.0742372 -0.3406924 0.1328055 0.2444877 0.4670016 0.8393438
1578862487.629996 3.9747858 -0.0717783 -0.3291473 0.1240169 0.2621819 0.4894220 0.8224030
1578862487.794260 4.0317655 -0.0693367 -0.3201309 0.1188173 0.2836500 0.5354570 0.7865819
1578862487.926790 4.0802050 -0.0642164 -0.3123088 0.1075058 0.3152315 0.5576359 0.7603379
1578862488.025722 4.1179638 -0.0590048 -0.3078094 0.1019946 0.3387515 0.5724149 0.7397200
1578862488.091054 4.1431146 -0.0532725 -0.3039598 0.0996466 0.3491167 0.5839621 0.7260692
1578862488.189985 4.1825156 -0.0474200 -0.3022426 0.0919609 0.3655893 0.5983601 0.7070028
1578862488.322516 4.2365861 -0.0367370 -0.2990723 0.0827271 0.3898869 0.6122148 0.6828890
1578862488.486779 4.3036051 -0.0207162 -0.2836316 0.0766739 0.4069730 0.6322299 0.6548125
1578862488.651043 4.3774452 -0.0072713 -0.2792892 0.0668107 0.4277418 0.6447228 0.6300046
1578862488.749974 4.4245725 0.0058870 -0.2805009 0.0660257 0.4445821 0.6477180 0.6151819
1578862488.880639 4.4846115 0.0240002 -0.2703462 0.0627191 0.4557110 0.6582422 0.5959119
1578862489.013170 4.5499668 0.0444002 -0.2685781 0.0557077 0.4664600 0.6675919 0.5776096
1578862489.112101 4.5995951 0.0607753 -0.2673142 0.0495117 0.4759695 0.6722600 0.5648612
1578862489.276365 4.6814184 0.0972452 -0.2510293 0.0433435 0.4802420 0.6853812 0.5456571
1578862489.408895 4.7523990 0.1256089 -0.2490215 0.0347927 0.4845095 0.6934856 0.5320880
1578862489.507827 4.8052187 0.1480551 -0.2477727 0.0295670 0.4914375 0.6959357 0.5227700
1578862489.672090 4.8962426 0.1875696 -0.2460825 0.0333360 0.5053317 0.6959673 0.5090757
1578862489.771021 4.9547477 0.2099099 -0.2538371 0.0351893 0.5139850 0.6950473 0.5014881
1578862489.836353 4.9929829 0.2233009 -0.2619801 0.0348003 0.5210285 0.6932589 0.4966995
1578862489.968884 5.0714774 0.2557025 -0.2760735 0.0391157 0.5405309 0.6844995 0.4876030
1578862490.067816 5.1293926 0.2789078 -0.2858095 0.0440117 0.5511295 0.6801438 0.4813770
1578862490.232080 5.2281685 0.3113375 -0.3169975 0.0520119 0.5725244 0.6696575 0.4701801
1578862490.331011 5.2876492 0.3319902 -0.3396597 0.0548750 0.5908215 0.6581287 0.4634495
1578862490.429942 5.3454165 0.3529177 -0.3611083 0.0629476 0.6063005 0.6478513 0.4568654
1578862490.528873 5.4053369 0.3700528 -0.3838668 0.0702215 0.6186987 0.6392164 0.4513129
1578862490.693137 5.4986606 0.3991985 -0.4286065 0.0724030 0.6367958 0.6271898 0.4425856
1578862490.792068 5.5559058 0.4206543 -0.4502811 0.0764491 0.6461849 0.6199116 0.4385318
1578862490.891000 5.6129231 0.4392629 -0.4756269 0.0827008 0.6546254 0.6124388 0.4353677
1578862490.989931 5.6695666 0.4590445 -0.4998403 0.0811300 0.6590998 0.6097287 0.4327082
1578862491.154195 5.7601137 0.4901381 -0.5447965 0.0788303 0.6713258 0.6002538 0.4275545
1578862491.253126 5.8131886 0.5092320 -0.5707006 0.0856510 0.6775231 0.5940955 0.4250612
1578862491.385657 5.8852701 0.5315318 -0.6071100 0.0898731 0.6789521 0.5940239 0.4219982
1578862491.549920 5.9701147 0.5622668 -0.6538129 0.0894037 0.6866041 0.5891255 0.4165489
1578862491.714184 6.0541153 0.5928802 -0.6957607 0.0967835 0.6914576 0.5853112 0.4122257
1578862491.846715 6.1183548 0.6115332 -0.7397466 0.0973445 0.6960056 0.5824814 0.4084310
1578862491.912047 6.1483574 0.6216583 -0.7632284 0.0980917 0.7023776 0.5760481 0.4064633
1578862492.076310 6.2259941 0.6476793 -0.8133178 0.1036945 0.7137308 0.5632957 0.4031548
1578862492.175248 6.2711582 0.6617708 -0.8466649 0.1058256 0.7147043 0.5622231 0.4023730
1578862492.307772 6.3269153 0.6793571 -0.8912587 0.1060673 0.7216333 0.5552479 0.3996186
1578862492.373105 6.3554697 0.6897011 -0.9117756 0.1066994 0.7255272 0.5510616 0.3981918
1578862492.472036 6.3969359 0.7083812 -0.9407458 0.1112252 0.7280710 0.5475697 0.3971258
1578862492.570967 6.4366307 0.7171292 -0.9785457 0.1168988 0.7321068 0.5423872 0.3951839
1578862492.636300 6.4601293 0.7241311 -1.0037823 0.1176397 0.7358938 0.5383457 0.3934527
1578862492.735231 6.4965186 0.7361193 -1.0402312 0.1182940 0.7432384 0.5304110 0.3902145
1578862492.867762 6.5442729 0.7523649 -1.0869603 0.1268692 0.7515320 0.5190108 0.3869518
1578862492.933094 6.5678301 0.7590303 -1.1118073 0.1299724 0.7527614 0.5169905 0.3862360
1578862493.032025 6.5988102 0.7662203 -1.1504364 0.1320383 0.7572519 0.5114987 0.3840631
1578862493.097358 6.6184449 0.7717590 -1.1775727 0.1329798 0.7627668 0.5045965 0.3819498
1578862493.196289 6.6482296 0.7780647 -1.2176728 0.1398131 0.7724841 0.4900334 0.3789298
1578862493.263487 6.6684670 0.7832220 -1.2428989 0.1444930 0.7760065 0.4838597 0.3779092
1578862493.328820 6.6886292 0.7893863 -1.2681565 0.1470794 0.7761741 0.4824109 0.3784194
1578862493.394152 6.7076302 0.7948093 -1.2931542 0.1465434 0.7756080 0.4832066 0.3787723
1578862493.493083 6.7349205 0.8060846 -1.3295975 0.1443980 0.7768099 0.4823796 0.3781871
1578862493.592015 6.7668180 0.8253565 -1.3624525 0.1420828 0.7762184 0.4834159 0.3789547
1578862493.657347 6.7867665 0.8374877 -1.3828969 0.1416445 0.7734982 0.4867939 0.3803537
1578862493.789877 6.8256378 0.8588605 -1.4299135 0.1433135 0.7667583 0.4952654 0.3824333
1578862493.888809 6.8526840 0.8742518 -1.4650259 0.1398682 0.7660249 0.4972878 0.3825542
1578862493.987740 6.8830886 0.8940625 -1.5005589 0.1396483 0.7662486 0.4968310 0.3827798
1578862494.118404 6.9214077 0.9166274 -1.5468445 0.1437550 0.7617735 0.5015281 0.3840640
1578862494.250935 6.9577312 0.9418135 -1.5942450 0.1414337 0.7553362 0.5110312 0.3851115
1578862494.349867 6.9862108 0.9611440 -1.6319046 0.1402140 0.7564346 0.5102133 0.3844855
1578862494.448798 7.0150375 0.9846516 -1.6653905 0.1418487 0.7545820 0.5120746 0.3850513
1578862494.613062 7.0597687 1.0144272 -1.7310667 0.1440797 0.7502983 0.5180926 0.3845434
1578862494.745593 7.0930548 1.0334148 -1.7935104 0.1477488 0.7611849 0.5044139 0.3799137
1578862494.975188 7.1524558 1.0655463 -1.9017630 0.1583641 0.7733295 0.4867841 0.3740637
1578862495.139452 7.1922007 1.0919442 -1.9794502 0.1559755 0.7801017 0.4798366 0.3699592
1578862495.370914 7.2582340 1.1466994 -2.0747185 0.1549972 0.7740569 0.4884217 0.3718280
1578862495.535177 7.3043408 1.1895704 -2.1401176 0.1456340 0.7693198 0.4974054 0.3735313
1578862495.831971 7.3932295 1.2754927 -2.2507820 0.1327416 0.7526521 0.5212816 0.3796840
1578862495.996235 7.4466772 1.3252869 -2.3132544 0.1235674 0.7525603 0.5232816 0.3802111
1578862496.227697 7.5197830 1.3976851 -2.3978043 0.1185047 0.7397199 0.5397397 0.3839951
1578862496.391961 7.5785809 1.4425955 -2.4459252 0.1285896 0.7248523 0.5470354 0.3985049
1578862496.556224 7.6411448 1.4848237 -2.4886117 0.1115296 0.7170672 0.5428075 0.4227715
1578862496.787687 7.7307043 1.5309739 -2.5406289 0.1091298 0.7045086 0.5252248 0.4646476
1578862496.951950 7.7997165 1.5559511 -2.5726824 0.0959633 0.6996937 0.5010938 0.5001248
1578862497.116213 7.8666110 1.5775528 -2.5932045 0.0828508 0.6845907 0.4848847 0.5379202
1578862497.248744 7.9217658 1.5853124 -2.6072249 0.0971095 0.6667685 0.4698297 0.5703067
1578862497.413008 7.9892735 1.5846596 -2.6267910 0.1001658 0.6485316 0.4445563 0.6097075
1578862497.577271 8.0566969 1.5790682 -2.6369319 0.1098190 0.6242425 0.4204581 0.6492119
1578862497.808733 8.1520309 1.5726860 -2.6350605 0.0983679 0.5838212 0.3900722 0.7052094
1578862498.038335 8.2489529 1.5741599 -2.6080396 0.0636744 0.5481513 0.3642649 0.7501912
1578862498.335123 8.3777676 1.5747050 -2.5543759 -0.0222063 0.5352107 0.2780795 0.7973256
1578862498.532986 8.4515743 1.5554404 -2.5053592 -0.0546140 0.5175542 0.1942257 0.8315235
1578862498.665517 8.4984150 1.5308329 -2.4823704 -0.0612476 0.5089530 0.1413371 0.8468999
1578862498.829780 8.5453854 1.4905995 -2.4454572 -0.0473905 0.4792320 0.0917579 0.8715913
1578862498.928712 8.5706100 1.4646676 -2.4212024 -0.0467208 0.4660154 0.0515270 0.8820384
1578862499.059376 8.5964441 1.4240530 -2.3961370 -0.0368906 0.4471011 0.0034249 0.8937158
1578862499.191907 8.6073914 1.3802431 -2.3635979 -0.0152168 0.4004575 -0.0181767 0.9160087
1578862499.290838 8.6115599 1.3538415 -2.3356943 -0.0110560 0.3685984 -0.0384321 0.9287282
1578862499.455102 8.6356401 1.3120539 -2.2878511 -0.0208219 0.3347290 -0.0705908 0.9394360
1578862499.554033 8.6474447 1.2854922 -2.2579899 -0.0201017 0.3042536 -0.0778494 0.9491919
1578862499.686564 8.6599350 1.2548118 -2.2146146 -0.0234704 0.2705992 -0.0986084 0.9573410
1578862499.850827 8.6672287 1.2098656 -2.1654129 -0.0255089 0.2288507 -0.1273840 0.9647539
1578862499.916160 8.6665182 1.1902951 -2.1462684 -0.0217798 0.2074712 -0.1345544 0.9686984
1578862500.048691 8.6712418 1.1634302 -2.0983095 -0.0253912 0.1708129 -0.1529549 0.9730278
1578862500.147622 8.6692038 1.1389247 -2.0650518 -0.0287846 0.1421534 -0.1643223 0.9756854
1578862500.212954 8.6636839 1.1180866 -2.0478828 -0.0246045 0.1199046 -0.1681511 0.9781322
1578862500.311885 8.6560612 1.0875052 -2.0198314 -0.0171437 0.0895019 -0.1754681 0.9802583
1578862500.410817 8.6517410 1.0622709 -1.9853519 -0.0132832 0.0627470 -0.1842260 0.9807891
1578862500.543348 8.6392498 1.0247743 -1.9429811 -0.0118571 0.0252614 -0.1858037 0.9821905
1578862500.707611 8.6215439 0.9756228 -1.8934289 -0.0072729 -0.0124246 -0.1919117 0.9813066
1578862500.772943 8.6136084 0.9558874 -1.8703836 0.0000180 -0.0269633 -0.1944052 0.9805507
1578862500.871875 8.6011095 0.9269130 -1.8393818 0.0075781 -0.0514597 -0.1940194 0.9796178
1578862500.937207 8.5910225 0.9060249 -1.8200624 0.0089016 -0.0679417 -0.1919809 0.9790036
1578862501.004405 8.5790939 0.8842299 -1.8015070 0.0103041 -0.0821987 -0.1923446 0.9778245
1578862501.069737 8.5677252 0.8640291 -1.7833879 0.0143303 -0.0950810 -0.1931783 0.9764407
1578862501.168669 8.5504436 0.8301750 -1.7522501 0.0242148 -0.1137621 -0.1945922 0.9739639
1578862501.267601 8.5320549 0.8080055 -1.7164847 0.0247823 -0.1292313 -0.1990560 0.9711137
1578862501.431867 8.4992781 0.7729208 -1.6536102 0.0037721 -0.1499892 -0.2039606 0.9674137
1578862501.530795 8.4790726 0.7561647 -1.6112810 -0.0034104 -0.1555980 -0.2136580 0.9644314
1578862501.728658 8.4302788 0.7167497 -1.5288383 -0.0097347 -0.1758276 -0.2207696 0.9592970
1578862501.892921 8.3807192 0.6614631 -1.4798265 0.0037277 -0.1939146 -0.2215705 0.9556620
1578862501.991853 8.3483000 0.6284432 -1.4462965 0.0175942 -0.2051654 -0.2222511 0.9529964
1578862502.090784 8.3149548 0.5992324 -1.4143836 0.0257928 -0.2188921 -0.2187058 0.9505729
1578862502.189716 8.2789555 0.5640352 -1.3859526 0.0283685 -0.2300371 -0.2157049 0.9485513
1578862502.353979 8.2220736 0.5155628 -1.3289468 0.0343548 -0.2386557 -0.2207188 0.9450642
1578862502.452911 8.1837044 0.4888462 -1.2937580 0.0384713 -0.2461351 -0.2215958 0.9427793
1578862502.585441 8.1317539 0.4510661 -1.2485681 0.0362057 -0.2542936 -0.2224680 0.9404956
1578862502.749705 8.0660877 0.3995262 -1.1940761 0.0448446 -0.2600599 -0.2276213 0.9373081
1578862502.913968 7.9954448 0.3541293 -1.1398417 0.0495132 -0.2706336 -0.2288714 0.9337686
1578862503.046499 7.9376984 0.3034437 -1.1073921 0.0563931 -0.2791505 -0.2272284 0.9312691
1578862503.145430 7.8933849 0.2697037 -1.0767999 0.0643980 -0.2808343 -0.2305836 0.9294171
1578862503.276095 7.8340921 0.2283993 -1.0354986 0.0706255 -0.2897211 -0.2277978 0.9269207
1578862503.375026 7.7860131 0.1907690 -1.0116184 0.0745006 -0.2963600 -0.2239321 0.9254593
1578862503.473958 7.7419233 0.1501193 -0.9897366 0.0813431 -0.2981923 -0.2248087 0.9240810
1578862503.572889 7.6949558 0.1145538 -0.9616474 0.0911758 -0.3007983 -0.2249098 0.9222922
1578862503.671820 7.6463137 0.0788326 -0.9389324 0.0998600 -0.3076886 -0.2206534 0.9201456
1578862503.770751 7.5988455 0.0408491 -0.9134595 0.0981649 -0.3124954 -0.2195799 0.9189641
1578862503.869683 7.5528355 0.0111530 -0.8870761 0.0932269 -0.3103826 -0.2248739 0.9189141
1578862503.968615 7.5040374 -0.0188951 -0.8550292 0.0928261 -0.3106878 -0.2281567 0.9180419
1578862504.067546 7.4545951 -0.0466746 -0.8242667 0.0928920 -0.3135831 -0.2293647 0.9167489
1578862504.166478 7.4041820 -0.0764216 -0.7945311 0.0842618 -0.3140568 -0.2331087 0.9164762
1578862504.297142 7.3408957 -0.1159428 -0.7568854 0.0805387 -0.3122515 -0.2398776 0.9156808
1578862504.396073 7.2887154 -0.1454724 -0.7263188 0.0864764 -0.3143776 -0.2409826 0.9141203
1578862504.528604 7.2215509 -0.1896062 -0.6957172 0.0889485 -0.3208437 -0.2379401 0.9124319
1578862504.627535 7.1685972 -0.2220672 -0.6718116 0.0867423 -0.3224450 -0.2381772 0.9120179
1578862504.791799 7.0813608 -0.2670312 -0.6198241 0.0877493 -0.3213310 -0.2419641 0.9113176
1578862504.890730 7.0275745 -0.2928176 -0.5884565 0.0844664 -0.3231993 -0.2418176 0.9110060
1578862504.989661 6.9740095 -0.3186470 -0.5601243 0.0758561 -0.3226041 -0.2428809 0.9116914
1578862505.088593 6.9213042 -0.3473720 -0.5340642 0.0783433 -0.3218447 -0.2431623 0.9116746
1578862505.187525 6.8650756 -0.3784449 -0.5067508 0.0868164 -0.3226476 -0.2421326 0.9108970
1578862505.351788 6.7749376 -0.4285067 -0.4640193 0.0858869 -0.3274280 -0.2387599 0.9101692
1578862505.484318 6.7025938 -0.4700058 -0.4353383 0.0907385 -0.3258554 -0.2397666 0.9099982
1578862505.713914 6.5718784 -0.5388348 -0.3784380 0.1029472 -0.3292205 -0.2387664 0.9077480
1578862505.878177 6.4778304 -0.5929920 -0.3462776 0.1114383 -0.3275059 -0.2398517 0.9070792
1578862506.010708 6.3991828 -0.6348854 -0.3180772 0.1252944 -0.3289648 -0.2388461 0.9050061
1578862506.174972 6.3008766 -0.6876156 -0.2886381 0.1293994 -0.3314427 -0.2371005 0.9039828
1578862506.372834 6.1833334 -0.7541891 -0.2561442 0.1450026 -0.3307868 -0.2361078 0.9021128
1578862506.505365 6.1043897 -0.7962109 -0.2346141 0.1494385 -0.3346040 -0.2338124 0.9005776
1578862506.669629 6.0073848 -0.8537114 -0.2154493 0.1543618 -0.3353536 -0.2317403 0.9000039
1578862506.833892 5.9068842 -0.9070270 -0.1919027 0.1674555 -0.3379289 -0.2289152 0.8974189
1578862506.966423 5.8274999 -0.9513783 -0.1797573 0.1689382 -0.3404996 -0.2280685 0.8963842
1578862507.196018 5.6900320 -1.0314460 -0.1582194 0.1850955 -0.3410739 -0.2272219 0.8931844
1578862507.362149 5.5884075 -1.0880952 -0.1432691 0.1884245 -0.3447988 -0.2260679 0.8913491
1578862507.492813 5.5130997 -1.1370536 -0.1347456 0.1952237 -0.3440283 -0.2261656 0.8901581
1578862507.690676 5.3907042 -1.2057457 -0.1213445 0.2074065 -0.3490851 -0.2228407 0.8862642
1578862507.823206 5.3076220 -1.2557389 -0.1154067 0.2099462 -0.3509065 -0.2218336 0.8851989
1578862507.987470 5.2072268 -1.3193983 -0.1096824 0.2231778 -0.3526590 -0.2196363 0.8818068
1578862508.151734 5.1028032 -1.3801610 -0.1026446 0.2260432 -0.3589676 -0.2159531 0.8794379
1578862508.315997 5.0038080 -1.4459022 -0.0995403 0.2298903 -0.3617514 -0.2132516 0.8779579
1578862508.448528 4.9239955 -1.4960409 -0.0924100 0.2338038 -0.3654036 -0.2103184 0.8761177
1578862508.612791 4.8309345 -1.5515721 -0.0854573 0.2345997 -0.3695602 -0.2075362 0.8748240
1578862508.777055 4.7380567 -1.6124306 -0.0807003 0.2410362 -0.3710589 -0.2060836 0.8727809
1578862508.909585 4.6684537 -1.6561439 -0.0754479 0.2440362 -0.3742603 -0.2040162 0.8710642
1578862509.073849 4.5871825 -1.7182426 -0.0743909 0.2462445 -0.3772478 -0.2009879 0.8698573
