#timestamp tx ty tz qx qy qz qw
1578862329.449798249 -0.390906962 -0.203886157 -0.050823717 0.536891196 0.732435645 -0.341525067 -0.242170391
1578862329.515130399 -0.390924695 -0.202846658 -0.046387253 0.537223643 0.731733959 -0.342017895 -0.242857837
1578862329.548729599 -0.390774319 -0.202571344 -0.045213861 0.537160395 0.731935107 -0.341644398 -0.242917299
1578862329.614061849 -0.390828943 -0.202010895 -0.042905294 0.538443318 0.729972513 -0.343176307 -0.243821544
1578862329.910856399 -0.390677003 -0.201581454 -0.040948270 0.535809226 0.729209100 -0.342751764 -0.252356475
1578862330.338315249 -0.390595841 -0.201044390 -0.038791513 0.533931941 0.728086921 -0.338111890 -0.265492877
1578862330.635109299 -0.388755228 -0.199331461 -0.032938848 0.533164525 0.726161911 -0.338077867 -0.272264254
1578862331.030835449 -0.389195449 -0.197274644 -0.029290630 0.529035740 0.724494069 -0.340353003 -0.281761181
1578862331.195098949 -0.389916406 -0.195717062 -0.027156830 0.528792261 0.722468062 -0.342736105 -0.284518201
1578862331.491893299 -0.389913235 -0.196443949 -0.026801206 0.532321706 0.714223469 -0.350550108 -0.289193809
1578862331.755088549 -0.395279990 -0.202149452 -0.033109207 0.532333536 0.710134430 -0.355875576 -0.292716027
1578862331.952951499 -0.396446788 -0.205042052 -0.035030835 0.530314976 0.708494928 -0.360339797 -0.294883356
1578862332.051883049 -0.399019663 -0.204593213 -0.036115570 0.529662519 0.707090347 -0.363618567 -0.295402091
1578862332.281478699 -0.407637693 -0.209474891 -0.037698294 0.527579158 0.704424220 -0.369452660 -0.298247350
1578862332.414009500 -0.411075417 -0.209352548 -0.035878574 0.527754846 0.701450589 -0.374835634 -0.298228335
1578862332.578273349 -0.411981776 -0.206815456 -0.032049933 0.528186781 0.697296430 -0.381722449 -0.298470072
1578862332.776136149 -0.428684477 -0.211773372 -0.034590294 0.529480205 0.693481074 -0.386072191 -0.299471162
1578862333.138262649 -0.437785046 -0.211517842 -0.032880295 0.531643750 0.691939821 -0.386808551 -0.298250486
1578862333.533988649 -0.445033060 -0.210667588 -0.030000816 0.534580485 0.693659531 -0.381559190 -0.295757916
1578862333.896115149 -0.452472598 -0.207691787 -0.029103184 0.536624380 0.695610753 -0.377676403 -0.292438865
1578862334.291841050 -0.453217451 -0.203370250 -0.025510486 0.536389031 0.699169107 -0.375034829 -0.287746839
1578862334.390772699 -0.453496791 -0.202070773 -0.023585819 0.536557668 0.699904748 -0.375016161 -0.285660798
1578862334.555036249 -0.451390149 -0.200150921 -0.019497796 0.537534769 0.700463110 -0.376182421 -0.280881808
1578862334.719299999 -0.448562853 -0.198431147 -0.016144954 0.538678769 0.701430980 -0.377140287 -0.274927205
1578862334.917163050 -0.450062883 -0.197629406 -0.016068593 0.539081193 0.704208691 -0.376167864 -0.268289631
1578862335.213957500 -0.471964220 -0.199206214 -0.024163087 0.536141833 0.710682508 -0.372491545 -0.262168564
1578862335.411820149 -0.466448204 -0.199941433 -0.020057804 0.534586480 0.714127563 -0.370467293 -0.258830260
1578862335.708614900 -0.465250787 -0.200399635 -0.016866999 0.535789804 0.716793852 -0.368493450 -0.251691155
1578862336.037142000 -0.478432503 -0.198950282 -0.021166535 0.537509813 0.718666666 -0.369566071 -0.240878275
1578862336.498199949 -0.471072511 -0.201283757 -0.011311899 0.533978430 0.726324666 -0.368980849 -0.226213726
1578862336.828593600 -0.463280950 -0.208843050 -0.003656466 0.533960513 0.727473089 -0.369303767 -0.221999556
1578862337.222453199 -0.452251237 -0.220011151 0.001037084 0.534676259 0.725964376 -0.369319818 -0.225166371
1578862337.618178949 -0.439090780 -0.230424756 0.004488062 0.536130792 0.720799724 -0.372088571 -0.233584304
1578862338.013904849 -0.422717442 -0.243671229 0.005180017 0.537684510 0.715796713 -0.371005850 -0.246749049
1578862338.079237050 -0.421066499 -0.245668246 0.005598608 0.537841377 0.715403022 -0.370009149 -0.249034936
1578862338.474963149 -0.414735116 -0.249175503 0.005607418 0.538299107 0.712880078 -0.366479215 -0.260248057
1578862338.771757549 -0.400834591 -0.259871516 0.008024329 0.542103805 0.706193283 -0.366473522 -0.270391698
1578862339.167483249 -0.388832288 -0.269819539 0.008090351 0.549041697 0.693209574 -0.367957609 -0.287438515
1578862339.561342499 -0.379617993 -0.276590793 0.007486913 0.553094050 0.680988302 -0.370424493 -0.305168149
1578862339.858137249 -0.377497812 -0.277019989 0.005014577 0.557586365 0.671564931 -0.371451462 -0.316420291
1578862340.253863199 -0.377582817 -0.274780236 0.003378281 0.563467221 0.663996938 -0.364810404 -0.329433038
1578862340.582390299 -0.378398096 -0.271530271 0.001035790 0.567831679 0.666824999 -0.351656261 -0.330529089
1578862340.978116399 -0.387836742 -0.272769975 -0.004388912 0.572461052 0.674788762 -0.336983007 -0.321544590
1578862341.110647149 -0.393614817 -0.274667689 -0.007305160 0.573472278 0.677315093 -0.333008812 -0.318557595
1578862341.538105950 -0.378231684 -0.272390055 -0.018532124 0.570345668 0.687207795 -0.326744223 -0.309337160
1578862341.834900400 -0.390212053 -0.267296140 -0.022835755 0.573754509 0.686035080 -0.334505530 -0.297098777
1578862342.295958099 -0.406313059 -0.260746620 -0.023429483 0.585686557 0.679945166 -0.347100837 -0.272335891
1578862342.592752749 -0.416285642 -0.258706685 -0.023928170 0.576579473 0.690296869 -0.350535011 -0.261096821
1578862343.053810599 -0.435092962 -0.254573161 -0.023196454 0.564806730 0.697984580 -0.360950463 -0.252042948
1578862343.613800150 -0.457310615 -0.239540125 -0.022060859 0.561953227 0.699775882 -0.355850722 -0.260561988
1578862343.647399849 -0.458821069 -0.237662892 -0.023140060 0.561996189 0.699871467 -0.355077134 -0.261266996
1578862344.074858200 -0.491726270 -0.214457133 -0.026622481 0.561920461 0.699298128 -0.341212903 -0.280715653
1578862344.668446949 -0.523876271 -0.171736921 -0.034420168 0.560303711 0.692285459 -0.339401003 -0.302667398
1578862345.359100949 -0.558424207 -0.128009870 -0.035039799 0.560839030 0.689150839 -0.347891371 -0.299169347
1578862345.655895349 -0.568205203 -0.110776158 -0.036806505 0.561220487 0.688182631 -0.352030926 -0.295821667
1578862346.215885049 -0.583067619 -0.087500649 -0.037130747 0.560205356 0.692453689 -0.347083307 -0.293617143
1578862346.676943399 -0.591204731 -0.076467286 -0.040193032 0.542069307 0.714800333 -0.328537870 -0.295439027
1578862347.072669349 -0.599679264 -0.074134118 -0.043444042 0.539808747 0.720853869 -0.327021946 -0.286413799
1578862347.533727199 -0.595184212 -0.082936593 -0.041339116 0.548501244 0.713589027 -0.350653572 -0.258803320
1578862347.929453299 -0.589205230 -0.090569449 -0.036268135 0.556233132 0.709751146 -0.359709395 -0.239723103
1578862348.356911849 -0.581892459 -0.112358499 -0.037042932 0.559392754 0.713796119 -0.353799238 -0.228912532
1578862348.752637849 -0.564064496 -0.126003840 -0.024974027 0.552850193 0.721170992 -0.349391649 -0.228461243
1578862349.411558449 -0.545487067 -0.148159468 -0.018708925 0.536895312 0.732131658 -0.341736841 -0.242780950
1578862349.971548000 -0.532707558 -0.157339605 -0.016951367 0.544255270 0.725578355 -0.334787149 -0.255420862
1578862350.596869699 -0.525521124 -0.159794633 -0.010734694 0.563051422 0.720404567 -0.323142432 -0.244068276
1578862350.860064899 -0.525847659 -0.157869511 -0.009552546 0.567411124 0.718780443 -0.319281497 -0.243841378
1578862351.321122649 -0.522737393 -0.154153608 -0.006233108 0.566221065 0.715839305 -0.319201797 -0.255103917
1578862351.815779899 -0.523840107 -0.144786210 -0.006180738 0.567571613 0.709178171 -0.322353755 -0.266489856
1578862352.310437449 -0.527120357 -0.130156586 -0.009248402 0.559229323 0.711136844 -0.314109515 -0.287892630
1578862352.935758649 -0.535022312 -0.102712127 -0.013129065 0.550262358 0.714772313 -0.289531576 -0.320130200
1578862353.594679850 -0.546576105 -0.075147744 -0.022931220 0.549532232 0.718108287 -0.271845578 -0.329294391
1578862353.990405849 -0.553378358 -0.069332227 -0.023507589 0.556865015 0.715987162 -0.279897587 -0.314517216
1578862354.220001499 -0.558439981 -0.063070851 -0.023731049 0.559333112 0.713370346 -0.292369305 -0.304580711
1578862354.714658749 -0.567396477 -0.047172457 -0.023145922 0.568677470 0.704081424 -0.309147765 -0.292066674
1578862355.175716649 -0.580254630 -0.039000895 -0.024442871 0.573615728 0.700742454 -0.309797829 -0.289741807
1578862355.769305249 -0.603667830 -0.025438692 -0.024424090 0.582839303 0.700367357 -0.301878954 -0.280451438
1578862356.394627049 -0.629702638 -0.015686967 -0.016106759 0.578421829 0.698518364 -0.312383561 -0.282695587
1578862356.790352849 -0.629811534 -0.031250992 -0.013694937 0.560347891 0.712572648 -0.312140623 -0.284286289
1578862357.415674499 -0.648509996 -0.035199156 -0.001151408 0.548692612 0.717714891 -0.326787018 -0.277546389
1578862357.712468699 -0.658767088 -0.034357642 0.005024175 0.549457231 0.716820074 -0.329365613 -0.275288986
1578862358.207126149 -0.674703465 -0.033972479 0.008604495 0.546200506 0.718102890 -0.328594857 -0.279318218
1578862358.832447599 -0.700016472 -0.032740602 0.016962805 0.544590772 0.717537534 -0.329519519 -0.282803226
1578862359.160974899 -0.758086244 0.002753416 0.035793755 0.549788434 0.714264756 -0.337158566 -0.271813608
1578862359.556700299 -0.785328986 0.018629217 0.046213486 0.553441692 0.708963227 -0.346384456 -0.266629417
1578862359.952426250 -0.796446446 0.022847969 0.056102049 0.554190326 0.707839757 -0.347503261 -0.266603535
1578862360.150289399 -0.787349728 0.017359862 0.055487858 0.554627607 0.707865532 -0.346813123 -0.266524416
1578862360.710278699 -0.883137782 0.091539865 0.087728346 0.550694608 0.701830714 -0.356844181 -0.277184646
1578862361.106004699 -0.874223760 0.075832590 0.087230861 0.543314802 0.694053895 -0.374505652 -0.287825872
1578862361.533463099 -0.863542731 0.049168923 0.077034751 0.537052852 0.681837749 -0.397013452 -0.298415543
1578862362.059853349 -0.941556913 0.065897253 0.100392633 0.533103745 0.667656039 -0.420931744 -0.304716717
1578862362.356647400 -0.960061079 0.046722055 0.082773330 0.531647275 0.662167890 -0.430027343 -0.306531148
1578862363.049167949 -1.180386634 0.044831403 0.109533396 0.549421768 0.675519746 -0.407561557 -0.275140637
1578862363.377694749 -1.285813566 0.021224766 0.112279507 0.549578461 0.667990721 -0.418932538 -0.276129390
1578862363.838752650 -1.490090416 -0.010994979 0.166033995 0.535420012 0.652500656 -0.449254911 -0.292811081
1578862364.135546949 -1.573474207 -0.043120223 0.171388983 0.535374688 0.652501317 -0.448470677 -0.294091868
1578862364.729135900 -1.746487832 -0.102048834 0.185306585 0.539503807 0.650952034 -0.443874158 -0.296939090
1578862365.025930400 -1.813780050 -0.136474847 0.176787196 0.546230037 0.657102115 -0.436997887 -0.280860115
1578862365.716583699 -2.019899549 -0.224574269 0.162986195 0.552701342 0.667235981 -0.421891562 -0.267067187
1578862365.815515199 -2.064364410 -0.247017620 0.154409219 0.556398294 0.671007818 -0.415281467 -0.260212894
1578862366.211240949 -2.211963671 -0.302756622 0.146007585 0.551787785 0.666831756 -0.422830103 -0.268477845
1578862366.375504900 -2.275621977 -0.331481466 0.136863521 0.549020077 0.668415730 -0.420903333 -0.273199105
1578862366.672299049 -2.506642139 -0.406700205 0.131451637 0.554776646 0.674169489 -0.413228480 -0.258767457
1578862367.034425499 -2.666672931 -0.456387521 0.110841025 0.558488213 0.678294347 -0.404103467 -0.254377834
1578862367.232288149 -2.748208616 -0.486358114 0.084235652 0.560233428 0.686736044 -0.391363811 -0.247722584
1578862367.758678200 -2.965061110 -0.541076044 0.040867270 0.564639009 0.697821173 -0.371636057 -0.236886135
1578862367.857609699 -3.108197169 -0.583750539 0.026381687 0.564346107 0.697754457 -0.370579439 -0.239422364
1578862368.318667849 -3.337300092 -0.621879852 0.018561174 0.556922888 0.688584395 -0.384961514 -0.259794267
1578862368.878656799 -3.607395805 -0.661069410 0.013274441 0.550030362 0.679863841 -0.401907732 -0.271517832
1578862369.339715050 -3.796051130 -0.680222192 -0.002781495 0.559863117 0.683620828 -0.389192456 -0.260278863
1578862369.571177299 -3.906755323 -0.692549389 0.001620037 0.554321062 0.680044500 -0.396274495 -0.270618113
1578862369.933303499 -4.126530832 -0.709991087 0.013721383 0.550171191 0.671228911 -0.411677697 -0.278001588
1578862370.329029299 -4.318026070 -0.726539807 0.039395072 0.543738133 0.659079327 -0.432144081 -0.288469716
1578862370.889018949 -4.580324179 -0.765598260 0.061785886 0.522992914 0.673605530 -0.452521206 -0.260688627
1578862371.284744999 -4.738660609 -0.823559249 0.109542559 0.471572090 0.684904660 -0.506664344 -0.227632626
1578862371.613271999 -4.820560744 -0.870861111 0.178576298 0.406396471 0.689311884 -0.574713146 -0.171452133
1578862371.678603899 -4.854738389 -0.880277987 0.179800621 0.392631278 0.696569457 -0.578227286 -0.162126115
1578862371.975398349 -4.877768972 -0.943601398 0.204621577 0.317778985 0.733744665 -0.587018892 -0.126665322
1578862372.074330099 -4.905809678 -0.971374153 0.206255852 0.291373985 0.743556289 -0.590856647 -0.114514929
1578862372.371124399 -4.924035362 -1.033814428 0.228566444 0.212712378 0.763686018 -0.603965341 -0.082237327
1578862372.634319249 -4.945493367 -1.113754084 0.261643142 0.158164238 0.777159916 -0.607638132 -0.042218939
1578862372.931113449 -4.967360476 -1.242485450 0.286077760 0.113176608 0.791045256 -0.601063437 -0.012696543
1578862372.996445799 -4.972748673 -1.268365988 0.282329446 0.104904445 0.793576531 -0.599335432 -0.005327915
1578862373.326839499 -4.966635485 -1.365052451 0.303145194 0.064872271 0.797924907 -0.598774562 0.024009463
1578862373.392171599 -4.981080094 -1.386961090 0.292089934 0.059471597 0.801899719 -0.593577289 0.032954070
1578862373.491103099 -4.986126312 -1.441458241 0.302432012 0.048676359 0.808023073 -0.586068191 0.035403396
1578862373.853229299 -4.955517483 -1.533990063 0.260590475 0.010275054 0.826982499 -0.560008652 0.048833182
1578862374.116424199 -4.936593215 -1.632152610 0.235380299 -0.010714358 0.835603984 -0.546637102 0.053282852
1578862374.215355949 -4.933247269 -1.684711559 0.227888585 -0.015686081 0.843164858 -0.534531910 0.055701045
1578862374.512150199 -4.901824181 -1.860306813 0.212852626 -0.035653315 0.853060207 -0.517336337 0.058139815
1578862374.808944600 -4.884855082 -2.008602516 0.204856710 -0.052250301 0.860415424 -0.503340729 0.060027613
1578862375.137471700 -4.857818300 -2.202866430 0.204453620 -0.061148252 0.862832361 -0.497310771 0.066807231
1578862375.533197549 -4.830470988 -2.412535468 0.202994840 -0.069133877 0.865038463 -0.491973277 0.069937545
1578862375.895324199 -4.796487423 -2.654811637 0.208954507 -0.074380384 0.854292058 -0.509043897 0.074343457
1578862376.059587449 -4.789354418 -2.740216852 0.185992067 -0.078567607 0.851161937 -0.513420184 0.075830092
1578862376.291049999 -4.794776866 -2.933049132 0.183622987 -0.078148491 0.850969446 -0.512631368 0.083384030
1578862376.686775599 -4.776153119 -3.130999085 0.184012726 -0.079318863 0.856274178 -0.503317783 0.084700998
1578862377.080634749 -4.766644898 -3.358070365 0.178680966 -0.080294751 0.863261327 -0.490872122 0.085890594
1578862377.411028699 -4.771132508 -3.385619996 0.153672932 -0.084091670 0.873168221 -0.472179484 0.086904450
1578862377.773155099 -4.750339108 -3.581842642 0.131702642 -0.086915143 0.883714598 -0.451689328 0.086435055
1578862378.168881049 -4.721543932 -3.792931398 0.150238626 -0.085103557 0.870256093 -0.477561359 0.085713855
1578862378.333144449 -4.714685291 -3.909819514 0.152326040 -0.085199896 0.865192069 -0.487552415 0.080475483
1578862378.728869999 -4.694843887 -4.037299381 0.139797933 -0.082865518 0.874131655 -0.471436737 0.082307709
1578862379.057400300 -4.668430504 -4.192227888 0.115712217 -0.086549039 0.880659931 -0.458532731 0.081823500
1578862379.453122900 -4.627897779 -4.370025090 0.104589428 -0.086943733 0.879682732 -0.459808957 0.084704196
1578862379.650985849 -4.604493463 -4.509957849 0.100671671 -0.087655274 0.873548210 -0.471362075 0.083951605
1578862380.013115449 -4.565538085 -4.668718246 0.108196940 -0.083660803 0.864461986 -0.487813589 0.088001407
1578862380.309906749 -4.536873610 -4.797226651 0.110549814 -0.079670588 0.865453195 -0.485791988 0.093002735
1578862380.375239149 -4.532637688 -4.835610081 0.100561231 -0.078427421 0.864176355 -0.487694910 0.095927274
1578862380.836296999 -4.472503909 -5.050385288 0.126814694 -0.086416962 0.849174240 -0.502105676 0.139014775
1578862380.935228400 -4.447840302 -5.148293035 0.118755056 -0.101058649 0.843441327 -0.508243064 0.141714028
1578862381.166690499 -4.407041398 -5.213094365 0.129075931 -0.138536297 0.836693721 -0.505476465 0.158886294
1578862381.495217899 -4.328353381 -5.395739812 0.110081289 -0.217285772 0.829827562 -0.485582620 0.168471449
1578862381.857344199 -4.216652356 -5.502566767 0.126658079 -0.300384934 0.797744444 -0.472892805 0.223036071
1578862382.154138549 -4.156532309 -5.588113603 0.109673419 -0.373938026 0.765909536 -0.454175009 0.259380021
1578862382.417333749 -4.071621044 -5.621744424 0.103030775 -0.440096245 0.734495084 -0.434031380 0.280087537
1578862382.648795749 -4.018902532 -5.632043102 0.138902808 -0.482173688 0.712673617 -0.405486435 0.308521638
1578862383.109853949 -3.961718926 -5.578932948 0.128033649 -0.549837042 0.674682508 -0.374384392 0.319873517
1578862383.208785349 -3.951730103 -5.572898189 0.104427116 -0.560370009 0.665333490 -0.371823570 0.324135825
1578862383.669842999 -3.826033459 -5.564217278 0.105385710 -0.593874196 0.630710943 -0.353704257 0.352718647
1578862384.031969400 -3.748666310 -5.543303118 0.087579319 0.618823354 -0.611604347 0.337403066 -0.359384127
1578862384.295164699 -3.646888681 -5.528381985 0.101344451 0.623863529 -0.604508001 0.328063119 -0.371132004
1578862384.690890400 -3.538327232 -5.496914169 0.092406468 0.636866436 -0.594178190 0.316283435 -0.375923144
1578862384.987684950 -3.450748497 -5.479437709 0.097572535 0.637882721 -0.582765320 0.314231064 -0.393381564
1578862385.316211650 -3.299555666 -5.458123599 0.122566145 0.633328074 -0.567773291 0.324758348 -0.413595281
1578862385.613006049 -3.162246370 -5.449142615 0.123926695 0.643472704 -0.566094817 0.314742310 -0.407942171
1578862385.711937800 -3.123492135 -5.462427188 0.121639105 0.644122693 -0.566729946 0.307388275 -0.411625525
1578862386.074064300 -2.950959679 -5.458017693 0.141630556 0.644287246 -0.557351659 0.308657543 -0.423064527
1578862386.404457700 -2.811208139 -5.456966453 0.147879765 0.647188773 -0.554120350 0.311230527 -0.420990366
1578862386.732985049 -2.647464694 -5.467708397 0.141407724 0.657427204 -0.555460621 0.302125433 -0.409845328
1578862387.029779550 -2.530658611 -5.469513283 0.124282735 0.663908881 -0.555826805 0.291008854 -0.406934156
1578862387.425505250 -2.327107534 -5.472107491 0.153847051 0.657086984 -0.553300737 0.295668753 -0.417941357
1578862387.490837299 -2.284424127 -5.478630992 0.151287024 0.656836095 -0.552159383 0.298794641 -0.417621985
1578862387.886562999 -2.096813498 -5.462041191 0.138693049 0.664197739 -0.559071098 0.284955914 -0.406301610
1578862388.215090299 -1.956155216 -5.447670032 0.127653188 0.669431418 -0.560987795 0.272670693 -0.403490971
1578862388.314021549 -1.875274195 -5.444792304 0.127786334 0.668165400 -0.558335549 0.278241940 -0.405460030
1578862388.676147999 -1.573211285 -5.413226857 0.152881480 0.664011992 -0.558221485 0.281827052 -0.409939460
1578862388.840411500 -1.476063385 -5.407839465 0.149722379 0.661661534 -0.557272872 0.284402480 -0.413238660
1578862389.170805300 -1.323492788 -5.393625354 0.180686798 0.653372800 -0.554301262 0.292190492 -0.424827979
1578862389.532931949 -1.113025193 -5.375586325 0.212162622 0.647806735 -0.551254781 0.298935499 -0.432553081
1578862389.993989599 -0.919473728 -5.368849755 0.239352024 0.639870088 -0.548796587 0.303941758 -0.443855816
1578862390.158253249 -0.823443731 -5.364668985 0.241779552 0.642364567 -0.553456708 0.294651771 -0.440719603
1578862390.488647250 -0.587699851 -5.345642098 0.266235080 0.637517562 -0.557962646 0.285513371 -0.448030311
1578862390.817173949 -0.422808845 -5.327011800 0.264300586 0.654919948 -0.552955179 0.256797592 -0.446514757
1578862391.179300750 -0.356766762 -5.301174764 0.253581149 0.680817079 -0.518462936 0.223851802 -0.466448989
1578862391.278232050 -0.280018133 -5.298358517 0.244575020 0.690006747 -0.502864651 0.219989254 -0.471828952
1578862391.673957799 0.012480005 -5.195275074 0.244611435 0.743168242 -0.423711939 0.201280802 -0.477132263
1578862392.036084299 0.178408784 -5.121531011 0.233160344 0.791929001 -0.331679105 0.168056596 -0.484349471
1578862392.200347900 0.256054353 -5.074903790 0.211320891 0.814729344 -0.284040251 0.155670658 -0.480940617
1578862392.431810450 0.310391821 -5.022915647 0.185460085 0.839296557 -0.222622379 0.132759712 -0.477907339
1578862392.530741499 0.352484458 -4.989113186 0.173098828 0.846322565 -0.201518054 0.118797653 -0.478555855
1578862392.991799650 0.527005056 -4.799675205 0.145666714 0.863112530 -0.113720564 0.065344774 -0.487682739
1578862393.057131699 0.538530914 -4.781632429 0.135003895 0.865290044 -0.102808405 0.060834207 -0.486829303
1578862393.387525300 0.571254206 -4.649719168 0.115410265 0.878822176 -0.059527743 0.032701102 -0.472290874
1578862393.551788699 0.582863481 -4.578303467 0.091168963 0.887005688 -0.037953488 0.033651963 -0.458964037
1578862393.913915300 0.606844868 -4.416660494 0.080240549 0.885388808 -0.006699778 0.004794780 -0.464778207
1578862394.078179050 0.608129775 -4.331745754 0.057657545 0.884136499 0.007934992 -0.001746789 -0.467158041
1578862394.408572549 0.603525645 -4.154719373 0.022937214 0.893106602 0.027589615 -0.018097271 -0.448633369
1578862394.705366699 0.585041046 -3.975642754 0.006631537 0.892751125 0.037361014 -0.034565528 -0.447665956
1578862395.099226099 0.549687887 -3.656510143 -0.004166755 0.888038164 0.046435852 -0.050531870 -0.454619029
1578862395.265356200 0.516363434 -3.592484553 -0.036218748 0.888894265 0.053208394 -0.052984359 -0.451916486
1578862395.659215200 0.425557137 -3.256272806 -0.046555499 0.880725790 0.062253219 -0.061688492 -0.465447258
1578862395.726414350 0.405834662 -3.205740459 -0.061845139 0.880507984 0.062849199 -0.065058312 -0.465320411
1578862396.120273549 0.298222095 -2.907656733 -0.077090556 0.885044876 0.070626774 -0.069565974 -0.454827442
1578862396.219204899 0.267390706 -2.839110838 -0.079821944 0.884657252 0.070535359 -0.072171602 -0.455189598
1578862396.417067900 0.201678992 -2.700295644 -0.075589875 0.873779284 0.072668710 -0.072616060 -0.475348220
1578862396.911724750 0.099024101 -2.447679623 -0.055222363 0.868739226 0.074720192 -0.083769354 -0.482381329
1578862397.208519150 0.012029575 -2.221004827 -0.037008982 0.861777606 0.072916932 -0.086250314 -0.494553700
1578862397.372782949 -0.034061724 -2.104928318 -0.024647174 0.860326738 0.070769086 -0.090165390 -0.496688879
1578862397.768508700 -0.139389958 -1.788639081 0.008608473 -0.855438531 -0.070375519 0.092852298 0.504629227
1578862398.162367699 -0.193386276 -1.579260048 0.055046528 -0.843526428 -0.070060452 0.096381840 0.523703389
1578862398.492761800 -0.275433063 -1.297472961 0.101470827 -0.833779028 -0.071879521 0.094475077 0.539184872
1578862398.789555999 -0.290322422 -1.161623235 0.131350965 -0.834619235 -0.072668961 0.095010090 0.537683026
1578862399.151682600 -0.332653039 -0.929579553 0.157916892 -0.844511038 -0.076634143 0.093866005 0.521648817
1578862399.315946049 -0.348354356 -0.842063317 0.157175328 -0.847197180 -0.077202582 0.097205978 0.516573032
1578862399.646339600 -0.369316546 -0.649839182 0.192482628 -0.838842555 -0.078828254 0.097906907 0.529663584
1578862399.875935300 -0.370996828 -0.551164788 0.223704516 -0.833358852 -0.079516042 0.101512655 0.537480607
1578862400.271661400 -0.382614317 -0.306275196 0.293457493 -0.824621991 -0.077755104 0.112884259 0.548825893
1578862400.568455400 -0.380965283 -0.156639421 0.323518309 -0.828463663 -0.069210778 0.138201739 0.538291842
1578862400.896982399 -0.376597535 -0.038044602 0.353558879 -0.833193522 -0.069162487 0.209798851 0.506941365
1578862401.128444849 -0.383855175 0.043433571 0.365445665 0.827770854 0.093599189 -0.251180468 -0.492892460
1578862401.456971750 -0.404486674 0.108962361 0.361355957 0.822230938 0.164080183 -0.293973929 -0.458904464
1578862401.688434349 -0.433824454 0.148643533 0.342072595 0.803664412 0.233305757 -0.312896129 -0.449208135
1578862402.016961299 -0.489834292 0.132775689 0.320598513 0.778043503 0.333045834 -0.330934667 -0.417385944
1578862402.313755499 -0.534948291 0.165826691 0.317137483 0.743080168 0.416107418 -0.347719104 -0.392145260
1578862402.610550200 -0.601228130 0.187529175 0.289581892 0.710605525 0.485728190 -0.354936489 -0.364867101
1578862403.006275750 -0.682550400 0.163038996 0.252967531 0.671462674 0.543390688 -0.366374133 -0.345882107
1578862403.334802950 -0.797543020 0.137750349 0.212301975 0.644961388 0.590307874 -0.353837676 -0.332205239
1578862403.566265149 -0.888907377 0.128589394 0.180678947 0.625882797 0.617149106 -0.347933534 -0.326098086
1578862403.993723549 -1.116102636 0.082651662 0.137043619 0.605906520 0.644499952 -0.346690393 -0.311934083
1578862404.355850249 -1.298043311 0.048822501 0.111499817 0.602541508 0.654044933 -0.344662170 -0.300627586
1578862404.454781400 -1.345345825 0.043436882 0.096746990 0.601964787 0.655277603 -0.345765478 -0.297818555
1578862404.816907900 -1.646460858 0.026082144 0.067643985 0.606110725 0.652724662 -0.344648010 -0.296307364
1578862405.147301599 -1.845998210 0.043621039 0.030619775 0.613263561 0.650174187 -0.334848450 -0.298425613
1578862405.509428399 -1.962600409 0.101533834 0.011564605 0.624430266 0.640884970 -0.326423780 -0.304632259
1578862405.772623199 -2.149514419 0.144628470 -0.021038545 0.635648235 0.634596903 -0.314408309 -0.307222246
1578862406.168349150 -2.328685748 0.242702594 -0.040371627 0.653702795 0.621670963 -0.293064218 -0.316719487
1578862406.397944650 -2.538467450 0.313491224 -0.065078733 0.665484048 0.613662680 -0.277311658 -0.321943072
1578862406.694738800 -2.762712860 0.409397399 -0.095517217 0.683565228 0.598460945 -0.262805711 -0.324832625
1578862406.991533400 -2.966299380 0.515745017 -0.119020584 0.699830595 0.577146974 -0.260504359 -0.330569187
1578862407.387259200 -3.202501409 0.658858915 -0.133434600 0.713551781 0.555276069 -0.248149259 -0.347756076
1578862407.814720600 -3.468203104 0.835782429 -0.135026891 0.731611742 0.527979276 -0.241438629 -0.357336719
1578862407.947248600 -3.546379034 0.890346730 -0.137706074 0.735789622 0.519904264 -0.237381135 -0.363267649
1578862408.408306600 -3.757836347 1.065599762 -0.129282301 0.756174944 0.486806963 -0.229432715 -0.372262090
1578862408.473638550 -3.786004819 1.090686703 -0.131927925 0.759231479 0.481291902 -0.229462703 -0.373192356
1578862409.033628100 -4.102496176 1.352542264 -0.131543667 0.784565262 0.430931097 -0.223195098 -0.385927050
1578862409.528285100 -4.313295938 1.567666975 -0.113843710 0.805140558 0.384626428 -0.214949998 -0.396998352
1578862409.757880700 -4.400633076 1.668609738 -0.113832229 0.815959098 0.359193896 -0.215113466 -0.398643565
1578862410.252537749 -4.548051473 1.876814830 -0.087683895 0.827613398 0.299589198 -0.225298856 -0.417783199
1578862410.351469250 -4.590043555 1.934487613 -0.080409037 0.829493998 0.288096206 -0.228166361 -0.420571511
1578862410.911458649 -4.674755236 2.132556633 -0.035508538 0.833744382 0.224816061 -0.242603710 -0.442121573
1578862411.307184649 -4.698246179 2.254144670 -0.007326213 0.832150991 0.183859667 -0.251408691 -0.458818069
1578862411.471448100 -4.678273126 2.278983335 0.009480504 0.831334651 0.168164299 -0.255462790 -0.464049813
1578862411.932506100 -4.626567491 2.303639034 0.036104865 0.825444179 0.129185857 -0.265164221 -0.481290824
1578862412.328231699 -4.602872735 2.317261122 0.047105137 0.816174045 0.096981491 -0.279079137 -0.496557503
1578862412.755690450 -4.597897846 2.339917421 0.074979087 -0.804693429 -0.070025871 0.293325287 0.511395286
1578862413.151415849 -4.610278070 2.372455431 0.083375434 -0.790985427 -0.051045745 0.306161017 0.527258778
1578862413.448210250 -4.620298624 2.369602397 0.090879625 -0.778738739 -0.039504227 0.314612070 0.541317503
1578862413.745004799 -4.667587378 2.456321681 0.136193086 -0.768014898 -0.034827901 0.320497972 0.553372555
1578862414.172463050 -4.727941610 2.561457940 0.201940879 -0.750255163 -0.033366494 0.326871781 0.573723545
1578862414.469257449 -4.772431888 2.591146577 0.226461090 -0.737739618 -0.036981315 0.326771719 0.589570082
1578862414.732452649 -4.807092491 2.635805539 0.248031397 -0.725289826 -0.041355065 0.327757048 0.604003099
1578862414.995647499 -4.860971824 2.697566093 0.277682418 -0.713885945 -0.046730289 0.324775471 0.618630771
1578862415.326041150 -4.801115703 2.708907291 0.271101536 -0.698762396 -0.058238883 0.328139705 0.632980001
1578862415.654568300 -4.851654847 2.742883935 0.263372298 -0.682991525 -0.069694130 0.321628103 0.652089463
1578862415.753499699 -4.806766036 2.753887095 0.250088078 -0.678440198 -0.074893366 0.324032947 0.655066814
1578862415.787098849 -4.769186161 2.738777862 0.227072556 -0.675451756 -0.074412851 0.326132150 0.657164724
1578862415.852431250 -4.770810293 2.744277489 0.225249971 -0.672158128 -0.077376287 0.324248592 0.661119665
1578862415.951362349 -4.774287779 2.751662481 0.222000770 -0.667085605 -0.082742464 0.322726418 0.666331854
1578862416.016694599 -4.776600346 2.756359226 0.219411485 -0.663817646 -0.086315211 0.321271560 0.669836100
1578862416.115626000 -4.780231762 2.762933423 0.215078818 -0.658767042 -0.091912467 0.319225686 0.675035588
1578862416.180958099 -4.782649254 2.766980269 0.211890557 -0.655425084 -0.095691041 0.317782676 0.678435962
1578862416.248156950 -4.781555951 2.775576968 0.206804961 -0.651840515 -0.100066713 0.317265758 0.681493239
1578862416.313488749 -4.777107874 2.780717111 0.203132668 -0.648112133 -0.104103739 0.316814714 0.684646998
1578862418.915572800 -4.762342749 2.830829058 -0.226443373 -0.635536405 -0.245950599 0.224301718 0.696627964
1578862419.014504049 -4.809344859 2.835428593 -0.251047870 -0.657589601 -0.247331513 0.222953608 0.675791927
1578862419.113435349 -4.799004838 2.734595078 -0.270305867 -0.678246064 -0.250592170 0.221961120 0.654155259
1578862419.212366800 -4.816773743 2.607960663 -0.270844292 -0.698261611 -0.255228640 0.219339532 0.631806325
1578862419.376630549 -4.829960147 2.469844001 -0.241528663 -0.727633518 -0.259646284 0.212377318 0.598355367
1578862419.574493099 -4.916611311 2.447281362 -0.233842141 -0.756002890 -0.259854922 0.199787552 0.566586254
1578862419.871287650 -5.183724642 2.476021994 -0.317860528 -0.787763454 -0.260415172 0.179661548 0.528520962
1578862420.035551099 -5.333838400 2.602775875 -0.384300862 -0.799390281 -0.262861566 0.167002437 0.513798757
1578862420.168081950 -5.289923950 2.679433741 -0.374911489 -0.807862104 -0.264097144 0.158459340 0.502495928
1578862420.332345300 -4.950988109 2.696218606 -0.253869274 0.815461051 0.265106988 -0.149121912 -0.492447169
1578862420.563807899 -4.912603148 2.699722641 -0.249353250 0.815659651 0.275999645 -0.146569672 -0.486868423
1578862420.892335050 -4.876396011 2.691131858 -0.231558730 0.812662886 0.294622138 -0.142518470 -0.482146571
1578862421.056598300 -4.875632460 2.699124733 -0.231136856 0.813448030 0.297160417 -0.138362162 -0.480472581
1578862421.418725000 -4.880839997 2.717793593 -0.232775326 0.814732691 0.283763215 -0.135039893 -0.487291809
1578862421.715519249 -4.882119171 2.727625064 -0.231523899 0.818062479 0.267899144 -0.150937464 -0.486026451
1578862421.978714100 -4.875140437 2.720676163 -0.226452512 0.822636162 0.263931843 -0.163953729 -0.476160585
1578862422.275508449 -4.889535516 2.765305923 -0.234832452 0.827800731 0.277246613 -0.160101972 -0.460703402
1578862422.538703450 -4.888761234 2.766437092 -0.233453844 0.826094259 0.292207498 -0.157279338 -0.455462691
1578862422.934429649 -4.893145839 2.772667318 -0.236430586 0.824055272 0.317609788 -0.148116027 -0.445105127
1578862422.999761649 -4.894526405 2.774081858 -0.237465741 0.825031718 0.320439780 -0.146282185 -0.441862575
1578862423.066960300 -4.896023388 2.775604321 -0.238306981 0.825975218 0.323018841 -0.144935811 -0.438654054
1578862423.231223699 -4.901530471 2.778325028 -0.238063208 0.827245014 0.327064244 -0.147791352 -0.432264252
1578862423.528018100 -4.900929025 2.805648319 -0.231259970 0.825685856 0.321602289 -0.186698606 -0.424215118
1578862423.955476600 -4.904081739 2.817586999 -0.224909532 0.815362412 0.319788633 -0.230198917 -0.424179002
1578862424.317603049 -4.905595496 2.829883360 -0.216732164 0.806916691 0.322171541 -0.261621612 -0.420291666
1578862424.713328950 -4.905073498 2.836317629 -0.206942007 0.791878248 0.320082821 -0.296971794 -0.426946814
1578862424.877592800 -4.904522395 2.839725947 -0.203082352 0.786375793 0.318817978 -0.306916768 -0.431010796
1578862425.273318300 -4.895683902 2.844337844 -0.187749110 0.772571680 0.303461510 -0.335160673 -0.445770608
1578862425.570112999 -4.891802112 2.872966788 -0.178011191 0.767492858 0.281608840 -0.354030267 -0.454217728
1578862425.965838600 -4.863975749 2.906710296 -0.187592489 0.780187883 0.229602519 -0.336685438 -0.474586627
1578862426.195434499 -4.847295992 2.921962489 -0.202881582 0.795423609 0.202634706 -0.306680723 -0.481858270
1578862426.492228650 -4.819968341 2.942722552 -0.219210840 0.817012742 0.179704489 -0.267106294 -0.478383429
1578862426.591160049 -4.807122349 2.952659251 -0.224555904 0.822912502 0.173394485 -0.253700835 -0.477896698
1578862426.986885849 -4.740670611 3.000111074 -0.243560881 0.847793342 0.128025462 -0.202912804 -0.472950658
1578862427.151149349 -4.719804331 3.005337304 -0.249757300 0.855273704 0.103640047 -0.187742759 -0.471718442
1578862427.546875250 -4.663362551 3.027486116 -0.265038043 0.866194106 0.061806211 -0.153788425 -0.471420071
1578862427.776470950 -4.637599854 3.035683390 -0.274913725 0.871229748 0.043117254 -0.124355617 -0.472900951
1578862427.909001899 -4.621808031 3.040013948 -0.280602941 0.875334833 0.033130717 -0.100529952 -0.471789162
1578862428.073265399 -4.613928263 3.034481534 -0.289452206 0.878897101 0.021175640 -0.074794631 -0.470634935
1578862428.468991150 -4.527302816 3.047991685 -0.308533383 0.885263555 0.004461745 -0.038387283 -0.463481335
1578862428.633255149 -4.498826783 3.052191260 -0.309783973 0.885371713 -0.012399739 -0.033624213 -0.463500365
1578862429.258576249 -4.376552599 3.076071345 -0.306001567 0.878246098 -0.083277224 -0.003840496 -0.470886341
1578862429.588970099 -4.346352555 3.083499407 -0.295580684 0.886824918 -0.104372033 0.009246960 -0.450069481
1578862430.050027949 -4.283122985 3.091611929 -0.298650632 0.901904180 -0.141556306 0.015744919 -0.407777832
1578862430.511086100 -4.249667268 3.108466218 -0.306633957 0.907005163 -0.183165241 0.029452755 -0.378053785
1578862430.774281349 -4.202388463 3.122110042 -0.301774732 0.904332837 -0.207496256 0.036051706 -0.371251530
1578862431.071075450 -4.202771369 3.129284480 -0.303060022 0.897901742 -0.231324903 0.049243058 -0.371263211
1578862431.367870050 -4.190088209 3.135327815 -0.299980656 0.889508442 -0.255658085 0.064806098 -0.373113716
1578862431.763595649 -4.114969223 3.154023011 -0.290667408 0.881281873 -0.278434389 0.084296322 -0.372438829
1578862432.191054599 -4.122934069 3.157578499 -0.286557850 0.870881697 -0.301650685 0.107303161 -0.372904767
1578862432.618513300 -4.111707154 3.165603064 -0.282329738 0.863122546 -0.311623823 0.120856376 -0.378554883
1578862432.784643150 -4.098103807 3.174285470 -0.274570145 0.861083536 -0.314704849 0.121505845 -0.380437026
1578862433.311033499 -4.041628735 3.209810327 -0.248708584 0.854249949 -0.319804039 0.124657296 -0.390439445
1578862433.738491899 -4.022436973 3.233197659 -0.227824741 0.852551748 -0.320615672 0.128399376 -0.392268668
1578862434.332080849 -3.990953486 3.261887710 -0.195593645 0.848190686 -0.323170283 0.132125861 -0.398341919
1578862434.793138600 -3.969278047 3.277398034 -0.175621223 0.847893299 -0.321923425 0.134776994 -0.399095758
1578862435.155265000 -3.947737872 3.286934515 -0.159021017 0.847545154 -0.319078740 0.136831368 -0.401413934
1578862435.683521550 -3.919739401 3.298851540 -0.132267911 0.844351121 -0.317650556 0.138094964 -0.408777555
1578862436.209912000 -3.903443354 3.306604075 -0.117806106 0.844190517 -0.309481381 0.137092170 -0.415655366
1578862436.637370350 -3.897413945 3.317653171 -0.108898881 0.844373094 -0.306550357 0.129599526 -0.419839160
1578862437.395222549 -3.895392647 3.338254919 -0.087799495 0.833822505 -0.303586302 0.116517478 -0.446093112
1578862437.626685049 -3.898849472 3.337067718 -0.087371915 0.831475413 -0.300173498 0.114577916 -0.453228871
1578862438.054143350 -3.903609134 3.335286124 -0.082592133 0.834610942 -0.285839871 0.113652005 -0.456950069
1578862438.515201249 -3.889296847 3.353573613 -0.068246082 0.839347712 -0.271433859 0.109127706 -0.458159604
1578862438.811995649 -3.886040507 3.352821265 -0.064334748 0.839659097 -0.266811937 0.108265681 -0.460502479
1578862439.273053749 -3.876409584 3.337972980 -0.065067226 0.837901229 -0.266584755 0.107475971 -0.464007558
1578862439.734111649 -3.847095993 3.325531803 -0.060566104 0.838592297 -0.266536421 0.110334679 -0.462112058
1578862440.129837450 -3.829854601 3.315557542 -0.063281651 0.839062067 -0.264449983 0.115220744 -0.461264821
1578862440.689826899 -3.810616755 3.303517570 -0.069451612 0.837594039 -0.260150783 0.122801181 -0.464411096
1578862440.788758649 -3.807985323 3.299817131 -0.076299302 0.836687083 -0.258892385 0.125623252 -0.465991691
1578862441.414080299 -3.774453032 3.319484558 -0.085735840 0.836744131 -0.256863672 0.151192415 -0.459370403
1578862441.776206400 -3.759843891 3.333043644 -0.099038029 0.837723677 -0.254837676 0.167951800 -0.452845440
1578862442.171932400 -3.751363132 3.355176223 -0.109033902 0.845928559 -0.248884041 0.170850823 -0.439626663
1578862442.731921800 -3.778778757 3.369333869 -0.124460633 0.852324875 -0.233146206 0.132032078 -0.449168882
1578862443.291911750 -3.780644048 3.379047762 -0.132352531 0.853041958 -0.231000694 0.108696224 -0.455129903
1578862443.588706099 -3.772386233 3.396591968 -0.136519945 0.854328511 -0.223027565 0.119153536 -0.454074812
1578862444.312959099 -3.741119452 3.427714618 -0.151646477 0.853562998 -0.232089310 0.127122745 -0.448781203
1578862444.510822000 -3.726519463 3.438450354 -0.153940996 0.852829237 -0.233172646 0.129333223 -0.448982991
1578862444.971880049 -3.714500503 3.447885804 -0.164966134 0.853188539 -0.228819967 0.145728677 -0.445504088
1578862445.466537450 -3.664588243 3.472776807 -0.173894353 0.857079237 -0.214283703 0.169684744 -0.436697566
1578862445.927595149 -3.638948038 3.497953880 -0.182380225 0.855301717 -0.208643653 0.174036226 -0.441178185
1578862446.487584599 -3.639012582 3.504038696 -0.196603641 0.854737161 -0.216033722 0.155266184 -0.445697463
1578862446.883310550 -3.635237202 3.513992279 -0.208524988 0.856180026 -0.217818452 0.151504220 -0.443347895
1578862447.310769300 -3.631982266 3.527672569 -0.220281151 0.855139724 -0.219766556 0.153883370 -0.443574820
1578862447.672895649 -3.629076704 3.544671036 -0.229919656 0.855129276 -0.225369345 0.157889984 -0.439355589
1578862447.771827199 -3.628354069 3.549532865 -0.232447690 0.855760869 -0.226372666 0.156825081 -0.437989322
1578862448.365415750 -3.624295819 3.558774371 -0.243872771 0.856307123 -0.239711198 0.135545795 -0.436925612
1578862448.792874500 -3.614176575 3.560070540 -0.249142334 0.856727507 -0.244484141 0.140265977 -0.431938582
1578862449.253938550 -3.588468701 3.550477086 -0.256338477 0.857903067 -0.251217963 0.154550489 -0.420720821
1578862449.813921700 -3.560616823 3.531405404 -0.264605652 0.857848619 -0.268307585 0.163796240 -0.406543452
1578862449.847521000 -3.555404411 3.529221515 -0.262851465 0.858379835 -0.269157656 0.161508827 -0.405774708
1578862450.407510250 -3.521258390 3.501995983 -0.257614555 0.855016335 -0.275928776 0.148987297 -0.413053463
1578862450.933900400 -3.485647570 3.482105865 -0.257301943 0.852074521 -0.254658590 0.152086792 -0.431262821
1578862451.032831700 -3.475967883 3.479824621 -0.258518519 0.852427129 -0.248478201 0.155211055 -0.433054387
1578862451.592821099 -3.420712081 3.471904395 -0.266306889 0.855570886 -0.210621803 0.174226842 -0.439638400
1578862451.988547100 -3.397429823 3.460841984 -0.268884610 0.857192924 -0.199555777 0.155734199 -0.448491519
1578862452.548536150 -3.373063263 3.447945886 -0.268050776 0.858305174 -0.207429581 0.125663194 -0.452210083
1578862452.845330449 -3.352814998 3.445385090 -0.270707450 0.856923981 -0.206138478 0.113580122 -0.458571451
1578862453.470651950 -3.332545001 3.445914663 -0.277855092 0.858643881 -0.188950943 0.113753735 -0.462696784
1578862453.767446400 -3.328879295 3.458215008 -0.285207217 0.859596538 -0.185872863 0.122531071 -0.459925220
1578862454.327435550 -3.337305840 3.494055559 -0.292649773 0.866288011 -0.182469765 0.125422376 -0.447793584
1578862454.853825400 -3.358020820 3.542659303 -0.298529447 0.868868080 -0.182659457 0.115281775 -0.445436747
1578862455.413815049 -3.375449256 3.594500233 -0.294311602 0.865618627 -0.197727934 0.082791806 -0.452497042
1578862455.744208749 -3.378701846 3.624577220 -0.294147028 0.864162534 -0.205068336 0.077501283 -0.452949936
1578862456.434862149 -3.372039709 3.688755418 -0.290659175 0.861942050 -0.213770899 0.108238594 -0.446813509
1578862456.895919799 -3.361793471 3.725297881 -0.289836485 0.859942988 -0.219159716 0.127702821 -0.442898482
1578862456.994851450 -3.361117362 3.732371412 -0.288730231 0.858955332 -0.220776955 0.130218327 -0.443279213
1578862457.455909150 -3.355873935 3.764069312 -0.283157889 0.854720670 -0.224863622 0.140744205 -0.446183814
1578862457.950566599 -3.352247144 3.793366656 -0.277707390 0.852891097 -0.228274355 0.140951135 -0.447884331
1578862458.476956349 -3.356076025 3.819545950 -0.268178514 0.845985930 -0.225497025 0.127672619 -0.466002790
1578862458.773750799 -3.354547499 3.819501698 -0.261216400 0.841407950 -0.231882700 0.121159167 -0.472846202
1578862459.432671300 -3.348023360 3.831017786 -0.248585588 0.836999110 -0.237440839 0.122172024 -0.477627820
1578862459.794797800 -3.343276552 3.831541811 -0.241468280 0.839227658 -0.226419904 0.128116331 -0.477511435
1578862460.091592300 -3.342340344 3.825211149 -0.238892135 0.841937444 -0.212935005 0.134284979 -0.477250007
1578862460.519050349 -3.306408760 3.838955023 -0.219248976 0.844935933 -0.207466007 0.130535444 -0.475396280
1578862461.013707550 -3.270362305 3.826494394 -0.212485323 0.848269959 -0.212259888 0.130161801 -0.467377493
1578862461.540097800 -3.222255189 3.816837215 -0.207757298 0.848692077 -0.211875355 0.144748943 -0.462469821
1578862461.771559999 -3.198539972 3.810017036 -0.206181525 0.847788668 -0.209673420 0.152488707 -0.462643088
1578862462.068354149 -3.177103784 3.803485721 -0.203484422 0.840709436 -0.206674317 0.161867725 -0.473594985
1578862462.331549099 -3.164702486 3.803608642 -0.204457680 0.834580900 -0.203662595 0.167343507 -0.483727630
1578862462.792606949 -3.060911178 3.845765674 -0.172826648 -0.821114767 0.201876920 -0.156886670 0.510296798
1578862463.089401150 -3.019581813 3.892710201 -0.145724602 -0.806634092 0.206813435 -0.149952159 0.532995305
1578862463.451527849 -2.974490557 3.962638759 -0.124177402 -0.800482009 0.217281044 -0.131367952 0.542918007
1578862463.813654149 -2.903934213 4.067690279 -0.112476646 -0.817040409 0.229913946 -0.108271321 0.517553735
1578862463.878986349 -2.893509465 4.087823297 -0.110383507 -0.820429767 0.231011568 -0.107458107 0.511841195
1578862464.110448250 -2.868219335 4.145668327 -0.118335280 0.832263658 -0.234651477 0.093663206 -0.493460325
1578862464.209379850 -2.852618447 4.176388046 -0.113833709 0.836031489 -0.237002281 0.089531000 -0.486688265
1578862464.506173949 -2.784843089 4.313710742 -0.108407808 0.842649264 -0.239302862 0.083251138 -0.475126937
1578862464.735769550 -2.773352885 4.358616170 -0.111433653 0.847291084 -0.241488461 0.084720395 -0.465406915
1578862464.967231700 -2.716009218 4.488254057 -0.122461714 0.855686024 -0.247028132 0.076970428 -0.448167472
1578862465.230426900 -2.628544963 4.689914015 -0.127510586 0.856984241 -0.243221549 0.085928306 -0.446136319
1578862465.394690299 -2.601856207 4.750263762 -0.120318037 0.856239944 -0.245052690 0.084209309 -0.446890513
1578862465.592553150 -2.573305663 4.816343330 -0.122101717 0.856446272 -0.242952349 0.089052070 -0.446703109
1578862465.756816599 -2.540654841 4.892426933 -0.128023023 0.861129748 -0.246418335 0.083232653 -0.436813332
1578862465.922946950 -2.483236044 5.025023601 -0.128453649 0.861549733 -0.244490190 0.090335789 -0.435655885
1578862466.053610999 -2.449635511 5.098339500 -0.126494740 0.857097584 -0.242584328 0.092402167 -0.444970129
1578862466.152542599 -2.431426406 5.138103677 -0.126480745 0.859666624 -0.244187861 0.088955612 -0.439809599
1578862466.251473849 -2.408450537 5.182862315 -0.125393398 0.863087882 -0.244520768 0.087680973 -0.433129252
1578862466.384004750 -2.371201017 5.266149922 -0.130518297 0.861682641 -0.240482158 0.095374189 -0.436549106
1578862466.449336599 -2.371155586 5.266819415 -0.135266832 0.860186417 -0.239632820 0.095932455 -0.439832244
1578862466.712531850 -2.303971249 5.396111674 -0.123419581 0.856185050 -0.243042804 0.096096442 -0.445693650
1578862467.009325649 -2.245274300 5.500460806 -0.126559397 0.853708746 -0.247123041 0.095940648 -0.448226474
1578862467.074658199 -2.220624982 5.543942746 -0.124946751 0.853997355 -0.246925383 0.097723609 -0.447399676
1578862467.272520999 -2.172113294 5.629948529 -0.141558696 0.861335322 -0.248322653 0.091612761 -0.433640895
1578862467.634647149 -2.039347207 5.831492179 -0.158298511 0.860713841 -0.252605004 0.088399988 -0.433067937
1578862467.931441600 -1.948567224 5.954340499 -0.131180829 0.842373075 -0.252144442 0.099146349 -0.465833431
1578862468.358899799 -1.835802602 6.084384790 -0.110022247 0.832124087 -0.253738954 0.101187254 -0.482646027
1578862468.754625450 -1.689940057 6.258896297 -0.097739020 0.830895535 -0.253030800 0.097903316 -0.485801364
1578862469.215683600 -1.596025397 6.366165396 -0.083672546 0.830741613 -0.251689359 0.093465655 -0.487632044
1578862469.676741200 -1.468368929 6.532769501 -0.087179195 0.836085335 -0.257129476 0.084385969 -0.477205148
1578862470.007134900 -1.404252656 6.625138869 -0.092803907 0.837714617 -0.258776974 0.084333655 -0.473451721
1578862470.171398450 -1.376190048 6.671425644 -0.093225074 0.837390963 -0.260029112 0.081362077 -0.473858047
1578862470.533524649 -1.303293785 6.799959742 -0.089692739 0.837094323 -0.256068353 0.084795372 -0.475932598
1578862470.731387400 -1.265480352 6.874595698 -0.074547819 0.832132933 -0.254252000 0.090527016 -0.484474520
1578862471.093513999 -1.204297584 6.999107955 -0.052091237 0.822477481 -0.255676043 0.095711318 -0.498998895
1578862471.653503149 -1.094883561 7.219513264 -0.044660844 0.829683014 -0.256393344 0.089564170 -0.487715910
1578862471.950297450 -1.028473732 7.352745407 -0.030111622 0.834426164 -0.256288829 0.090601565 -0.479416696
1578862472.278824550 -0.949643941 7.496465466 -0.023793712 0.842614244 -0.243304367 0.097074803 -0.470511108
1578862472.575618599 -0.902800137 7.586462386 -0.011500527 0.841215384 -0.209165392 0.082820853 -0.491677967
1578862472.872412899 -0.833943118 7.734006242 0.018762835 -0.834732960 0.168234700 -0.047662816 0.522155367
1578862473.135607750 -0.784861780 7.838465177 0.054337068 -0.827712782 0.115771809 -0.016154348 0.548841941
1578862473.531333599 -0.741599104 7.962948086 0.076564933 -0.835788727 0.016379901 0.030733657 0.547945567
1578862473.893459650 -0.714178540 8.059777876 0.115059277 -0.818536842 -0.074429499 0.091597408 0.562198900
1578862474.223853549 -0.715154557 8.109469116 0.155298225 -0.799011161 -0.128425894 0.209822736 0.548691511
1578862474.388117200 -0.728505227 8.130513994 0.194143828 -0.785041145 -0.150703995 0.300342168 0.520378025
1578862474.617712799 -0.737694991 8.145046204 0.243019553 0.761238446 0.196101966 -0.407763104 -0.464531268
1578862474.849174649 -0.757782929 8.115688926 0.303941318 0.731363844 0.236101767 -0.517174315 -0.376687683
1578862474.914507000 -0.747338995 8.124580340 0.319702460 0.724461900 0.244982082 -0.535441149 -0.358387375
1578862475.112369549 -0.765046875 8.100203036 0.365067815 0.699024166 0.304699327 -0.557082348 -0.328911529
1578862475.177701600 -0.766066749 8.092655830 0.386547994 0.685464464 0.319625619 -0.570327636 -0.320475148
1578862475.409163799 -0.776594622 8.072317657 0.426095873 0.636898358 0.379444030 -0.588383273 -0.322781402
1578862475.573427550 -0.804889594 8.011227849 0.471760891 -0.601067016 -0.415175545 0.611185699 0.304630516
1578862475.638759550 -0.780762392 8.022251830 0.495884548 -0.584496948 -0.422433333 0.626548508 0.295550952
1578862475.870221550 -0.766298976 7.997728689 0.536387627 -0.525489765 -0.470691939 0.648765525 0.285329456
1578862476.034485449 -0.782206046 7.969764972 0.573033197 -0.485030914 -0.498395460 0.662473039 0.278345918
1578862476.133416800 -0.781434104 7.947440297 0.584866699 -0.465809218 -0.518710744 0.664687103 0.268611228
1578862476.265947449 -0.787402042 7.925526725 0.621375106 -0.445397958 -0.546216111 0.662190048 0.254505322
1578862476.430210900 -0.824008182 7.878337546 0.658625871 -0.413259767 -0.567806082 0.664849843 0.254533503
1578862476.495542900 -0.824036159 7.854671967 0.654363088 -0.401918073 -0.579711635 0.663180734 0.250175132
1578862476.594474450 -0.865370179 7.819337051 0.661833035 -0.390025965 -0.596171852 0.659923651 0.238662199
1578862476.659806599 -0.874611614 7.808414968 0.678576608 -0.380629771 -0.601592042 0.661429246 0.236049454
1578862476.727005000 -0.882543279 7.805735080 0.672214390 -0.370491157 -0.608369730 0.660332053 0.237874239
1578862476.792337399 -0.877690748 7.797988885 0.672031747 -0.359769326 -0.616993047 0.658243289 0.237910453
1578862476.891268799 -0.876368808 7.803246049 0.651477218 -0.347235555 -0.634265349 0.651418739 0.229757618
1578862477.055537400 -0.904813963 7.793588597 0.656214693 0.336659939 0.659143243 -0.637454903 -0.214106322
1578862477.253395250 -0.909174131 7.783819242 0.647341939 0.311690930 0.681436262 -0.625489854 -0.217384057
1578862477.451258100 -0.927162319 7.754469447 0.670502376 0.302074280 0.698817293 -0.616374154 -0.201217353
1578862477.615521600 -0.899946077 7.797049686 0.656068130 0.284671533 0.713794267 -0.606104517 -0.205175965
1578862477.748052200 -0.896287777 7.803817927 0.650060159 0.279903271 0.724933827 -0.599277613 -0.192331609
1578862478.076579349 -0.914058407 7.771767877 0.656320572 0.259330521 0.751779105 -0.578560135 -0.181229215
1578862478.373373449 -0.923889012 7.754753630 0.655944481 0.243531677 0.776313982 -0.555623045 -0.171207348
1578862478.472305049 -0.929253670 7.742881993 0.651708021 0.240670470 0.782141400 -0.550677952 -0.164579307
1578862478.834431549 -0.950247015 7.707870509 0.648538374 0.235364709 0.807096075 -0.521009365 -0.147474136
1578862479.097626300 -0.961572838 7.691973369 0.647951222 0.232850361 0.823861116 -0.499167882 -0.133660004
1578862479.230157249 -0.967186595 7.681624651 0.644225420 0.228250318 0.828349059 -0.495133821 -0.128771608
1578862479.691214849 -0.993115880 7.638747176 0.633713326 0.222327154 0.853938703 -0.456880021 -0.112338662
1578862480.086940849 -1.036917375 7.577952443 0.617664776 0.218380695 0.866858927 -0.434637865 -0.109340749
1578862480.251204399 -1.062924448 7.542869403 0.612041980 0.221168653 0.874393729 -0.418800024 -0.105482573
1578862480.646929899 -1.083634735 7.521346300 0.601064180 0.220132001 0.884226335 -0.400052582 -0.098201944
1578862480.712262000 -1.087954198 7.517158050 0.599925616 0.218076808 0.885329288 -0.398236307 -0.100211784
1578862481.107988000 -1.128257290 7.468568156 0.589732619 0.218505295 0.887673029 -0.393829945 -0.095864512
1578862481.173319750 -1.138841380 7.454931971 0.586431780 0.217740826 0.884808121 -0.400622135 -0.095944908
1578862481.535446200 -1.159358113 7.426133879 0.590832503 0.219255291 0.872454794 -0.426227370 -0.095288921
1578862481.832240300 -1.205273541 7.364216050 0.592852372 0.224427184 0.860282787 -0.448667296 -0.090794399
1578862482.129035000 -1.235598064 7.318068052 0.599789952 0.225683002 0.842719944 -0.480159875 -0.091305932
1578862482.457561900 -1.267443913 7.267287292 0.613262269 0.224922514 0.827823575 -0.505403473 -0.093195065
1578862482.689023950 -1.290376310 7.227103463 0.632264782 0.225535342 0.818752446 -0.519736366 -0.093018022
1578862482.952219199 -1.315290060 7.183420973 0.642211784 0.224551830 0.803390769 -0.543691946 -0.092405712
1578862483.249013149 -1.353015574 7.108999484 0.666687044 0.225139997 0.799667219 -0.548668157 -0.093848676
1578862483.545807899 -1.361148188 7.082894804 0.672172005 0.226584498 0.804216064 -0.542125399 -0.089420580
1578862483.809002549 -1.379192731 7.032790154 0.681648495 0.229489655 0.809145070 -0.535079244 -0.079428939
1578862484.072197750 -1.390594588 6.993717693 0.687833567 0.224906251 0.809541024 -0.534850700 -0.089416086
1578862484.270060600 -1.399966095 6.962068871 0.697160999 0.240484647 0.805160247 -0.536792546 -0.075748747
1578862484.335392550 -1.406990735 6.943741192 0.700046719 0.243862184 0.806559118 -0.531695771 -0.085400412
1578862484.731118450 -1.436333473 6.855577492 0.716635333 0.294393364 0.794017752 -0.519465477 -0.114122631
1578862485.027912700 -1.465190614 6.791317103 0.736510323 0.344682049 0.761229185 -0.525324936 -0.160493379
1578862485.356445599 -1.485947836 6.769634296 0.739732223 0.416069497 0.719164116 -0.511679914 -0.218798566
1578862485.587901850 -1.517074343 6.719836999 0.750323288 0.470493838 0.692057213 -0.486753416 -0.250526394
1578862485.916429050 -1.542971033 6.698965740 0.755305068 0.545287483 0.639559584 -0.457691817 -0.290074645
1578862486.048959599 -1.564127835 6.678190141 0.752075840 0.574929360 0.621257826 -0.447665938 -0.288253626
1578862486.411086200 -1.597552378 6.663144871 0.761996971 0.648684717 0.552737656 -0.429593757 -0.298560589
1578862486.773212099 -1.639398393 6.656697427 0.761222294 0.736711114 0.455655469 -0.414868974 -0.278421554
1578862486.838544599 -1.646388511 6.656969300 0.760851733 0.751109075 0.439438112 -0.406514763 -0.278343405
1578862486.905743249 -1.642080370 6.666295868 0.759243950 0.765429390 0.417515782 -0.403949846 -0.276808495
1578862487.004674549 -1.643893674 6.678317913 0.762438690 0.786767937 0.379242593 -0.404568340 -0.271100955
1578862487.333201649 -1.694882362 6.707155538 0.767249923 0.838103379 0.275325631 -0.370290380 -0.290970030
1578862487.629996049 -1.723722104 6.756227276 0.755289711 0.881583836 0.192307823 -0.325717544 -0.282375145
1578862487.926790000 -1.747945928 6.826132869 0.749214681 0.916181044 0.103608875 -0.276093120 -0.271385492
1578862488.255316950 -1.757165699 6.882526833 0.731405798 0.936898038 0.024734133 -0.209237392 -0.278980292
1578862488.354248749 -1.767611932 6.905240543 0.728840175 0.940585692 0.004889254 -0.190145111 -0.281281865
1578862488.749974300 -1.788644382 7.022322491 0.699393560 0.947330785 -0.063198591 -0.133092890 -0.284352956
1578862489.046768450 -1.782310484 7.059749549 0.680825415 0.947972802 -0.105874331 -0.099929864 -0.283111666
1578862489.112100649 -1.785146201 7.086092545 0.674073107 0.948251566 -0.113380277 -0.091049096 -0.282265729
1578862489.408895000 -1.784310539 7.162896177 0.636938861 0.949716045 -0.146995447 -0.069359416 -0.267621083
1578862489.672090149 -1.787456993 7.290898264 0.594494158 0.945172841 -0.168256050 -0.046652957 -0.275974101
1578862489.968884199 -1.769863685 7.439351889 0.564913721 0.934237823 -0.186136558 -0.018877139 -0.303638807
1578862490.297411199 -1.741234095 7.577019025 0.555255750 0.916458606 -0.202775955 0.010660901 -0.344778016
1578862490.528873250 -1.713985547 7.699880752 0.552769625 0.900362637 -0.211173003 0.030480245 -0.379241400
1578862490.825667950 -1.676587980 7.825183689 0.555108868 0.884146905 -0.217603613 0.051110426 -0.410268987
1578862491.154194599 -1.622680224 7.999087423 0.559898537 0.874615201 -0.220407803 0.068899387 -0.426288077
1578862491.352057699 -1.599182601 8.075047389 0.557852921 0.865822250 -0.224073628 0.069115510 -0.442002134
1578862491.549920349 -1.575641408 8.138638515 0.565712762 0.863028127 -0.227254616 0.076588103 -0.444603255
1578862491.779516200 -1.539657086 8.246604319 0.569497329 0.855747980 -0.233246419 0.077091250 -0.455355293
1578862492.010978450 -1.490923959 8.364841035 0.590113953 0.845264140 -0.232346640 0.090222240 -0.472655815
1578862492.242440449 -1.447542834 8.460955228 0.606668146 0.840090888 -0.234669153 0.091212712 -0.480476774
1578862492.570967399 -1.386162731 8.580383531 0.629051128 -0.827249409 0.235769415 -0.095721361 0.500907795
1578862492.867761600 -1.334723955 8.668685728 0.660279096 -0.809606544 0.236513491 -0.107706869 0.526305845
1578862493.130962700 -1.292972265 8.728623312 0.694760368 -0.796081895 0.236411075 -0.116528739 0.544779289
1578862493.427751150 -1.250296211 8.785381403 0.721996993 -0.782517127 0.233713714 -0.118056504 0.564896015
1578862493.493083149 -1.235987667 8.801404286 0.731341658 -0.783096160 0.233806269 -0.119092535 0.563836856
1578862493.888809000 -1.155888826 8.899871706 0.757942941 -0.793799759 0.236967166 -0.108955868 0.549415256
1578862494.185603000 -1.101642191 8.964354489 0.765038860 -0.797296602 0.240231533 -0.099183924 0.544765536
1578862494.250935200 -1.084539301 8.985995757 0.774782180 -0.800473207 0.241113358 -0.098116460 0.539889020
1578862494.613061600 -1.001532702 9.079128461 0.799045274 -0.803203248 0.245521048 -0.091754352 0.534944012
1578862495.008787150 -0.925916501 9.150148692 0.847818944 -0.778181579 0.244473126 -0.107662585 0.568396947
1578862495.305581599 -0.839878679 9.233071118 0.878121702 -0.777285083 0.243476158 -0.113017050 0.569011780
1578862495.469845049 -0.810559640 9.258458145 0.884435313 -0.786333144 0.246498242 -0.108251362 0.556057952
1578862495.831971449 -0.711340376 9.361522424 0.896570346 -0.805391457 0.246910207 -0.103251497 0.528884750
1578862495.996235099 -0.654691035 9.421784536 0.903134250 -0.808954955 0.244152421 -0.110062326 0.523323762
1578862496.391960900 -0.572364183 9.522393464 0.900380618 -0.826327289 0.239953215 -0.080549365 0.503107807
1578862496.490892050 -0.562255101 9.539947061 0.894164072 0.833597201 -0.226356651 0.077090268 -0.497931183
1578862496.853018550 -0.509686191 9.647485951 0.892893562 -0.847232378 0.156460002 -0.060157703 0.504081955
1578862496.951949649 -0.495506759 9.678996168 0.892499274 -0.851778899 0.127033082 -0.062773510 0.504375643
1578862497.248744449 -0.470287288 9.785698344 0.890218651 -0.860183668 0.053207036 -0.027075307 0.506478031
1578862497.314076249 -0.464735733 9.807009827 0.890340870 -0.859118197 0.035469666 -0.017156625 0.510258244
1578862497.644469850 -0.448960535 9.937487718 0.905557973 -0.854288805 -0.055120852 0.034047360 0.515745195
1578862497.972996749 -0.478122458 9.997052606 0.900705440 0.857516646 0.150185643 -0.064092552 -0.487854096
1578862498.269791050 -0.506317622 10.111990163 0.867916594 0.850652786 0.254166893 -0.018062245 -0.459850827
1578862498.532986299 -0.566876191 10.190110057 0.846052155 0.805523588 0.369123951 0.009460922 -0.463454150
1578862498.829780200 -0.656345044 10.299000770 0.846370264 0.742608523 0.460501219 -0.012094262 -0.486132634
1578862499.126574700 -0.737642966 10.311169175 0.870362287 -0.667419210 -0.545326963 0.048764730 0.504769357
1578862499.356170250 -0.791181160 10.303021289 0.880584690 0.622646616 0.603260199 -0.100870002 -0.488071272
1578862499.554032899 -0.878656859 10.313943196 0.876531982 0.601706344 0.640739090 -0.124398833 -0.460356193
1578862499.916159700 -0.994959011 10.308945253 0.892658874 0.540530437 0.708834941 -0.180458970 -0.415709554
1578862500.212953699 -1.099087313 10.283031848 0.891255293 0.492862892 0.756391036 -0.226278390 -0.365727851
1578862500.246553199 -1.105201428 10.278465454 0.895685228 0.488073282 0.759745840 -0.234482899 -0.359984029
1578862500.707610800 -1.319676826 10.205103222 0.921797338 0.428625217 0.796696278 -0.312245490 -0.289927951
1578862500.970805749 -1.427541274 10.145555767 0.941999380 0.403368595 0.803336753 -0.358679338 -0.251580941
1578862501.267600300 -1.542600027 10.073252228 0.962565971 0.373576226 0.809139297 -0.396132625 -0.220937422
1578862501.497195649 -1.639900713 10.004184914 0.953238203 0.361516195 0.826770218 -0.387141284 -0.189416666
1578862501.892921450 -1.733527036 9.901816253 0.952309465 0.335998284 0.833430632 -0.408511993 -0.160051510
1578862502.255047950 -1.930218157 9.720034250 0.991612319 0.316580682 0.824374072 -0.447812088 -0.140172734
1578862502.551841749 -2.031689477 9.592548230 0.990461112 0.303396690 0.823791551 -0.461201096 -0.128885522
1578862502.650773399 -2.067738594 9.543507741 1.001782427 0.300503136 0.825350895 -0.461044651 -0.126220420
1578862503.046499250 -2.203476510 9.351182206 1.034452541 0.282393801 0.818155618 -0.486126516 -0.120648812
1578862503.375026149 -2.327657875 9.173116755 1.084192606 0.274046832 0.810540904 -0.505199767 -0.112671964
1578862503.572888649 -2.406317276 9.053510334 1.119548152 0.266381759 0.803982251 -0.518020139 -0.119617869
1578862503.836083799 -2.483656895 8.924270626 1.152644838 0.263016748 0.800171424 -0.527483963 -0.110943912
1578862504.132877799 -2.567688391 8.776754120 1.172399550 0.257489367 0.807802464 -0.519605973 -0.105660013
1578862504.166477499 -2.576300256 8.756135776 1.174331002 0.256486533 0.809490471 -0.517546498 -0.105287503
1578862504.297141449 -2.614798199 8.687698875 1.182929041 0.253072777 0.813474475 -0.512765827 -0.106229251
1578862504.528603700 -2.674476035 8.576406694 1.193651033 0.247378477 0.808237006 -0.524264726 -0.103456891
1578862504.857132099 -2.749894339 8.421387520 1.205236883 0.244620656 0.809282053 -0.524418439 -0.101037588
1578862505.088592600 -2.810598349 8.287374096 1.227372771 0.244459494 0.814622728 -0.516729175 -0.098083270
1578862505.351787500 -2.886956112 8.120580024 1.261941078 0.245223046 0.809588522 -0.524545827 -0.096352259
1578862505.713913849 -2.979423858 7.902358276 1.320076853 0.238364285 0.804640828 -0.533628275 -0.104768649
1578862505.812846849 -2.998538490 7.853196625 1.336364314 0.237828277 0.803400536 -0.535353712 -0.106685011
1578862506.208571099 -3.090964949 7.611757640 1.399827463 0.231469089 0.790525592 -0.554692233 -0.117506917
1578862506.570697349 -3.179405289 7.369795043 1.486955197 0.228378443 0.780222665 -0.569497320 -0.121526469
1578862506.966422899 -3.215060104 7.205014039 1.563803686 0.223774385 0.769521334 -0.584226700 -0.128222869
1578862507.362148999 -3.290678853 6.992191869 1.658552857 0.217293708 0.759131210 -0.599172256 -0.132271910
1578862507.427480649 -3.296714253 6.968874812 1.675750152 0.217388470 0.758030689 -0.600306536 -0.133280875
1578862507.823206450 -3.342678303 6.815141295 1.767551280 0.214140949 0.745175364 -0.617058529 -0.134521754
1578862507.854939450 -3.340302431 6.806731631 1.774219052 0.213718633 0.744498990 -0.617644703 -0.136237365
1578862508.217065750 -3.381582977 6.620814654 1.881041752 0.209617035 0.733026695 -0.632793156 -0.135297389
1578862508.315997050 -3.391848999 6.562014138 1.916513381 0.208715335 0.731182739 -0.635037765 -0.136149725
1578862508.612791150 -3.435200409 6.409627960 1.977748796 0.206253417 0.725458928 -0.643155904 -0.132360701
1578862509.008516700 -3.486583345 6.232129042 2.089977886 0.205226156 0.716468173 -0.654157923 -0.128968966
1578862509.073848800 -3.500162721 6.212113104 2.116218890 0.206390612 0.715169190 -0.655362302 -0.128203735
1578862509.172780449 -3.508465697 6.154123151 2.145716343 0.205038010 0.711689535 -0.659025308 -0.130931521
