1578862335.477152586 0.322475382 -0.152424252 0.120398656 0.996972808 -0.003476457 -0.073499678 -0.025118351
1578862335.971809626 0.316564702 -0.157688758 0.146776440 0.995928009 0.002807504 -0.083981759 -0.032658573
1578862336.268604040 0.296247551 -0.151199742 0.167566215 0.995290882 0.007916325 -0.089558693 -0.036230275
1578862336.531799316 0.280665666 -0.120479144 0.180459155 0.995012372 0.012483103 -0.091273597 -0.038258104
1578862336.893925667 0.252726917 -0.079046640 0.191299834 0.995055951 0.014215763 -0.090916556 -0.037359690
1578862337.453915119 0.208259262 -0.001998862 0.192092903 0.995996745 0.008318760 -0.082899178 -0.032388398
1578862338.310699224 0.143504654 0.119307268 0.172272904 0.997487896 -0.011460352 -0.068796519 -0.012393423
1578862338.870689154 0.110563665 0.190824087 0.151907244 0.998035286 -0.029506745 -0.055197022 -0.002865092
1578862339.167483330 0.095099920 0.221927276 0.139551063 0.998099115 -0.041957781 -0.045136897 0.000602271
1578862339.430678368 0.082811274 0.240628803 0.128537881 0.998046513 -0.051387684 -0.035275058 0.004258433
1578862339.727473021 0.072235615 0.255706258 0.116960963 0.997727060 -0.061892240 -0.025461676 0.007859247
1578862339.957068682 0.065733134 0.266267415 0.109328401 0.997214164 -0.071279907 -0.019620981 0.009904661
1578862340.253863096 0.060635267 0.271924094 0.099260093 0.996342741 -0.082009289 -0.017425601 0.016491431
1578862340.517058372 0.055210371 0.274763348 0.096184036 0.995593454 -0.087669618 -0.024977012 0.021996866
1578862340.748520613 0.051261144 0.272808590 0.097878736 0.995137905 -0.088777569 -0.036211840 0.022534340
1578862341.077047825 0.048476118 0.260926619 0.097552402 0.994714967 -0.087582099 -0.049176052 0.021289124
1578862341.373842001 0.055171650 0.242913682 0.093898828 0.994642297 -0.081961161 -0.058879935 0.022410320
1578862341.769567966 0.081248965 0.220507807 0.085659548 0.995062841 -0.073345118 -0.065041466 0.015493352
1578862342.066362381 0.106001044 0.204195453 0.081367434 0.995055494 -0.073555938 -0.066184894 -0.008581829
1578862342.394889593 0.130523425 0.178016711 0.083348988 0.994889357 -0.066896346 -0.072279682 -0.022264192
1578862342.691684246 0.157282520 0.142246234 0.086565223 0.995668788 -0.048472901 -0.075460556 -0.024489723
1578862342.954885244 0.185850243 0.107977306 0.086302064 0.996219732 -0.036525014 -0.073889904 -0.027430858
1578862343.317005873 0.220715267 0.060525205 0.086582074 0.996567972 -0.032829873 -0.070969493 -0.027162631
1578862343.548468351 0.239264482 0.026009216 0.087437590 0.996625211 -0.034987342 -0.071486496 -0.020093695
1578862343.778064013 0.261148470 -0.009158514 0.089561231 0.996433691 -0.039219980 -0.074009598 -0.010211381
1578862344.009526491 0.284612866 -0.046276515 0.091099022 0.996083038 -0.045389606 -0.075877156 0.001011162
1578862344.173789978 0.301496951 -0.071592719 0.090790585 0.995866561 -0.050474945 -0.075005448 0.008732410
1578862344.338053226 0.316145156 -0.096878566 0.088434287 0.995791451 -0.054475355 -0.071979570 0.015835488
1578862344.502316952 0.327906675 -0.122384421 0.085985954 0.995771903 -0.058085768 -0.068256958 0.020133287
1578862344.733779192 0.341063788 -0.160895212 0.082014431 0.995950405 -0.060838219 -0.062548287 0.021661331
1578862344.965241909 0.353885294 -0.201622788 0.079686677 0.996133828 -0.061047570 -0.059794886 0.020375536
1578862345.359101057 0.370990626 -0.269371690 0.078294522 0.996360413 -0.060533078 -0.058403666 0.013808927
1578862345.754826784 0.381905420 -0.334651299 0.078182241 0.996691600 -0.058101886 -0.056422940 0.006817405
1578862346.150553226 0.388552826 -0.388973218 0.078825959 0.996564991 -0.057817960 -0.058878300 0.006974761
1578862346.413748026 0.391780407 -0.420545808 0.082921618 0.996355771 -0.050077464 -0.066513188 0.018531632
1578862346.710542440 0.398954687 -0.443347644 0.089767127 0.995658922 -0.038837939 -0.077577590 0.033714124
1578862347.236932755 0.414449820 -0.445860463 0.101261035 0.995809850 -0.028300764 -0.084413626 0.020884202
1578862347.401196241 0.417023409 -0.440182597 0.102854018 0.996239294 -0.025706535 -0.082482112 0.006568378
1578862347.632658720 0.417626249 -0.430140580 0.107048151 0.996423349 -0.023212635 -0.080294717 -0.012427425
1578862347.895853996 0.413959526 -0.411397298 0.114576197 0.995951389 -0.022520457 -0.082579926 -0.027462989
1578862348.093716860 0.410148380 -0.394722292 0.123567315 0.995397906 -0.020664187 -0.087815045 -0.032319012
1578862348.422243834 0.401595331 -0.364344854 0.138323701 0.994633453 -0.017690047 -0.095780413 -0.034892244
1578862348.719038248 0.387850455 -0.336300716 0.148506493 0.994624386 -0.010655275 -0.098509976 -0.030076253
1578862349.213695526 0.373510334 -0.286133324 0.158791457 0.994780328 -0.002377716 -0.100947893 -0.014695878
1578862349.906215906 0.344549283 -0.213551185 0.165284951 0.995351726 -0.014888442 -0.095090789 0.003319310
1578862350.300075293 0.341741529 -0.184994840 0.175130065 0.994026629 -0.025756099 -0.106039983 0.001790795
1578862350.761133194 0.346623284 -0.174185915 0.183680554 0.992569310 -0.035749570 -0.116027181 -0.008113351
1578862351.156858921 0.347798190 -0.177407558 0.182019502 0.992665096 -0.041736777 -0.113442746 -0.002189258
1578862351.453653336 0.346869866 -0.186513481 0.179147413 0.993378327 -0.044570270 -0.105891403 -0.000038761
1578862351.815779924 0.342658172 -0.205473167 0.175980443 0.993771316 -0.050028640 -0.099526180 0.003200835
1578862352.177906513 0.339223827 -0.235229635 0.172475856 0.993936021 -0.052471876 -0.095060320 0.017361558
1578862352.409368753 0.338798849 -0.256870597 0.169781572 0.993576217 -0.054953196 -0.093643696 0.031895225
1578862352.573632240 0.337733475 -0.275176634 0.169781532 0.992956272 -0.058251853 -0.093905986 0.042734394
1578862352.870426893 0.332278721 -0.308929920 0.166762380 0.991605657 -0.062734304 -0.094668801 0.061809755
1578862353.133621693 0.330144116 -0.338538404 0.161492735 0.990396900 -0.065803656 -0.095954131 0.074677073
1578862353.331484795 0.333888815 -0.357862226 0.154920516 0.989523610 -0.068904945 -0.098169872 0.080360502
1578862353.660012007 0.349187701 -0.389470386 0.148181366 0.988689180 -0.070364474 -0.105364445 0.080255095
1578862354.055737734 0.366516714 -0.428295537 0.131721093 0.990871678 -0.066281969 -0.102767685 0.056734663
1578862354.516795635 0.382703545 -0.474093863 0.115682293 0.993017754 -0.065204843 -0.093523255 0.030289760
1578862355.011453152 0.406083660 -0.513256816 0.106193054 0.993407289 -0.070873999 -0.088403143 0.017427530
1578862355.472510815 0.436529462 -0.551052409 0.110942654 0.992413364 -0.076206314 -0.095879794 0.010741423
1578862355.933568954 0.479475360 -0.583428819 0.127075452 0.991509766 -0.078452442 -0.103180312 0.010364405
1578862356.196763754 0.499113434 -0.615438028 0.137267070 0.992250327 -0.077707500 -0.096677731 0.007365399
1578862356.493558407 0.522013225 -0.652192860 0.147041118 0.993223536 -0.069202829 -0.092780891 0.010472921
1578862356.790352821 0.548871233 -0.687326415 0.164209620 0.993983677 -0.052637480 -0.093838442 0.020496177
1578862357.053547621 0.580923924 -0.711800554 0.178901943 0.994654177 -0.039812998 -0.092721205 0.021926526
1578862357.350342274 0.617048289 -0.732776360 0.191591464 0.995347069 -0.034308307 -0.088256787 0.017829496
1578862357.811400175 0.663813564 -0.754948898 0.210791271 0.995561149 -0.034256188 -0.086771717 0.012457145
1578862358.173526525 0.701714304 -0.771767681 0.222763447 0.995608155 -0.033796952 -0.085879006 0.015715119
1578862358.600985050 0.743091802 -0.766514684 0.236150751 0.995556194 -0.034510377 -0.084358969 0.023674103
1578862358.996711254 0.772200284 -0.769369248 0.246003826 0.995873073 -0.034166772 -0.083095720 0.012827940
1578862359.293505669 0.789300312 -0.775963548 0.251693766 0.996138270 -0.034273090 -0.080831473 0.000417791
1578862360.413484335 0.792250615 -0.784830233 0.277095803 0.997156774 -0.035234033 -0.065938676 -0.009435142
1578862360.775610685 0.805491602 -0.800550166 0.282464131 0.997997304 -0.035350927 -0.052066745 -0.006383300
1578862360.973474026 0.827560682 -0.821362673 0.283045996 0.998424213 -0.033270730 -0.044056020 -0.010060592
1578862361.106004715 0.845049542 -0.826974296 0.286288557 0.998581926 -0.033797389 -0.040518157 -0.007081892
1578862361.270267963 0.874063091 -0.846701764 0.279061663 0.998940880 -0.031995670 -0.031501646 -0.010051903
1578862361.434531689 0.907330535 -0.866633005 0.282913987 0.999054051 -0.032049352 -0.024494328 -0.016244091
1578862361.632394791 0.943514535 -0.884441071 0.270819661 0.999393460 -0.032268121 -0.003263907 -0.012681773
1578862361.895589590 1.006875049 -0.909907112 0.287495791 0.999254222 -0.033548129 -0.000355683 -0.019115352
1578862362.291315317 1.109256072 -0.950849683 0.282184531 0.998775394 -0.034021205 0.025040296 -0.025753721
1578862362.752373219 1.249141977 -0.993764205 0.311317500 0.999016227 -0.031632690 0.002780124 -0.030955151
1578862363.213431358 1.429002588 -1.035070548 0.330544589 0.998649028 -0.034785713 -0.005463305 -0.038212903
1578862363.377694845 1.496583147 -1.050125364 0.331403959 0.998372587 -0.034558866 0.000332870 -0.045362455
1578862363.609157085 1.573158540 -1.065087592 0.330440203 0.997963265 -0.034038332 0.033499593 -0.042290554
1578862363.773420811 1.633457916 -1.081933445 0.334690404 0.997507073 -0.030276083 0.043198265 -0.046871192
1578862363.872351885 1.679933567 -1.086782594 0.330774670 0.997509733 -0.029557869 0.045691391 -0.044866034
1578862364.398742199 1.885365092 -1.088772628 0.366573318 0.997748516 -0.032521322 0.044550866 -0.038150802
1578862364.729135990 2.029582022 -1.086388161 0.391496976 0.997717877 -0.036193382 0.039573285 -0.041024770
1578862364.958731651 2.133483117 -1.081839062 0.397499123 0.998012961 -0.033870107 0.027351682 -0.045550313
1578862365.255526066 2.268916341 -1.081138964 0.405471172 0.998211530 -0.032805506 0.015004664 -0.047669704
1578862365.552320004 2.399703953 -1.078232283 0.401904651 0.998144475 -0.033722175 0.008549779 -0.049973229
1578862365.815515280 2.543848658 -1.089238439 0.400674931 0.997938500 -0.032060207 -0.009871552 -0.054712393
1578862365.979779005 2.645535932 -1.088697743 0.391410317 0.998274568 -0.031725521 -0.009971825 -0.048393609
1578862366.211241007 2.753575763 -1.100553169 0.371835750 0.998158970 -0.030560172 0.001331381 -0.052373417
1578862366.375504971 2.850908809 -1.106190869 0.356879704 0.998534479 -0.029585883 0.002882347 -0.045224579
1578862366.672299147 3.030785216 -1.121436855 0.351189315 0.998118833 -0.027574304 -0.011566455 -0.053522611
1578862366.771230221 3.084669214 -1.122449744 0.335168742 0.998436495 -0.027572508 -0.006555397 -0.048180381
1578862367.068025112 3.266275871 -1.136815935 0.322776165 0.998052677 -0.028624375 -0.024203507 -0.049856697
1578862367.396551847 3.474147235 -1.164243190 0.308281480 0.996836934 -0.026025903 -0.055081504 -0.051037307
1578862367.693346262 3.668757812 -1.195051646 0.286535429 0.996637615 -0.025032573 -0.063997799 -0.044621925
1578862367.990140676 3.867178639 -1.238610318 0.269658662 0.997382775 -0.028091431 -0.051708568 -0.042008285
1578862368.089072227 3.928796904 -1.254974317 0.253322199 0.997885107 -0.028564322 -0.039916048 -0.042615746
1578862368.253335953 4.029585029 -1.277625524 0.249759604 0.997799744 -0.030371773 -0.039487095 -0.043749225
1578862368.385866404 4.121897187 -1.297724384 0.236697850 0.998260014 -0.030160002 -0.032947232 -0.038494138
1578862368.550129890 4.219449485 -1.327719033 0.228803351 0.998208055 -0.028624208 -0.030224327 -0.042986313
1578862369.011188030 4.479926532 -1.404820806 0.224750996 0.998408203 -0.030910447 -0.016053819 -0.044360792
1578862369.274383068 4.625158284 -1.437703239 0.224396141 0.998154677 -0.032976600 -0.030807708 -0.040628431
1578862369.472245932 4.739955638 -1.473218726 0.232063790 0.997853146 -0.034925230 -0.034522225 -0.043330636
1578862369.636509657 4.834531956 -1.503393978 0.218278642 0.998506576 -0.034422206 -0.014011725 -0.040042490
1578862369.800779104 4.922332469 -1.533094070 0.215975807 0.998358057 -0.033738597 -0.003880802 -0.046128469
1578862369.966903210 5.019791079 -1.560643588 0.220613920 0.998502276 -0.034352662 0.000927565 -0.042570412
1578862370.196498632 5.139409534 -1.598632857 0.224286478 0.998139445 -0.033466533 0.016637984 -0.048174866
1578862370.427961111 5.262431959 -1.633474334 0.229900284 0.997417118 -0.032800160 0.032139638 -0.055229400
1578862370.592224598 5.345102513 -1.651149989 0.235473729 0.997452403 -0.028046861 0.034426172 -0.055829355
1578862370.691156149 5.397490717 -1.668950121 0.237869403 0.997617374 -0.022284055 0.033406605 -0.056098084
1578862370.954350710 5.529714029 -1.717368643 0.255182835 0.997914643 0.011321734 0.023314241 -0.059115388
1578862371.152213812 5.628111480 -1.740328968 0.267774430 0.996066856 0.044255199 0.033174221 -0.069222584
1578862371.350076914 5.722089936 -1.763786930 0.273236619 0.990279539 0.086961197 0.060056065 -0.090429274
1578862371.514340401 5.802852479 -1.791003938 0.283182398 0.982409814 0.128180258 0.083422802 -0.107151369
1578862371.678603888 5.869644132 -1.817333752 0.290768921 0.969585985 0.179237530 0.092901917 -0.138369649
1578862371.777535439 5.954169720 -1.793138644 0.299153412 0.968121886 0.205059286 0.084706511 -0.116256225
1578862371.842867374 5.955809138 -1.805943126 0.299923599 0.964433038 0.223999760 0.086828685 -0.110244283
1578862371.975398302 5.998300351 -1.845363782 0.308748787 0.951338259 0.265965700 0.091689065 -0.125741319
1578862372.074330091 6.050783523 -1.859133242 0.312681271 0.942745259 0.295966346 0.090947381 -0.123951092
1578862372.238593102 6.126284119 -1.873349764 0.330842687 0.925915750 0.344534588 0.095084987 -0.122207962
1578862372.371124506 6.177472185 -1.866536086 0.340890840 0.912343734 0.380173192 0.099544983 -0.114839240
1578862372.535387516 6.258096708 -1.863393870 0.355654018 0.894676193 0.422414360 0.092380240 -0.112189613
1578862372.699651480 6.317276265 -1.843307923 0.377245077 0.877874879 0.455778230 0.091408866 -0.115092664
1578862372.766850233 6.328809368 -1.770123472 0.362515984 0.875057333 0.464276404 0.090646743 -0.102495137
1578862372.832181931 6.350433299 -1.804767475 0.374731377 0.867559318 0.477370522 0.089500964 -0.106994356
1578862372.996445894 6.412661815 -1.761701282 0.395935939 0.854158495 0.502904603 0.074201870 -0.109518529
1578862373.095377207 6.435245202 -1.731847604 0.404668444 0.846930423 0.515377976 0.074543946 -0.107413225
1578862373.259640455 6.471059771 -1.671752675 0.414124973 0.833770934 0.536067959 0.078043803 -0.106613027
1578862373.326839447 6.508069995 -1.648957906 0.416990528 0.828161358 0.545003832 0.070978577 -0.109916469
1578862373.491103172 6.534551927 -1.595817597 0.439026839 0.817983189 0.563294161 0.057543115 -0.101449402
1578862373.655366182 6.570624204 -1.518006271 0.450485364 0.808198374 0.579938453 0.052315274 -0.088033470
1578862373.754297733 6.596069667 -1.482832792 0.456003128 0.802690488 0.588974862 0.038423085 -0.085558508
1578862374.017493010 6.634369354 -1.353393615 0.478108018 0.792315383 0.605845544 0.030948250 -0.065036262
1578862374.116424084 6.666816374 -1.303035873 0.478647154 0.788036461 0.612249756 0.020147011 -0.061179011
1578862374.248955250 6.697964538 -1.236527752 0.489436777 0.784666763 0.617815831 0.003577115 -0.050880985
1578862374.577482224 6.730824063 -1.102884541 0.485823478 0.772231058 0.634394073 -0.011592340 -0.032695129
1578862374.874276400 6.779106566 -0.917020540 0.483733832 0.762901252 0.645964443 -0.016447155 -0.021002592
1578862375.204670429 6.837271501 -0.746948178 0.473301401 0.756140758 0.653831828 -0.018550383 -0.020272587
1578862375.598529577 6.883594272 -0.624094874 0.456834185 0.750699330 0.660103346 -0.016366787 -0.021123822
1578862375.697461128 6.915037507 -0.544533930 0.443129521 0.748593745 0.662422785 -0.010374879 -0.026378415
1578862375.829991579 6.942815164 -0.491908735 0.442469795 0.746372383 0.664761694 -0.012344597 -0.029457873
1578862375.928923130 6.948530680 -0.488184086 0.430760689 0.745127874 0.666111863 -0.002876295 -0.032728643
1578862376.158518791 7.003498103 -0.339314355 0.429538992 0.741230956 0.670353066 -0.006535223 -0.034069438
1578862376.291049957 7.009237445 -0.317790906 0.428982234 0.740915902 0.670628216 -0.003084102 -0.035943147
1578862376.619582891 7.079352133 -0.117682828 0.440618119 0.738899851 0.672865789 -0.014401055 -0.032729952
1578862376.851038933 7.111392928 0.007050589 0.439507194 0.738646887 0.673393776 -0.012626363 -0.027967356
1578862377.179566383 7.170988622 0.186093422 0.452866972 0.738321078 0.673770634 -0.023321110 -0.019267721
1578862377.411028624 7.212589035 0.319677954 0.455680408 0.736485040 0.675102475 -0.042075363 -0.007489854
1578862377.707822800 7.263379406 0.478711215 0.456423668 0.733546540 0.677353552 -0.055277177 0.006787720
1578862377.872086525 7.296710322 0.572572235 0.455100082 0.734459391 0.676031670 -0.059359565 0.005198560
1578862377.971017838 7.315022445 0.621618480 0.439765098 0.735190864 0.676253688 -0.046635387 -0.000694547
1578862378.135281324 7.360307382 0.740763722 0.427057427 0.735238264 0.676496473 -0.040662729 -0.011124692
1578862378.333144426 7.381898100 0.817693935 0.418630625 0.737303266 0.674889626 -0.025144675 -0.016602168
1578862378.629938841 7.420858301 0.968117149 0.419722559 0.736534085 0.675174227 -0.038113597 -0.014305899
1578862378.992065191 7.457690823 1.155286567 0.424447457 0.735064517 0.676146202 -0.050051647 -0.001141241
1578862379.255260468 7.477446870 1.291062665 0.417328823 0.733859229 0.677631231 -0.047523423 0.002840973
1578862379.518455505 7.515346204 1.437978070 0.420700419 0.733942810 0.677291164 -0.051026648 -0.000954935
1578862379.617386818 7.523406324 1.484189748 0.404885493 0.734117832 0.677629127 -0.043225369 -0.004619791
1578862379.749917269 7.542070425 1.562715100 0.395934793 0.733772281 0.677836123 -0.044519308 -0.011595756
1578862379.979513168 7.560617697 1.690435035 0.392936988 0.734469850 0.677543938 -0.033856729 -0.018492507
1578862380.078444481 7.562216564 1.708615583 0.376638577 0.733826728 0.678244821 -0.028933231 -0.025400079
1578862380.375239134 7.591039299 1.869784334 0.382132698 0.733600816 0.678128611 -0.033206207 -0.029475030
1578862380.672033310 7.584217955 2.011795619 0.388107388 0.728582809 0.683442389 -0.030703400 -0.033628738
1578862380.836297035 7.609081893 2.095977193 0.378415472 0.714830008 0.695163686 -0.036609403 -0.066522640
1578862380.935228348 7.634342078 2.142500925 0.370275913 0.704940800 0.704869892 -0.030903210 -0.072538918
1578862381.034159899 7.643935726 2.166542890 0.366012033 0.694450541 0.716271080 -0.020974939 -0.065224521
1578862381.166690588 7.663532773 2.232809023 0.361521763 0.674678594 0.734575113 -0.021907356 -0.068762389
1578862381.297354698 7.689391705 2.288743150 0.355961031 0.655129742 0.752376904 -0.024492068 -0.064297389
1578862381.396286249 7.696835992 2.321754778 0.353126209 0.638113854 0.768421285 -0.017027640 -0.045271375
1578862381.693080664 7.723600315 2.459067726 0.360078581 0.571305452 0.819827333 -0.025691799 -0.028864449
1578862381.857344151 7.737487075 2.536577880 0.358746245 0.533417147 0.844445371 -0.023878638 -0.042520273
1578862381.956275463 7.751222632 2.574351084 0.351966782 0.509303816 0.859007576 -0.022897357 -0.046811523
1578862382.055207253 7.754785987 2.619839865 0.344682930 0.483878284 0.873906692 -0.021356872 -0.041143465
1578862382.154138565 7.755643475 2.672751813 0.342109127 0.457213723 0.888414641 -0.019832592 -0.035800919
1578862382.253070116 7.762069900 2.713692286 0.340930973 0.430816265 0.901503020 -0.019541004 -0.036163504
1578862382.417333841 7.753387765 2.767485556 0.338343490 0.387269860 0.921448323 -0.016429696 -0.026174599
1578862382.549864531 7.744785108 2.823700947 0.338029357 0.352508717 0.935273071 -0.023334540 -0.021386612
1578862382.714127779 7.729498182 2.885497422 0.342947796 0.314933599 0.948593659 -0.022498457 -0.021925267
1578862382.878391266 7.704613981 2.944640975 0.329512428 0.282609796 0.958969053 -0.017140143 -0.014706245
1578862382.977322817 7.679165833 2.963040248 0.338089015 0.267423228 0.963285998 -0.022704239 -0.007029946
1578862383.175185680 7.617355362 3.008878884 0.342296565 0.241296388 0.970329290 -0.014426444 0.005385196
1578862383.274117231 7.592104116 3.033404509 0.334733752 0.227819873 0.973559600 -0.016317314 0.003681775
1578862383.438384533 7.528454818 3.068935793 0.339158212 0.208708115 0.977750422 -0.020788752 0.003586389
1578862383.570911407 7.484074384 3.088771055 0.333773495 0.193018526 0.981077668 -0.015067426 -0.001852275
1578862383.735175133 7.415929114 3.123557808 0.331199788 0.173129051 0.984723063 -0.018562159 -0.001505739
1578862383.899438858 7.337945425 3.145277401 0.338332433 0.157827565 0.987271065 -0.018568632 0.006442763
1578862384.065568924 7.275555690 3.157468995 0.331737084 0.143978517 0.989429153 -0.015028315 0.008619008
1578862384.196233034 7.189303815 3.175171170 0.333806537 0.136687084 0.990326465 -0.022558724 0.007825445
1578862384.295164585 7.151241895 3.182813358 0.329366822 0.132068726 0.990973352 -0.022688931 0.003857417
1578862384.459428310 7.075322865 3.189758131 0.319104340 0.122881901 0.992181532 -0.021753264 -0.001625552
1578862384.690890312 6.927457696 3.215206663 0.333616106 0.112768399 0.993215006 -0.027077602 0.008604857
1578862384.855154037 6.843969815 3.224988742 0.327871502 0.104036078 0.994220731 -0.025626023 0.006703679
1578862384.954085350 6.801466057 3.237800359 0.326764780 0.099770853 0.994555616 -0.030081229 -0.000152802
1578862385.151948214 6.769324683 3.268219880 0.329808875 0.093524002 0.994800989 -0.028418786 -0.028576675
1578862385.250879765 6.722728989 3.288488647 0.323529175 0.089387969 0.994953539 -0.027384394 -0.036432683
1578862385.547674179 6.582014914 3.320852325 0.351546582 0.082486948 0.995875271 -0.028839150 -0.024426465
1578862385.711937904 6.516922342 3.344678754 0.355739594 0.075792722 0.996336645 -0.034945842 -0.018642481
1578862385.941533327 6.398032035 3.393911774 0.376864521 0.070824401 0.996553819 -0.035428135 -0.024682723
1578862386.074064255 6.349837940 3.421280140 0.374947937 0.066459078 0.996681762 -0.036841335 -0.029178294
1578862386.404457808 6.179612540 3.496034704 0.402313693 0.063100902 0.996983953 -0.035543445 -0.027891516
1578862386.798316956 5.989232979 3.573143313 0.426924456 0.056161975 0.997877186 -0.031638976 -0.009269803
1578862387.194043159 5.776647443 3.657994041 0.444932361 0.050527879 0.998206731 -0.031594218 -0.005662248
1578862387.358306646 5.681788834 3.699835583 0.440806302 0.049397917 0.997963368 -0.038901438 -0.010753632
1578862387.490837336 5.617025257 3.721312725 0.436842384 0.051133571 0.997878633 -0.037347387 -0.015124931
1578862387.819364309 5.453943132 3.764391064 0.439907101 0.049695307 0.997932468 -0.040754394 -0.000494158
1578862388.116158724 5.258496667 3.805562554 0.444335977 0.045920630 0.997910060 -0.043063938 0.014570678
1578862388.379353523 5.130448492 3.846998465 0.440126686 0.044327472 0.998083208 -0.042807407 0.005701779
1578862388.610816002 4.958393786 3.895071032 0.442364368 0.043988745 0.997901872 -0.047425808 0.002763614
1578862388.775079727 4.891780527 3.906616581 0.433231121 0.046349257 0.998018219 -0.042309268 -0.004615871
1578862388.972942352 4.761386668 3.944910943 0.436767842 0.046700497 0.997727855 -0.048124902 -0.006494996
1578862389.137206078 4.665812805 3.969717650 0.436698884 0.048390449 0.997509316 -0.046351149 -0.022024962
1578862389.368668079 4.510855800 4.017228684 0.445081253 0.046349384 0.997391116 -0.048555875 -0.026552287
1578862389.467599869 4.486242509 4.015636736 0.445095217 0.047893456 0.997193556 -0.047387726 -0.032644034
1578862389.631863356 4.365648015 4.051037846 0.448887973 0.048223801 0.996930850 -0.044963292 -0.042209565
1578862389.796126842 4.261323347 4.082991951 0.459913682 0.048745377 0.996451599 -0.050813478 -0.046109529
1578862389.928657532 4.195857830 4.096145893 0.466425874 0.051544880 0.996295389 -0.045731682 -0.051451300
1578862390.158253193 4.049603513 4.136643285 0.483666419 0.050643579 0.996449884 -0.050571180 -0.044332979
1578862390.389715433 3.904626761 4.152528183 0.506234370 0.051912684 0.996728612 -0.044590678 -0.042997902
1578862390.488647223 3.833362338 4.178020673 0.506603658 0.050755400 0.995850328 -0.061752110 -0.043505059
1578862390.817173958 3.636461846 4.229191369 0.541025453 0.030449209 0.996435676 -0.075574199 -0.021847874
1578862390.949705124 3.538870293 4.265775236 0.548546563 0.012623775 0.997010777 -0.075453803 -0.010810885
1578862391.048636436 3.508774158 4.270881208 0.548413851 -0.002113993 0.997512324 -0.070262076 -0.005285423
1578862391.278232098 3.329650113 4.356752297 0.551834553 -0.045042203 0.994605859 -0.092033970 -0.016128625
1578862391.509694576 3.215674854 4.406545966 0.550190450 -0.094930255 0.993020686 -0.068412802 -0.014759839
1578862391.673957825 3.109556571 4.447916006 0.545326953 -0.139021927 0.987916876 -0.067919457 -0.008949711
1578862391.772889614 3.056556745 4.465574943 0.539643935 -0.167626803 0.984380069 -0.053254911 -0.007813402
1578862391.871820927 2.996662637 4.487531250 0.534446715 -0.193695955 0.979690681 -0.050814255 -0.010293603
1578862392.135015726 2.858735752 4.517403742 0.527301685 -0.273822924 0.961414237 -0.026521325 -0.000539151
1578862392.299279213 2.725783915 4.527190462 0.533753573 -0.321108723 0.946926326 -0.013080449 0.006972971
1578862392.366478205 2.720488660 4.525087660 0.522406530 -0.339027891 0.940718949 -0.006233320 0.008312230
1578862392.530741453 2.594102726 4.516856680 0.519081964 -0.382386200 0.923880254 -0.001454687 0.014965079
1578862392.695011139 2.510732669 4.497934983 0.516653047 -0.418560067 0.908093045 0.000995343 0.013172002
1578862392.827536106 2.432141561 4.469055255 0.506618772 -0.445867371 0.894990384 0.007148896 0.011974672
1578862392.991799593 2.326954288 4.424508694 0.502069791 -0.475783798 0.879336591 -0.000594521 0.019914394
1578862393.090730667 2.298441263 4.402816624 0.494186690 -0.490757607 0.871076895 0.001276714 0.019503441
1578862393.254994392 2.266855952 4.343198278 0.471680238 -0.512868833 0.858179160 0.013281521 0.017823879
1578862393.452857494 2.161474970 4.281718306 0.474765319 -0.534860488 0.843855459 0.015408196 0.039935074
1578862393.617120981 2.100194282 4.206213203 0.460127787 -0.551283358 0.832888996 0.027821235 0.040106848
1578862393.749651670 2.037610538 4.130737881 0.445234628 -0.564163165 0.824157026 0.021866834 0.044799129
1578862393.848583221 2.012377835 4.092818476 0.436693451 -0.572291043 0.818557231 0.017528124 0.046257829
1578862394.111778259 1.921201404 3.942919087 0.406764760 -0.593647017 0.803606846 0.019576472 0.037630012
1578862394.244309187 1.917953746 3.902824039 0.398989933 -0.600246027 0.798050694 0.020850175 0.048837150
1578862394.473904848 1.839685235 3.724586794 0.377629127 -0.613514976 0.787068190 0.027945163 0.057810959
1578862394.737099409 1.804403278 3.591559745 0.361938994 -0.623071614 0.779851738 0.016972688 0.057662448
1578862394.869630337 1.765747073 3.475056291 0.338239847 -0.629085880 0.775366590 0.010494442 0.054290641
1578862395.132825613 1.734755872 3.317266389 0.324770305 -0.635124965 0.770482302 0.005126799 0.054286429
1578862395.330688238 1.719462470 3.184148757 0.310300561 -0.641290460 0.764819737 0.009523646 0.060881982
1578862395.429619551 1.702554425 3.085929171 0.304141798 -0.643188609 0.762934344 0.007858008 0.064636303
1578862395.726414442 1.676998180 2.884087436 0.281886725 -0.651369009 0.757100164 -0.007909883 0.049549867
1578862395.989609003 1.675628907 2.700481826 0.281475078 -0.655332655 0.753333475 0.002950410 0.054946167
1578862396.120273590 1.676541386 2.607852080 0.271242883 -0.657786204 0.751023714 0.000725173 0.057272722
1578862396.252804279 1.667363599 2.485792504 0.271026959 -0.658501010 0.750188726 -0.003183355 0.059859515
1578862396.450667143 1.668124497 2.360287424 0.257985053 -0.661041471 0.749058647 -0.017872619 0.040198092
1578862396.614930868 1.665431698 2.224754107 0.257883200 -0.663245811 0.746923913 -0.021577459 0.041762125
1578862396.747461319 1.672513155 2.139136279 0.258418108 -0.664088092 0.746451944 -0.019383367 0.037693326
1578862397.010656357 1.671409077 1.944357783 0.264968937 -0.665682494 0.744740886 -0.026718294 0.038909671
1578862397.208519220 1.673274366 1.810052884 0.267600891 -0.664894682 0.745642268 -0.034651058 0.027055023
1578862397.307451010 1.673075603 1.749426929 0.263872488 -0.665182310 0.745186773 -0.039412026 0.025997314
1578862397.471714497 1.672171415 1.636202868 0.274774389 -0.664206020 0.745987641 -0.041515403 0.024683478
1578862397.768508673 1.659809542 1.417178223 0.290084935 -0.665483453 0.744747197 -0.045697335 0.019878102
1578862397.932772160 1.652211420 1.313357367 0.301965206 -0.664943539 0.745141786 -0.048645085 0.015731012
1578862398.031703711 1.647656563 1.237810700 0.297908956 -0.665478802 0.744367810 -0.054844052 0.006830531
1578862398.162367582 1.638704684 1.154582085 0.302772964 -0.666343826 0.743135162 -0.061027007 0.003426412
1578862398.294898987 1.631763164 1.074339860 0.313958189 -0.665620622 0.743566883 -0.063586353 -0.003775408
1578862398.558099747 1.605517668 0.896607075 0.333751728 -0.666839265 0.741818448 -0.070063924 -0.011037735
1578862398.690624475 1.597550276 0.824284383 0.348824799 -0.666445337 0.742525402 -0.066366853 -0.010103461
1578862398.854887724 1.580896930 0.721376392 0.356589490 -0.668005873 0.740850991 -0.068748155 -0.013477870
1578862399.250613928 1.535712851 0.495449547 0.409300609 -0.671245411 0.739416713 -0.051855161 0.001888239
1578862399.513814926 1.491820486 0.354638627 0.447417430 -0.672197259 0.738823528 -0.046282410 0.012189233
1578862399.612740040 1.477701010 0.297506726 0.444336882 -0.673092172 0.737618585 -0.053522464 0.001047954
1578862399.711671829 1.454094456 0.244742054 0.442664195 -0.674151305 0.735782987 -0.064251617 -0.003891420
1578862399.875935316 1.432446591 0.181135275 0.459589216 -0.674596301 0.735017472 -0.068052251 -0.006167431
1578862400.336992979 1.359376068 -0.028431269 0.510908065 -0.677926557 0.729962911 -0.084650928 -0.020098559
1578862400.435925007 1.350314772 -0.055547030 0.505147651 -0.679391613 0.727820719 -0.090778125 -0.021526021
1578862400.568455458 1.339799332 -0.106687779 0.516339941 -0.680746958 0.725618677 -0.100263098 0.002902774
1578862400.732718945 1.349759022 -0.158022741 0.538144347 -0.685504587 0.720670427 -0.099906537 0.027134483
1578862400.896982431 1.333272255 -0.222236810 0.548183905 -0.697565315 0.702264841 -0.128684448 0.060556063
1578862400.995914221 1.329396897 -0.263668104 0.552994666 0.708170015 -0.690883671 0.128638505 -0.068022927
1578862401.128444910 1.298574087 -0.312617374 0.562442354 0.722278097 -0.671948346 0.140270879 -0.084402915
1578862401.227376699 1.269079801 -0.349315238 0.561570502 0.735800147 -0.651797088 0.152239645 -0.102867828
1578862401.358040810 1.238113052 -0.391438590 0.563118040 0.756367620 -0.627498609 0.146775565 -0.112296272
1578862401.456971645 1.213571984 -0.422595487 0.562834918 0.774143526 -0.606784233 0.138427363 -0.115553281
1578862401.555903196 1.179262836 -0.463109777 0.559520969 0.793327336 -0.582434976 0.131603162 -0.118666943
1578862401.688434362 1.147397414 -0.489004656 0.543686062 0.818368704 -0.549316924 0.127019272 -0.111308970
1578862401.852697849 1.126172032 -0.528708661 0.540867529 0.846004261 -0.511196471 0.110732954 -0.103407793
1578862401.951629400 1.112279524 -0.563702500 0.536426175 0.863193392 -0.484108515 0.098039013 -0.104520164
1578862402.149492264 1.047425443 -0.586615443 0.509279207 0.894852538 -0.423703799 0.092413078 -0.105706428
1578862402.248423576 1.042882655 -0.652965026 0.515402657 0.908232005 -0.396492495 0.079997076 -0.107279048
1578862402.379087687 1.028219546 -0.651268638 0.483733904 0.924602218 -0.362333652 0.073597322 -0.091697864
1578862402.478019238 1.017298805 -0.694967349 0.483000066 0.935760370 -0.335598834 0.065009284 -0.086601067
1578862402.610550165 1.016023860 -0.740893327 0.479056667 0.946606767 -0.305181248 0.050199522 -0.090994742
1578862402.774813652 1.024277922 -0.779663753 0.468189752 0.957971414 -0.273665985 0.039626335 -0.076337749
1578862403.071608067 1.068289072 -0.843761967 0.453638727 0.970604879 -0.228354793 0.030934714 -0.069449987
1578862403.235871553 1.099015494 -0.861598058 0.440646149 0.976890752 -0.206214367 0.018140690 -0.053207221
1578862403.334802866 1.096342757 -0.856746157 0.423608526 0.980047593 -0.192594201 0.010193966 -0.048065292
1578862403.499066353 1.166452784 -0.904976182 0.427102760 0.983517274 -0.175049738 -0.004479151 -0.045069920
1578862403.730528593 1.230637928 -0.936921267 0.403581219 0.987950664 -0.150142221 -0.015363365 -0.034274866
1578862403.993723631 1.342169682 -0.966569184 0.392514751 0.990486900 -0.133392206 -0.023504535 -0.024284899
1578862404.256918907 1.446318915 -1.001495465 0.385846931 0.991190950 -0.124481239 -0.032849874 -0.031077449
1578862404.488380909 1.513861990 -1.015019860 0.372734784 0.991879894 -0.119576932 -0.033270814 -0.027725181
1578862404.751576185 1.650630369 -1.061757113 0.360715292 0.991283777 -0.122707764 -0.037647839 -0.029697097
1578862405.048370361 1.721427698 -1.093758649 0.363166015 0.990159873 -0.129831988 -0.042739096 -0.030007501
1578862405.147301674 1.777322652 -1.111873542 0.357510572 0.989781038 -0.133910492 -0.042428216 -0.024521893
1578862405.376903057 1.887959111 -1.161511895 0.347146571 0.988248602 -0.143154819 -0.046969143 -0.025793363
1578862405.509428501 1.901284229 -1.168190608 0.357262131 0.986937470 -0.151696639 -0.049422546 -0.022360036
1578862405.608359814 1.962222875 -1.197847803 0.348224757 0.986245755 -0.156848993 -0.049013729 -0.017758342
1578862405.772623301 2.016909766 -1.229649992 0.349168456 0.984153476 -0.166747914 -0.057032731 -0.019604508
1578862405.936886549 2.081123665 -1.264108891 0.353319107 0.981824413 -0.179012990 -0.061623549 -0.013330772
1578862406.168349266 2.172498865 -1.324053395 0.346153839 0.977938862 -0.195748362 -0.071811645 -0.012698391
1578862406.397944689 2.264014158 -1.386685257 0.343834952 0.973143971 -0.215231165 -0.081325829 -0.007243399
1578862406.595807791 2.347459343 -1.449445175 0.338989500 0.968342474 -0.231658845 -0.092188300 -0.012179918
1578862406.859005690 2.450100499 -1.534189267 0.325712076 0.963039064 -0.254641625 -0.087029251 -0.011803097
1578862407.090464592 2.527877464 -1.613835980 0.320473929 0.957550959 -0.274306238 -0.087074212 -0.016441717
1578862407.320060730 2.598542665 -1.684892593 0.311346281 0.952784521 -0.291674582 -0.083758169 -0.010590732
1578862407.551522732 2.664892453 -1.754528134 0.310833916 0.947259671 -0.309982718 -0.080507459 -0.011330458
1578862407.715786457 2.715466550 -1.818250486 0.306159380 0.943714043 -0.321183405 -0.077876811 -0.013424918
1578862408.012580633 2.796795347 -1.912141623 0.306995281 0.935665978 -0.344655509 -0.074005556 -0.016276812
1578862408.176844120 2.837751796 -1.966111239 0.307455732 0.930845082 -0.357482958 -0.071683063 -0.024390694
1578862408.408306599 2.903074111 -2.042784562 0.308725921 0.923322622 -0.377061954 -0.069304643 -0.022281949
1578862408.507237673 2.930056163 -2.077582076 0.307502592 0.920223092 -0.384721610 -0.067382422 -0.025265635
1578862409.033627987 3.063206271 -2.241123662 0.315868622 0.899674282 -0.431516704 -0.054848336 -0.037029465
1578862409.197891474 3.100758155 -2.284707249 0.318132829 0.892712509 -0.446380163 -0.050909029 -0.034891222
1578862409.296822786 3.125283264 -2.322941817 0.317905142 0.888490789 -0.454809691 -0.047506129 -0.038411335
1578862409.528285027 3.175225762 -2.387026536 0.324871661 0.876566310 -0.477342523 -0.041945693 -0.044901889
1578862409.692548752 3.206036616 -2.435032519 0.326056884 0.868767369 -0.491477255 -0.037344164 -0.047945589
1578862410.054675102 3.267283144 -2.530943570 0.333860977 0.849166436 -0.524614269 -0.013731160 -0.059225737
1578862410.218938351 3.286724174 -2.571315658 0.335298623 0.840377540 -0.538099874 -0.001019175 -0.064908227
1578862410.515732765 3.314098527 -2.641571359 0.339151737 0.824375751 -0.560703944 0.023605566 -0.073881557
1578862410.614664555 3.320915676 -2.662249791 0.340196744 0.819013224 -0.567789835 0.032097777 -0.076169379
1578862410.911458731 3.333623915 -2.723292637 0.344711351 0.803085067 -0.587512667 0.057653725 -0.080989432
1578862411.174653769 3.336958716 -2.774811517 0.348832581 0.789092681 -0.603447500 0.079111316 -0.083218116
1578862411.372516870 3.341139281 -2.801945961 0.350045560 0.778782470 -0.614483363 0.094419045 -0.083624793
1578862411.570379496 3.343972885 -2.828634122 0.351983163 0.768782664 -0.624415276 0.109806029 -0.083793880
1578862411.734643221 3.346072848 -2.851360773 0.352931394 0.760792657 -0.631754039 0.122532640 -0.084066162
1578862411.867173910 3.349222410 -2.869142776 0.353384353 0.754585304 -0.637091059 0.132702602 -0.084297220
1578862412.261032820 3.355861561 -2.921703669 0.352914357 0.737356956 -0.649233080 0.165476968 -0.086130722
1578862412.393563747 3.358028300 -2.941120721 0.352083279 0.732068165 -0.652182086 0.176728024 -0.086613702
1578862412.656759024 3.363632602 -2.979757613 0.351061509 0.722357430 -0.656731484 0.198609324 -0.086358778
1578862412.789289713 3.367111126 -3.001416831 0.350306610 0.718017632 -0.658334757 0.209115321 -0.085538356
1578862412.953553200 3.371468202 -3.027936657 0.349259388 0.713159356 -0.659690829 0.221843053 -0.083650484
1578862413.117816687 3.377231626 -3.054184428 0.348029792 0.708869367 -0.660470343 0.234033125 -0.080694757
1578862413.282080173 3.383065508 -3.082091419 0.347487738 0.705147564 -0.660679186 0.245594910 -0.077156115
1578862413.414611101 3.389360563 -3.105221629 0.347204121 0.702633111 -0.660436352 0.254447140 -0.073397469
1578862413.677812099 3.399109276 -3.151026726 0.346871032 0.698696764 -0.658825449 0.271232058 -0.064846205
1578862413.810336590 3.405899451 -3.174356026 0.347444940 0.697233323 -0.657687085 0.278919450 -0.059307108
1578862413.974600315 3.414446162 -3.202033400 0.347765509 0.695919740 -0.655898853 0.287787736 -0.051678132
1578862414.138863564 3.425248623 -3.227177564 0.347091096 0.695263564 -0.653728299 0.295662736 -0.042795258
1578862414.271394491 3.429697986 -3.249135352 0.347469880 0.694973292 -0.651638206 0.301804892 -0.035966364
1578862414.435657978 3.438336296 -3.272838264 0.346871505 0.695236395 -0.648804577 0.308236119 -0.026257768
1578862414.698853016 3.446398388 -3.308248904 0.344721668 0.696423887 -0.643514840 0.317447534 -0.010463448
1578862414.930315495 3.445146730 -3.337186678 0.342651975 0.698133454 -0.638249639 0.324396127 0.003772465
1578862415.094578981 3.445843756 -3.356914428 0.341196014 0.700082536 -0.634283431 0.327636283 0.014947866
1578862415.292441607 3.441243053 -3.379286691 0.337570241 0.702681079 -0.629093106 0.331149265 0.028658860
1578862415.490304947 3.433485784 -3.400896207 0.333779547 0.705502130 -0.623808951 0.333590556 0.042970664
1578862415.654568195 3.429623349 -3.417525642 0.330095749 0.708337144 -0.619231704 0.334197059 0.055883029
1578862415.787098885 3.420290525 -3.431186393 0.326193482 0.710550277 -0.615326550 0.334845074 0.066108371
1578862415.951362371 3.414941002 -3.446873149 0.322130281 0.713428835 -0.610653778 0.334313147 0.079724397
1578862416.115626097 3.405223146 -3.464074081 0.315007711 0.716431294 -0.605710047 0.333340937 0.093409633
1578862416.248157024 3.405001265 -3.485495381 0.317154484 0.718773576 -0.602250826 0.331220763 0.104648435
1578862416.347088099 3.396805500 -3.490169289 0.307090286 0.720570914 -0.598906162 0.330425389 0.113613506
1578862416.477752447 3.390478213 -3.503347715 0.300948865 0.722991663 -0.594775758 0.328457938 0.125060931
1578862416.576683998 3.386929231 -3.513869778 0.296450729 0.724872682 -0.591673237 0.326388947 0.133987428
1578862416.675615311 3.381728254 -3.525782055 0.291744451 0.726853880 -0.588406768 0.324201400 0.142668724
1578862416.808146000 3.373554510 -3.541180696 0.284352130 0.729442069 -0.583902739 0.321267589 0.154139531
1578862416.972409725 3.364325255 -3.593679446 0.286921068 0.732703237 -0.579062323 0.316241556 0.166805489
1578862417.071341276 3.362574597 -3.572981757 0.269567998 0.734241786 -0.575114869 0.314043674 0.177506218
1578862417.170272589 3.353299369 -3.584720883 0.261884420 0.736229522 -0.571436959 0.311382875 0.185651818
1578862417.269203901 3.341391352 -3.592280649 0.253863087 0.738050938 -0.567667138 0.309038289 0.193727048
1578862417.368135214 3.326197019 -3.597100750 0.246273041 0.739854657 -0.563668551 0.307006834 0.201592794
1578862417.498799801 3.310084971 -3.602279117 0.235925583 0.742031892 -0.558753959 0.303590363 0.212168743
1578862417.597731352 3.291745908 -3.598456591 0.228605550 0.743704286 -0.554474942 0.301773942 0.219986275
1578862417.730262041 3.270999410 -3.594803250 0.218728757 0.745756867 -0.549197342 0.298499376 0.230493160
1578862417.894525528 3.248892562 -3.593649168 0.204890660 0.748064305 -0.543238972 0.293479328 0.243230547
1578862418.058788538 3.227072371 -3.593109154 0.189321488 0.750354015 -0.537588950 0.287542996 0.255511248
1578862418.125987768 3.216234550 -3.585789453 0.183174666 0.751097854 -0.535242823 0.285313368 0.260697941
1578862418.191319942 3.207347042 -3.580979421 0.176767049 0.751889377 -0.533121216 0.282693817 0.265571721
1578862418.355583191 3.192914402 -3.576958892 0.159443942 0.753813605 -0.529390130 0.274663367 0.275810032
1578862418.454514742 3.192272237 -3.572146803 0.150334428 0.755367295 -0.529890058 0.267939691 0.277209486
1578862418.618778467 3.195502707 -3.563515034 0.140267348 0.762562876 -0.534996928 0.252120699 0.262128403
1578862418.685976982 3.205264137 -3.557712572 0.138143906 0.765847645 -0.539148435 0.243411320 0.252085856
1578862418.850240469 3.224246328 -3.547509130 0.136337436 0.772904369 -0.551925868 0.220818408 0.221891649
1578862419.014503956 3.247167516 -3.543555870 0.140996048 0.780637823 -0.564627858 0.195496348 0.183251603
1578862419.113435268 3.263247894 -3.537507174 0.143093603 0.786191760 -0.570357286 0.178918028 0.156791017
1578862419.212366819 3.272792185 -3.545445708 0.148561355 0.792122369 -0.574316106 0.161632516 0.128755945
1578862419.376630545 3.294123040 -3.561231261 0.154989632 0.797332325 -0.581192385 0.133970463 0.092349825
1578862419.475561619 3.308405265 -3.579337051 0.159163049 0.799080616 -0.584838961 0.117804315 0.074536585
1578862419.608092785 3.322625843 -3.598291062 0.161493781 0.799780327 -0.589493077 0.098988264 0.055232827
1578862419.707024336 3.330865318 -3.603044989 0.160697349 0.799597935 -0.592654841 0.086563826 0.043704514
1578862419.871287584 3.397747297 -3.658184402 0.165617806 0.798289387 -0.598436095 0.061595509 0.028535747
1578862420.035551071 3.391440584 -3.640282822 0.154606159 0.798919258 -0.599341278 0.046215188 0.019550148
1578862420.168081999 3.414551370 -3.628689192 0.148755207 0.799047715 -0.600167844 0.032679046 0.015918166
1578862420.332345247 3.434940959 -3.659050924 0.142245561 0.799983303 -0.599653649 0.017277775 0.011987263
1578862420.563807964 3.453545007 -3.773668534 0.136786250 0.804922125 -0.593332922 0.003363276 0.006715963
1578862420.957667112 3.466467820 -3.916898649 0.121414972 0.811920013 -0.583555724 -0.012451851 0.009672730
1578862421.254461050 3.283132067 -3.949795601 0.135476445 0.808731746 -0.587785131 -0.013791210 0.016474396
1578862421.452330589 3.336023100 -4.007624419 0.124648605 0.802282662 -0.596645317 -0.008940936 0.016641988
1578862421.913382292 3.307638796 -4.143109538 0.132233366 0.800637717 -0.599025581 0.008588558 -0.008592806
1578862422.275508404 3.257456034 -4.123656567 0.158360811 0.806915390 -0.590304506 -0.004378800 -0.020222984
1578862422.605902433 3.220714111 -4.157925780 0.167138343 0.816951083 -0.576189504 -0.018110474 -0.016388829
1578862422.934429646 3.199763086 -4.201650198 0.181070598 0.824635523 -0.564099983 -0.039492676 -0.014414983
1578862423.231223583 3.204300170 -4.205516952 0.207851159 0.829990626 -0.555062656 -0.050018762 -0.022784482
1578862423.460819483 3.207896056 -4.219553754 0.218510851 0.835461950 -0.547169096 -0.033974367 -0.038145154
1578862423.626949787 3.201561366 -4.243838905 0.222008699 0.839948392 -0.540125661 -0.016233410 -0.049874294
1578862423.791213036 3.193119464 -4.270606920 0.222389266 0.844113203 -0.533135862 -0.000625612 -0.056909241
1578862423.955476522 3.182985159 -4.297390318 0.223235006 0.848581287 -0.525527433 0.011165981 -0.060050292
1578862424.153339386 3.175641367 -4.322762692 0.230376105 0.853066845 -0.517198951 0.022663865 -0.065334163
1578862424.317603111 3.164566541 -4.345453983 0.234100899 0.857237005 -0.508981934 0.034837611 -0.069774266
1578862424.416534424 3.154234366 -4.366690253 0.239587304 0.859966095 -0.503228064 0.043573691 -0.072946312
1578862424.877592802 3.113896375 -4.398898868 0.257533145 0.866223845 -0.486489884 0.084520373 -0.076420870
1578862425.109054804 3.096667666 -4.409693271 0.269976422 0.866722344 -0.481816855 0.103219915 -0.077398622
1578862425.273318291 3.082007764 -4.393698186 0.271525415 0.864622069 -0.481418062 0.120829543 -0.077881640
1578862425.471181393 3.063910362 -4.428261569 0.278981640 0.860067172 -0.483624108 0.139522141 -0.083221121
1578862425.669044018 3.030002388 -4.447183620 0.273597305 0.851623940 -0.492796516 0.155736256 -0.087375496
1578862425.833307981 3.005132019 -4.463605137 0.266556360 0.839230491 -0.511860318 0.160549803 -0.088966053
1578862425.965838671 2.988836078 -4.470346508 0.257996402 0.827156178 -0.532384073 0.157534153 -0.086964629
1578862426.130102158 2.968499687 -4.474779579 0.249385652 0.812504442 -0.557916455 0.146947889 -0.083498973
1578862426.229033709 2.960582156 -4.475222637 0.242163708 0.804257233 -0.571927170 0.139327434 -0.081593390
1578862426.359703779 2.945873503 -4.479765800 0.234796871 0.794259175 -0.588166588 0.129121103 -0.080871303
1578862426.525828123 2.934574496 -4.488620601 0.222125952 0.781642872 -0.607744005 0.115142094 -0.080149505
1578862426.656492233 2.922786589 -4.493048682 0.214416666 0.771414710 -0.623290666 0.102252733 -0.077281754
1578862426.755423546 2.921514715 -4.493577030 0.208749507 0.762157318 -0.636262017 0.092945529 -0.075153160
1578862427.052218199 2.913753505 -4.495420507 0.193427024 0.728601079 -0.676363493 0.078070815 -0.074684938
1578862427.216481686 2.911325518 -4.496302387 0.183795950 0.710123063 -0.695894997 0.075508459 -0.075854213
1578862427.315419436 2.909396031 -4.495021529 0.175902221 -0.700937453 0.705202369 -0.075547351 0.075292120
1578862427.546875238 2.891976311 -4.493558308 0.156746014 -0.682491349 0.723446590 -0.074520604 0.072644817
1578862427.776470900 2.872956090 -4.490243521 0.139169392 -0.664219042 0.741983492 -0.064776336 0.063856004
1578862427.909001827 2.870643058 -4.486333433 0.133010702 -0.650201463 0.755986881 -0.051387859 0.055508392
1578862428.073265314 2.869744248 -4.479448065 0.128363984 -0.632647773 0.772345842 -0.033407422 0.046072116
1578862428.237528801 2.865375488 -4.470693778 0.126718621 -0.619114140 0.784122176 -0.016614099 0.039674509
1578862428.534323454 2.848444137 -4.462247458 0.128385370 -0.602291501 0.797212537 -0.007389498 0.040527950
1578862428.633255243 2.842353304 -4.459754698 0.128352105 -0.595063697 0.802468032 -0.011691291 0.042515492
1578862428.930049181 2.832576740 -4.459927714 0.126603445 -0.563598768 0.824438544 -0.026333851 0.044317533
1578862429.094312668 2.828195988 -4.460742673 0.126640813 -0.546284113 0.835992170 -0.029068846 0.042962320
1578862429.391107082 2.815446557 -4.465045846 0.137289367 -0.522687393 0.850748937 -0.022818826 0.050034360
1578862429.654302359 2.807580644 -4.464419393 0.161312373 -0.502775042 0.861570100 -0.010844263 0.069257645
1578862429.818565607 2.802491220 -4.463397558 0.177852894 -0.490654659 0.867076395 -0.004989402 0.086090861
1578862430.050027847 2.792922612 -4.464635549 0.199492372 -0.474599333 0.873687914 0.001866244 0.106871039
1578862430.313223124 2.781543263 -4.475664902 0.218035049 -0.449598038 0.883897725 0.005335029 0.128677710
1578862430.610017538 2.764320760 -4.492623382 0.232532101 -0.419733145 0.896467248 0.007991868 0.141798060
1578862430.906811953 2.748082805 -4.507725888 0.241994325 -0.389911648 0.909375322 0.004755018 0.144854483
1578862431.071075439 2.737944026 -4.512404104 0.247405680 -0.375701425 0.915521050 0.003243529 0.143732824
1578862431.235339165 2.727205103 -4.515968517 0.252156426 -0.362231131 0.921310614 0.001803838 0.141322703
1578862431.597465754 2.704199213 -4.528571353 0.264301666 -0.332877571 0.932746279 0.004478260 0.138408262
1578862431.795328379 2.691594028 -4.538664289 0.268511233 -0.319125853 0.937978822 0.007754883 0.135256355
1578862431.993191481 2.684900285 -4.552202869 0.270695059 -0.303170258 0.943887718 0.010481937 0.130590583
1578862432.388917446 2.672370590 -4.572775109 0.277315910 -0.281919357 0.951561120 0.013828488 0.121908510
1578862432.618513346 2.665966553 -4.581866124 0.281676592 -0.275355450 0.954021756 0.013655487 0.117623948
1578862432.849975586 2.659195687 -4.591521563 0.285738856 -0.270957552 0.955820243 0.012192726 0.113318160
1578862433.178503752 2.645798536 -4.607238048 0.292769110 -0.266350432 0.957856023 0.006659160 0.107354285
1578862433.409964800 2.636282014 -4.617250523 0.297278480 -0.263830045 0.958996393 0.004569106 0.103434757
1578862433.673159838 2.623291025 -4.628029402 0.305666039 -0.262677675 0.959667555 0.004909216 0.100072590
1578862434.035286427 2.603327742 -4.641231559 0.319761100 -0.261056017 0.960636386 0.003988093 0.094929371
1578862434.332080841 2.584424187 -4.649408537 0.334216974 -0.259877045 0.961230267 0.002587035 0.092160747
1578862434.595275640 2.566012464 -4.654308521 0.348929597 -0.259074288 0.961566545 0.002248545 0.090913345
1578862434.991001844 2.536348935 -4.657273398 0.371109387 -0.260749585 0.961290834 0.006247993 0.088828764
1578862435.353128195 2.511580864 -4.657837933 0.387557583 -0.261384757 0.961438458 0.006327726 0.085288102
1578862435.616329432 2.495819228 -4.657090532 0.396756494 -0.261545364 0.961747993 0.003522559 0.081378200
1578862436.012048721 2.476565261 -4.653728400 0.405939791 -0.265056488 0.961253019 0.000865426 0.075742608
1578862436.473106623 2.455948026 -4.654440070 0.415797401 -0.274127040 0.958773006 -0.001056157 0.074883731
1578862436.769901037 2.445265040 -4.658951814 0.419344842 -0.278057247 0.957785614 -0.008228777 0.072547727
1578862437.033096075 2.437256662 -4.663269836 0.420275351 -0.282517859 0.956785857 -0.016480969 0.066879453
1578862437.329890728 2.432343572 -4.669378892 0.420375396 -0.285018925 0.956351323 -0.027250169 0.058427628
1578862437.559486151 2.429800610 -4.671434664 0.421641989 -0.288156987 0.955576473 -0.032096219 0.052999885
1578862437.955212116 2.419852429 -4.671665103 0.429688359 -0.299135867 0.952452036 -0.028203886 0.050570672
1578862438.416269779 2.401966877 -4.665801336 0.438057218 -0.314533654 0.947716354 -0.025009457 0.047716039
1578862439.108789921 2.377618200 -4.640579128 0.440823600 -0.324359989 0.944582242 -0.028490471 0.041752589
1578862439.536248446 2.367686345 -4.617411219 0.436960447 -0.322685668 0.945273396 -0.028125454 0.039257167
1578862439.997306585 2.353606382 -4.593338557 0.427962118 -0.321325853 0.945924445 -0.023578774 0.037691931
1578862440.458364487 2.336177571 -4.570201998 0.410509843 -0.322965734 0.945664556 -0.020873525 0.031240652
1578862440.854090214 2.320922432 -4.553764918 0.391331294 -0.322669260 0.946073114 -0.015876275 0.024044842
1578862441.249816418 2.306810572 -4.550694150 0.377329833 -0.318811671 0.947591900 -0.002840601 0.020509531
1578862441.513011694 2.298199122 -4.556255603 0.367573664 -0.313822536 0.949321851 0.006199190 0.016279069
1578862441.710874319 2.292658852 -4.563169819 0.361305581 -0.309718894 0.950592411 0.016114397 0.013733230
1578862441.974069595 2.288697662 -4.578771730 0.356835217 -0.306466143 0.951242586 0.031160212 0.015655233
1578862442.336196423 2.276582111 -4.598733377 0.357304590 -0.316507604 0.947633507 0.034443426 0.025046424
1578862442.567658424 2.264145472 -4.604766248 0.356820328 -0.331430243 0.942750521 0.023476189 0.028710940
1578862442.666590214 2.258355524 -4.605350623 0.358392421 -0.337770582 0.940575054 0.016561792 0.030908057
1578862442.797254324 2.251584368 -4.607034264 0.358961392 -0.344029909 0.938312805 0.007532893 0.033996440
1578862442.995117188 2.243313076 -4.609879695 0.359376243 -0.349891727 0.935972126 -0.003688801 0.038966025
1578862443.984431505 2.187201251 -4.637066117 0.351476723 -0.352051991 0.935120728 0.004616142 0.039841067
1578862444.312959194 2.157844312 -4.650439233 0.344596767 -0.347256537 0.936908451 0.008623070 0.039256779
1578862444.609753132 2.131729379 -4.655255345 0.336853434 -0.344797707 0.937885617 0.010362770 0.037117704
1578862444.872948170 2.107550815 -4.656379042 0.329252712 -0.344179174 0.938147790 0.017204636 0.033517465
1578862445.070811510 2.090169147 -4.657462145 0.323328493 -0.343563332 0.938280699 0.025702082 0.030544540
1578862445.235074997 2.077688239 -4.660608506 0.317326109 -0.341814600 0.938745212 0.034749516 0.026696029
1578862445.399338722 2.065141542 -4.667066585 0.313019880 -0.340551418 0.938732976 0.047194647 0.024037397
1578862445.729732513 2.036111855 -4.678710452 0.301289313 -0.341827093 0.937751362 0.058586786 0.018552895
1578862446.190790176 2.013796407 -4.692939434 0.280799894 -0.343340118 0.937839705 0.048075183 0.016218126
1578862446.487584591 2.007402490 -4.697593898 0.271501242 -0.345161100 0.937585033 0.036630008 0.021362656
1578862447.508632183 1.998535689 -4.731185672 0.241183614 -0.338509386 0.939886625 0.036495969 0.026316749
1578862447.969690323 1.987321230 -4.759614939 0.232780894 -0.334521581 0.941201075 0.030826154 0.035855203
1578862448.858206511 1.957910084 -4.762597886 0.226896555 -0.326567922 0.943703611 0.022138908 0.047820036
1578862449.089668989 1.950426418 -4.757420933 0.221790904 -0.319752809 0.945837395 0.029409050 0.047800322
1578862449.253938437 1.942786182 -4.751544438 0.220126941 -0.314516738 0.947290115 0.034886676 0.050035778
1578862449.386463165 1.936779684 -4.746609294 0.217981481 -0.309783575 0.948635737 0.037953187 0.051806661
1578862449.550726652 1.927437660 -4.738828480 0.216078083 -0.303762484 0.950341251 0.039579069 0.054894053
1578862449.813921690 1.914795395 -4.726025253 0.214044005 -0.296304438 0.952298798 0.040471871 0.060767654
1578862450.176048040 1.892105300 -4.701461302 0.211244758 -0.291691390 0.953695767 0.032003807 0.066002071
1578862450.571774006 1.856455266 -4.658031284 0.203524178 -0.297636108 0.952661847 0.022051565 0.057981729
1578862450.803236246 1.831196408 -4.629559596 0.196928637 -0.306741397 0.950279748 0.022279429 0.048803111
1578862451.032831669 1.801129423 -4.597434024 0.189152602 -0.317585439 0.947045408 0.026923831 0.038981948
1578862451.197095394 1.779122816 -4.576903604 0.185528544 -0.325686631 0.944234507 0.036690104 0.031674128
1578862451.428557634 1.749452860 -4.550350159 0.178154459 -0.335409264 0.940519571 0.050213302 0.020054614
1578862451.954947710 1.697994315 -4.503948172 0.171081171 -0.359698457 0.931720683 0.047868986 0.014904647
1578862452.514936686 1.664293345 -4.472011903 0.172464354 -0.365906320 0.929943367 0.019966631 0.030318846
1578862452.845330477 1.644584953 -4.452915215 0.169685722 -0.375235939 0.926372234 0.004776367 0.031775166
1578862453.733846903 1.614267833 -4.451434139 0.157684523 -0.388704200 0.920876242 0.019574706 0.022645607
1578862454.392767906 1.606957085 -4.512249164 0.154238650 -0.388595096 0.920252871 0.033715246 0.031492651
1578862454.655962467 1.603621132 -4.544107542 0.153603221 -0.391864129 0.918724366 0.033339187 0.035728730
1578862454.853825331 1.602560529 -4.571750982 0.151857759 -0.393830655 0.917974684 0.026900539 0.038681459
1578862455.117023945 1.598903270 -4.607276020 0.151836216 -0.396516922 0.916855228 0.013029889 0.044508920
1578862455.249551535 1.597247026 -4.623230709 0.152982118 -0.397005669 0.916560873 0.003561081 0.047853765
1578862455.413815022 1.593624828 -4.643151193 0.155071642 -0.396640410 0.916467904 -0.007179044 0.052071367
1578862455.677009821 1.585562125 -4.675252089 0.158556551 -0.394272060 0.917083088 -0.015340772 0.057208504
1578862456.138067484 1.567862839 -4.730236911 0.165614168 -0.385394520 0.920952985 -0.004251078 0.057433364
1578862456.369530201 1.561588726 -4.759958014 0.165366477 -0.375853362 0.925299559 0.003115475 0.050450661
1578862456.533793211 1.556630279 -4.781482562 0.166408102 -0.369223924 0.928136940 0.010286490 0.046148698
1578862456.830587864 1.548036063 -4.818298362 0.170591814 -0.359176033 0.932009235 0.021434177 0.043496433
1578862457.093782902 1.539133457 -4.846705812 0.173321510 -0.352521660 0.934612478 0.024230887 0.040507527
1578862457.390576839 1.529484688 -4.873886301 0.172462702 -0.347389415 0.936749469 0.026004591 0.033834712
1578862457.752703667 1.521656864 -4.907992221 0.174883981 -0.339621544 0.939633697 0.026832019 0.032027566
1578862458.083096981 1.512243337 -4.930621609 0.177250659 -0.344359334 0.938083705 0.023715527 0.029209329
1578862458.312692881 1.505018058 -4.941008511 0.177032306 -0.348955007 0.936672085 0.014524566 0.025784608
1578862458.476956367 1.500760431 -4.945496816 0.176707580 -0.350667265 0.936209621 0.006523876 0.022393159
1578862458.773750782 1.498058198 -4.955115385 0.178887464 -0.348764376 0.937026836 -0.004813412 0.017915053
1578862459.169476509 1.493034249 -4.962628051 0.188232690 -0.344833288 0.938412140 -0.013367285 0.017145673
1578862459.630534172 1.477130138 -4.958604064 0.204127681 -0.347154997 0.937678512 -0.006624725 0.014090037
1578862460.057992935 1.451580034 -4.942849843 0.219925892 -0.358315076 0.933518450 0.007949625 0.009508588
1578862460.651581049 1.412904996 -4.910898172 0.235927366 -0.366811078 0.930190970 0.009466789 0.010235851
1578862460.914776087 1.393774457 -4.896876498 0.243354578 -0.363954363 0.931228669 0.010753645 0.015321438
1578862461.146238804 1.375266506 -4.882314280 0.247518351 -0.361136654 0.932245171 0.014338224 0.017136914
1578862461.310502291 1.361294187 -4.871577135 0.249249967 -0.359057825 0.932994600 0.017967532 0.016604867
1578862461.474765778 1.346264360 -4.860413242 0.250327801 -0.356989246 0.933724355 0.022406526 0.014678405
1578862461.607296228 1.333832268 -4.851195805 0.250507862 -0.355443525 0.934254470 0.026151800 0.012023688
1578862461.836892128 1.309519623 -4.833445604 0.248647929 -0.353506004 0.934865068 0.032068326 0.005694972
1578862462.068354130 1.284581685 -4.820733029 0.244878397 -0.352085094 0.935324646 0.033871769 -0.007523037
1578862462.331549168 1.250723241 -4.810836169 0.243856977 -0.352082426 0.935287043 0.029465819 -0.020196013
1578862462.495812416 1.218395964 -4.812364147 0.234168772 -0.355747157 0.933903641 0.020732572 -0.028950116
1578862462.628343582 1.190912812 -4.818835822 0.239274285 -0.357974456 0.933230938 0.012178455 -0.028035512
1578862462.727274656 1.171388185 -4.825699023 0.240655610 -0.358166065 0.932934384 0.010181997 -0.035310496
1578862462.857939243 1.142572282 -4.839713294 0.235845123 -0.359041438 0.932200350 0.003587370 -0.045594780
1578862463.024069071 1.103587107 -4.857381729 0.241355560 -0.359325390 0.931503287 -0.013465859 -0.054822994
1578862463.188332796 1.066729874 -4.881191080 0.246128572 -0.358041129 0.931010851 -0.021227769 -0.067636721
1578862463.352596045 1.024842373 -4.907244687 0.252895341 -0.358542527 0.930592014 -0.032927844 -0.066041784
1578862463.550458908 0.982006395 -4.943431449 0.272067447 -0.356455817 0.931680059 -0.040217406 -0.057394061
1578862463.714722395 0.939846708 -4.976527842 0.281734691 -0.357425548 0.932044982 -0.043043053 -0.041066104
1578862463.912585735 0.887506173 -5.020090179 0.306624180 -0.356875882 0.933161821 -0.040872011 -0.013345382
1578862464.045116663 0.843999849 -5.056980621 0.314182551 -0.359319032 0.932462877 -0.037454003 -0.000115180
1578862464.209379911 0.795853998 -5.099613418 0.327392522 -0.360733548 0.931697975 -0.037853669 0.019423960
1578862464.373649597 0.741130177 -5.148008478 0.336589605 -0.361982958 0.931262840 -0.033457173 0.024463817
1578862464.506173849 0.700892962 -5.184720580 0.338658001 -0.363879301 0.930213526 -0.034992815 0.032713190
1578862464.670437813 0.649799993 -5.234125407 0.349768408 -0.361818758 0.930598105 -0.036132740 0.042056854
1578862464.769369125 0.615793933 -5.268262846 0.350825243 -0.361581345 0.930860511 -0.030648773 0.042641442
1578862465.032563925 0.526657619 -5.357331156 0.363020422 -0.360274580 0.929954760 -0.024825881 0.069065523
1578862465.131495476 0.494127540 -5.390993986 0.365923098 -0.359644468 0.930488378 -0.020612682 0.066500773
1578862465.295758724 0.434785825 -5.449703775 0.359552199 -0.361347360 0.930302686 -0.019104143 0.060000236
1578862465.428289890 0.388463261 -5.496047273 0.364204083 -0.360944409 0.930431293 -0.020074152 0.060114658
1578862465.527220964 0.355452655 -5.531319397 0.365891955 -0.360289565 0.930935460 -0.016743321 0.057186178
1578862465.790416241 0.260887909 -5.626121885 0.367357641 -0.359605559 0.930202693 -0.014361253 0.072114812
1578862465.922946930 0.211120981 -5.674972470 0.369780916 -0.358021591 0.931032027 -0.011560973 0.069758505
1578862466.053611040 0.166240493 -5.719405479 0.361464016 -0.358934125 0.931379094 -0.014101796 0.059164315
1578862466.152542591 0.127873623 -5.755714482 0.362465841 -0.359398729 0.930984061 -0.014759667 0.062316808
1578862466.316806078 0.065473287 -5.812369568 0.370561623 -0.359219083 0.930579247 -0.008873923 0.070036905
1578862466.415737152 0.026512459 -5.847820548 0.364923826 -0.360073937 0.930679991 -0.007135460 0.064269733
1578862466.548267841 -0.023464503 -5.892814557 0.364145832 -0.360007545 0.930477140 -0.011744856 0.066849967
1578862466.712531805 -0.086330049 -5.948465360 0.366711700 -0.358116459 0.931644238 -0.013844419 0.059999568
1578862466.811463118 -0.123338589 -5.982563933 0.359943448 -0.357379123 0.932474603 -0.015906472 0.050182293
1578862467.009325743 -0.199427379 -6.046493961 0.362813400 -0.355761968 0.932775571 -0.016500705 0.055595702
1578862467.108257294 -0.230730606 -6.077176928 0.363344942 -0.354287981 0.933458917 -0.014087443 0.054185053
1578862467.405051708 -0.350771362 -6.170027243 0.366572240 -0.354083960 0.931339974 -0.011894116 0.084195790
1578862467.569315195 -0.422011184 -6.221546116 0.362697564 -0.352619215 0.932299179 -0.011290800 0.079689704
1578862467.668246269 -0.461103925 -6.246593084 0.356170740 -0.352674893 0.932748640 -0.014390903 0.073439061
1578862467.866109371 -0.536369216 -6.290628759 0.356498161 -0.350533413 0.934579691 -0.026396194 0.054684267
1578862468.030372858 -0.596399192 -6.329489102 0.346027833 -0.348889992 0.936199273 -0.033013151 0.026773622
1578862468.293567896 -0.699331037 -6.388619865 0.356639833 -0.347221595 0.936650256 -0.038363551 0.025528408
1578862468.426098585 -0.751272942 -6.418824181 0.355393305 -0.347349809 0.936733613 -0.038493897 0.019911515
1578862468.590362310 -0.815795399 -6.453140306 0.364248702 -0.348421441 0.936076874 -0.040496026 0.026882286
1578862468.689293385 -0.855332119 -6.473930841 0.372829180 -0.348213891 0.936107851 -0.040060603 0.029057286
1578862468.986088037 -0.975957627 -6.534059453 0.375673025 -0.351632739 0.934762101 -0.046549941 0.020182512
1578862469.150351763 -1.033795807 -6.566107275 0.382734239 -0.351309849 0.934989831 -0.043804052 0.021368456
1578862469.314615011 -1.096325640 -6.600673793 0.382301272 -0.352709964 0.934189132 -0.046372232 0.027128640
1578862469.447145700 -1.142775101 -6.628519204 0.388220664 -0.351501051 0.934289553 -0.049513349 0.033143188
1578862469.611408949 -1.197329827 -6.663493735 0.386336671 -0.351354373 0.934502218 -0.046707584 0.032773643
1578862469.841004610 -1.284468554 -6.717846711 0.392862710 -0.350299306 0.934276863 -0.048678716 0.045249551
1578862470.072466612 -1.362800551 -6.772370628 0.384297580 -0.350188875 0.934621149 -0.048445702 0.038782381
1578862470.236736536 -1.424018804 -6.816624618 0.389898350 -0.349741688 0.934593812 -0.048565874 0.043087285
1578862470.533524752 -1.522784567 -6.895533215 0.383153708 -0.352761033 0.933982446 -0.045230000 0.034506393
1578862470.697788239 -1.580537814 -6.943328504 0.389687445 -0.352207235 0.934167710 -0.048246988 0.030870402
1578862470.796719790 -1.609649233 -6.971110707 0.385270174 -0.351710100 0.934647598 -0.049314695 0.017376257
1578862471.028181791 -1.687044596 -7.043652625 0.391550327 -0.349909845 0.935148500 -0.054449129 0.009781405
1578862471.390308142 -1.811446386 -7.162318986 0.410009272 -0.348326245 0.935706253 -0.053415847 0.016412844
1578862471.554571629 -1.867418890 -7.215215081 0.420790121 -0.347588505 0.936205750 -0.047571529 0.020927839
1578862471.718835115 -1.927918520 -7.269676764 0.423784996 -0.350091284 0.935124605 -0.048163115 0.025658905
1578862471.884965181 -1.993852016 -7.325083163 0.438520091 -0.349516151 0.935206436 -0.046856827 0.032121944
1578862472.247091293 -2.134937462 -7.442320509 0.448625866 -0.355610709 0.933800780 -0.023024827 0.032046601
1578862472.312423706 -2.159964767 -7.465942869 0.448664069 -0.358867485 0.932506444 -0.027248715 0.030056069
1578862472.411355019 -2.205095340 -7.480536853 0.446658473 -0.370463905 0.927076403 -0.049755473 0.028464560
1578862472.674550056 -2.315813157 -7.537217439 0.453791181 -0.403052479 0.914446621 -0.035445176 0.008928417
1578862472.906012297 -2.420480437 -7.579797335 0.456442401 -0.445011958 0.893257773 -0.063573245 -0.003653806
1578862473.036676407 -2.468166653 -7.598798554 0.463609349 -0.470000863 0.880243291 -0.062847812 -0.017919009
1578862473.234539032 -2.561605842 -7.629467033 0.473938557 -0.515303986 0.852058032 -0.089420837 -0.021513399
1578862473.367069960 -2.622797814 -7.652789870 0.486942973 -0.546172113 0.833266364 -0.082462679 -0.023729646
1578862473.729196548 -2.778009029 -7.713326841 0.518885616 -0.631324766 0.770731453 -0.082074279 -0.025804645
1578862473.927058935 -2.847914755 -7.750541633 0.538248850 -0.674871320 0.732089766 -0.086657704 -0.032919861
1578862474.057723284 -2.881917910 -7.781868504 0.545472421 -0.702908161 0.704013582 -0.098529356 -0.024019995
1578862474.156655073 -2.895059257 -7.807459410 0.553480736 0.722720329 -0.680342855 0.121622552 0.004108562
1578862474.289185286 -2.917182575 -7.840335575 0.568428259 0.748378464 -0.645853511 0.149470947 -0.021479133
1578862474.453449011 -2.935919399 -7.882389977 0.580266611 0.779832904 -0.588103784 0.197934467 -0.082562273
1578862474.617712736 -2.949604711 -7.925703011 0.595112785 0.810467497 -0.525449315 0.223505491 -0.130731589
1578862474.684911013 -2.949692321 -7.936647088 0.600975657 0.822055207 -0.498464100 0.230025812 -0.151151922
1578862474.750243187 -2.956279609 -7.971627726 0.607251889 0.830898329 -0.467267763 0.240743455 -0.182514093
1578862474.914506912 -2.944128154 -8.008558673 0.611187957 0.848112231 -0.396074009 0.255209499 -0.242279043
1578862475.013438225 -2.923849717 -8.079233971 0.610042647 0.862096838 -0.367609824 0.245361293 -0.247890892
1578862475.177701712 -2.909486947 -8.097693523 0.610329376 0.885526612 -0.306492966 0.243656434 -0.250072436
1578862475.244900465 -2.890648633 -8.096664315 0.604326451 0.894949565 -0.283880521 0.244954095 -0.241815256
1578862475.409163713 -2.784581531 -8.160142367 0.581307694 0.914956175 -0.241846498 0.241122580 -0.215000863
1578862475.573427439 -2.744082417 -8.158153336 0.585661024 0.927073225 -0.183251825 0.246796867 -0.214581708
1578862475.672358990 -2.708268917 -8.162575922 0.581717050 0.931547100 -0.148310252 0.254626926 -0.213047409
1578862475.771290541 -2.599186396 -8.218854357 0.571353879 0.937848684 -0.117399346 0.253341992 -0.206094819
1578862475.935553789 -2.643965405 -8.241606889 0.592692058 0.943779787 -0.061499634 0.263603447 -0.189764939
1578862476.034485340 -2.601156361 -8.246156692 0.591626432 0.945831090 -0.031482664 0.267382625 -0.181435729
1578862476.167016268 -2.536222449 -8.275950604 0.597617125 0.950121411 0.006223218 0.258199689 -0.174824189
1578862476.265947342 -2.491215013 -8.301222307 0.607711576 0.953274633 0.031345524 0.248640674 -0.168709059
1578862476.430210829 -2.416554558 -8.292087978 0.617123661 0.954463289 0.066405973 0.250471620 -0.147831136
1578862476.594474554 -2.349740895 -8.298349265 0.632845525 0.955550220 0.103279232 0.237995500 -0.140054704
1578862476.727005005 -2.289139523 -8.295678908 0.646977358 0.954774549 0.128137294 0.235548919 -0.128464394
1578862476.825936556 -2.171860354 -8.299963572 0.643126626 0.954928293 0.145785031 0.229471732 -0.119169647
1578862476.956600904 -2.155870924 -8.290534106 0.658019177 0.956586021 0.168548640 0.209574646 -0.112307652
1578862477.055537462 -2.130859292 -8.314322891 0.667492963 0.956847422 0.183688168 0.196500772 -0.109950513
1578862477.188062906 -2.123803012 -8.258093836 0.692647475 0.958185530 0.196766664 0.190397877 -0.083138553
1578862477.286994457 -2.057771201 -8.236916416 0.696166248 0.956920091 0.209613698 0.184837720 -0.078746773
1578862477.451258183 -2.037558941 -8.221416303 0.716337423 0.956101094 0.226757549 0.168677910 -0.077456269
1578862477.615521669 -2.035310272 -8.204529484 0.731470925 0.955348619 0.240458485 0.161407931 -0.058619218
1578862477.748052120 -1.984368080 -8.169809696 0.739289443 0.955100929 0.251993647 0.144774609 -0.057634460
1578862477.846983910 -2.025772901 -8.191131467 0.758879428 0.956091520 0.259533539 0.124822306 -0.054320709
1578862478.076579332 -1.923094862 -8.129163620 0.771234302 0.952616023 0.278190438 0.116102519 -0.040657084
1578862478.143777847 -1.899339795 -8.134150264 0.780087914 0.951618745 0.284383147 0.107924286 -0.043592879
1578862478.274442196 -2.000492656 -8.200615183 0.797893947 0.950685467 0.292643369 0.093314652 -0.043004379
1578862478.537640095 -1.943361685 -8.167432806 0.807178518 0.948240719 0.308160184 0.070956324 -0.029017916
1578862478.769099474 -1.857058403 -8.112269473 0.824874526 0.947767086 0.315054892 0.046737412 -0.017134173
1578862478.998695135 -1.859058235 -8.127617528 0.833822357 0.945371500 0.324626316 0.022969304 -0.019049775
1578862479.230157137 -1.776089025 -8.074558124 0.835975323 0.942741946 0.333253532 0.009184287 -0.009765014
1578862479.394420624 -1.708113883 -8.037130705 0.839075326 0.940698396 0.338854008 -0.011996474 -0.010980620
1578862479.691214800 -1.634054714 -8.003936484 0.840000266 0.936887227 0.347914781 -0.034535666 0.002217352
1578862479.954410076 -1.523150741 -7.942918184 0.834289740 0.935620289 0.349154390 -0.050783035 0.011268091
1578862480.185872316 -1.405475263 -7.876427048 0.819977379 0.934071168 0.349732339 -0.070171791 0.016560942
1578862480.514399052 -1.343541408 -7.851263448 0.817055297 0.931113177 0.352983151 -0.088108086 0.025847870
1578862480.712261915 -1.203861923 -7.779246373 0.799974513 0.930128097 0.352775901 -0.097810881 0.029050294
1578862480.876525640 -1.159386460 -7.759062393 0.793864550 0.928590303 0.354939091 -0.103291177 0.032698997
1578862481.107988119 -1.049363961 -7.702424653 0.785596769 0.928682127 0.354070178 -0.106110697 0.030402913
1578862481.206919432 -1.013658402 -7.683881347 0.777276100 0.929169665 0.355347740 -0.098203221 0.026978604
1578862481.371182680 -0.948807860 -7.652509870 0.768131600 0.929683082 0.356693689 -0.091037137 0.013085072
1578862481.733309269 -0.824826051 -7.579319477 0.759807455 0.932159861 0.356075188 -0.065333485 -0.004470917
1578862481.897572756 -0.771268139 -7.543992450 0.765931364 0.933806636 0.353605400 -0.052558581 -0.014352113
1578862482.063702822 -0.710857229 -7.503043763 0.758866530 0.934903095 0.352584673 -0.031353946 -0.025635538
1578862482.293298244 -0.626109019 -7.446105821 0.772386583 0.935299432 0.351129200 -0.023195267 -0.037218781
1578862482.457561970 -0.564505254 -7.402307127 0.772685677 0.934826360 0.352362325 -0.005323958 -0.043727843
1578862482.590092421 -0.517410225 -7.370152223 0.782683231 0.934019128 0.353453058 -0.000944485 -0.051752421
1578862482.754355907 -0.455406384 -7.324346039 0.794571899 0.933848447 0.352266468 0.021480262 -0.058086250
1578862482.853287458 -0.417077852 -7.294463608 0.797882943 0.933193845 0.352429827 0.032727753 -0.062220239
1578862483.051150322 -0.345764360 -7.237677125 0.822153029 0.932652298 0.351575271 0.040153708 -0.070300784
1578862483.150081635 -0.311698873 -7.207093074 0.834209814 0.932970000 0.350608088 0.044160558 -0.068489367
1578862483.249013186 -0.276445369 -7.174002700 0.842288943 0.932565856 0.351366209 0.044184697 -0.070074423
1578862483.413276911 -0.220967438 -7.121211045 0.866815383 0.932360280 0.352370110 0.035789176 -0.072517228
1578862483.545807838 -0.176106952 -7.077598038 0.884941139 0.932725329 0.352142826 0.035258163 -0.069106821
1578862483.939666748 -0.043577882 -6.937481342 0.934071081 0.932779146 0.353797496 0.017988500 -0.066534283
1578862484.072197676 0.003089857 -6.882919553 0.942537651 0.932870782 0.354226448 0.026485206 -0.059785127
1578862484.171128750 0.035078836 -6.849279105 0.953696270 0.932786451 0.352845573 0.026275791 -0.068695126
1578862484.335392475 0.074500429 -6.788434014 0.971137602 0.936353268 0.342740053 0.019412071 -0.073450565
1578862484.467923403 0.108585892 -6.731814988 0.982057465 0.942614763 0.327626341 0.020029309 -0.061132780
1578862484.632186890 0.146570558 -6.662219267 0.999854633 0.949521830 0.303819346 0.012523247 -0.077105565
1578862484.796450138 0.182545538 -6.592627170 1.012865259 0.959450527 0.272602781 0.024184557 -0.067509386
1578862484.895381689 0.201592258 -6.548942978 1.018460709 0.965211454 0.251571353 0.033520325 -0.062889514
1578862484.960714102 0.215784285 -6.521754901 1.024311824 0.968691265 0.235246996 0.039401037 -0.068874100
1578862485.192176342 0.253593283 -6.433788415 1.046993259 0.982605828 0.167486115 0.065948478 -0.045661649
1578862485.356445551 0.291387218 -6.359727101 1.063267068 0.988791819 0.120439684 0.068650865 -0.055426349
1578862485.488970280 0.307458149 -6.301374861 1.079339802 0.992693450 0.081510808 0.063170085 -0.062651764
1578862485.653233528 0.347296435 -6.252528656 1.094752681 0.995995800 0.029698553 0.061582351 -0.057601880
1578862485.817497015 0.382624309 -6.174675161 1.111725316 0.995741264 -0.022233899 0.060357350 -0.066045281
1578862485.884696007 0.397847150 -6.156455005 1.120118427 0.995181669 -0.044123930 0.063710645 -0.060062280
1578862485.950027943 0.418624749 -6.192024273 1.122610971 0.994091204 -0.063184720 0.061446002 -0.063362111
1578862486.114291430 0.468539076 -6.165100292 1.132898452 0.990072865 -0.105988627 0.050004724 -0.077599363
1578862486.213223219 0.481552452 -6.058200214 1.152291780 0.985593518 -0.131890974 0.058632984 -0.088160992
1578862486.377486706 0.546580032 -6.047013241 1.170951710 0.977727025 -0.175976087 0.055613700 -0.099946976
1578862486.444685221 0.590750755 -6.014425331 1.178423344 0.974046312 -0.195683131 0.049453580 -0.102451153
1578862486.608948946 0.635790660 -5.989603312 1.194309520 0.958099060 -0.242807121 0.052803870 -0.142487349
1578862486.773212194 0.704732954 -5.971289194 1.213951637 0.939862349 -0.293172700 0.047063252 -0.168800423
1578862486.872143745 0.756812178 -5.962287926 1.224092347 0.927901892 -0.325132334 0.040728218 -0.177843348
1578862486.971075296 0.777573445 -5.958137704 1.232875454 0.911261467 -0.356923811 0.046209880 -0.200181367
1578862487.168937922 0.796283241 -5.936728301 1.251242975 0.877264536 -0.420723370 0.060939646 -0.222901636
1578862487.333201647 0.856151961 -5.942881797 1.263405016 0.846699144 -0.475124678 0.066278226 -0.230139732
1578862487.465732336 0.873112325 -5.934872718 1.280861963 0.820204056 -0.510878680 0.067942600 -0.248298377
1578862487.629996061 0.924554853 -5.970746762 1.299000036 0.787198761 -0.556162091 0.054517815 -0.260824936
1578862487.794259548 0.952993304 -5.982977499 1.314777032 0.749066985 -0.597356197 0.052646072 -0.281589448
1578862488.025721788 1.014019973 -6.051537006 1.331225693 0.696523600 -0.660686515 0.037760325 -0.277348808
1578862488.255316973 1.063000726 -6.088517239 1.343260691 -0.647125560 0.710336658 -0.024821999 0.275743014
1578862488.486779213 1.101667631 -6.165212416 1.337890867 -0.602997708 0.748052696 -0.016792002 0.276638677
1578862488.651042938 1.117686311 -6.211069635 1.338464565 -0.575250067 0.769403523 -0.008969083 0.277534024
1578862488.947837353 1.148950072 -6.290035816 1.315753241 -0.529360635 0.805675479 -0.005467266 0.265771424
1578862489.177432537 1.156550978 -6.380614777 1.299013063 -0.496616524 0.827601493 0.005646777 0.261564355
1578862489.408895016 1.136226286 -6.497560504 1.269856487 -0.468147980 0.840491623 0.014739377 0.272385850
1578862489.573158503 1.114248364 -6.577477363 1.247141338 -0.452447248 0.850211491 0.020860496 0.268322096
1578862489.869952917 1.060002771 -6.721200876 1.193472393 -0.429639142 0.868393244 0.014753689 0.247155236
1578862490.133147717 1.008933863 -6.826593794 1.147856740 -0.415142360 0.883673592 0.005169216 0.216219990
1578862490.297411203 0.962572042 -6.901518007 1.125115757 -0.405578143 0.893947652 -0.001207391 0.190689559
1578862490.364609957 0.955057164 -6.923999100 1.118882791 -0.401262043 0.898976099 -0.001098255 0.175583428
1578862490.693136692 0.884007125 -7.044218259 1.085137722 -0.386136549 0.913742353 -0.013413471 0.125672415
1578862490.890999556 0.834429425 -7.117435340 1.066611579 -0.379787820 0.919122142 -0.019603609 0.102914516
1578862491.055263519 0.786647764 -7.178514848 1.067013191 -0.375149068 0.921792191 -0.016711415 0.096348646
1578862491.154194593 0.762403428 -7.215409193 1.066049063 -0.371834859 0.924108523 -0.012992925 0.087140457
1578862491.385656834 0.694349371 -7.299493711 1.056810321 -0.367561850 0.926636346 -0.024364290 0.075164825
1578862491.549920321 0.647137404 -7.359319851 1.061532322 -0.361981250 0.929323261 -0.021954307 0.069612205
1578862491.714184046 0.596796565 -7.415485651 1.054992863 -0.358768355 0.930882619 -0.028736087 0.062586380
1578862491.846714497 0.558839849 -7.457665853 1.060770149 -0.355371163 0.932354614 -0.030678354 0.059034297
1578862492.109909773 0.474472208 -7.544086910 1.055497900 -0.351303309 0.935127124 -0.034605380 0.030425550
1578862492.242440462 0.433284804 -7.582603758 1.063443316 -0.350035222 0.935645646 -0.036314710 0.026903740
1578862492.373104811 0.394025654 -7.621517120 1.067559811 -0.347575402 0.936862505 -0.035056194 0.015844560
1578862492.472035885 0.357939603 -7.650261355 1.066612149 -0.347552697 0.936845299 -0.037604597 0.010672558
1578862492.768830299 0.266635862 -7.729327249 1.082437204 -0.341449453 0.938705697 -0.045080527 -0.014547541
1578862492.933093786 0.210623263 -7.771936042 1.086013162 -0.339803739 0.938486696 -0.054097716 -0.029147529
1578862493.032025099 0.178769980 -7.793380066 1.096661589 -0.338244037 0.938704967 -0.057510950 -0.033413293
1578862493.130962610 0.148294259 -7.814783566 1.104518824 -0.335636172 0.939000426 -0.058670326 -0.046737069
1578862493.328819752 0.084266198 -7.857800304 1.108969676 -0.334978771 0.936851472 -0.069215460 -0.072854395
1578862493.592014551 0.003772443 -7.905265005 1.139961849 -0.335205167 0.937101557 -0.065507413 -0.072020463
1578862493.789877176 -0.064017719 -7.939752294 1.162187720 -0.337881124 0.937079617 -0.067158778 -0.056637762
1578862493.954140902 -0.116400884 -7.968688587 1.182189706 -0.337680499 0.937612942 -0.063082459 -0.053613949
1578862494.152003765 -0.186286161 -8.003957005 1.196273245 -0.339802876 0.936871363 -0.067824044 -0.046967594
1578862494.448798180 -0.294686396 -8.054488534 1.228798461 -0.339715637 0.937402057 -0.067650949 -0.035972465
1578862494.613061666 -0.358557246 -8.080763900 1.248977488 -0.339486996 0.937474748 -0.071668307 -0.027446865
1578862494.745592594 -0.409641320 -8.101869638 1.260297767 -0.336532857 0.937850945 -0.074009432 -0.041277667
1578862494.909855843 -0.479450321 -8.128806964 1.265914316 -0.334008457 0.936822866 -0.082079351 -0.063751459
1578862495.008787155 -0.513213766 -8.141055602 1.277276284 -0.332339115 0.936720646 -0.084656883 -0.070273446
1578862495.469845057 -0.682660443 -8.204243545 1.336694375 -0.330316522 0.938875774 -0.075637281 -0.060681775
1578862495.634108782 -0.744264522 -8.230431014 1.351512263 -0.331748538 0.939331016 -0.067974108 -0.054586356
1578862495.831971407 -0.824150858 -8.263289658 1.381301613 -0.333842841 0.940380226 -0.058893467 -0.027668538
1578862495.996235132 -0.886487894 -8.290283225 1.391518374 -0.333624436 0.941161515 -0.048839347 -0.022901020
1578862496.293029308 -0.998770830 -8.354946517 1.411696485 -0.337405436 0.940373338 -0.043073182 0.000507064
1578862496.391960859 -1.055134411 -8.369109753 1.413527818 -0.348446762 0.935751177 -0.053156322 0.011357513
1578862496.556224108 -1.128994498 -8.387960670 1.411219044 -0.370206663 0.927737776 -0.043727097 0.018373541
1578862496.787686348 -1.228851037 -8.418863213 1.409417790 -0.412486427 0.910338725 -0.030185427 0.015072942
1578862496.951949596 -1.302142539 -8.435749707 1.397389900 -0.448779890 0.893302527 -0.024494975 0.002683593
1578862497.050881624 -1.326671709 -8.447588570 1.397930448 -0.470837232 0.882200601 -0.002713998 -0.005199442
1578862497.248744488 -1.403818708 -8.490759436 1.397893455 -0.521382747 0.853272761 -0.009116441 -0.001586396
1578862497.347675800 -1.454570404 -8.514794181 1.401729266 -0.547036746 0.837001356 -0.012808958 -0.003931811
1578862497.644469738 -1.581632404 -8.592722598 1.406959195 -0.622411040 0.782343550 -0.021931913 -0.007877767
1578862497.808733463 -1.637618939 -8.635704728 1.415198293 -0.662831690 0.748657424 -0.012282613 -0.003917900
1578862497.907665014 -1.674887900 -8.667294454 1.422108057 -0.684449722 0.729048580 -0.004066119 -0.000461775
1578862498.038335323 -1.711173839 -8.704838593 1.427236390 0.708601075 -0.705381863 -0.017508623 -0.003793675
1578862498.204459190 -1.757211973 -8.761826825 1.440689273 0.735076447 -0.675182606 -0.061170016 0.007020992
1578862498.434054852 -1.819092598 -8.857721298 1.451077752 0.777854444 -0.614032379 -0.120528775 0.058133604
1578862498.598318338 -1.843861633 -8.933234442 1.455097193 0.807257122 -0.560717888 -0.149292784 0.107902985
1578862498.730848789 -1.870284832 -9.010466472 1.460167440 0.828015303 -0.522116444 -0.153042313 0.135510619
1578862498.895112276 -1.877994287 -9.080844331 1.463049306 0.856387686 -0.470375067 -0.142470379 0.158270716
1578862498.994050264 -1.874929187 -9.124763190 1.469062051 0.869332692 -0.435294186 -0.143988684 0.184518022
1578862499.126574755 -1.861846078 -9.166758450 1.477541161 0.887402557 -0.391374966 -0.131742481 0.204905482
1578862499.225506067 -1.858506312 -9.224531626 1.485353766 0.907053646 -0.356524571 -0.115784458 0.191671260
1578862499.356170177 -1.850577984 -9.288924103 1.499842878 0.925009650 -0.310460415 -0.111301506 0.188635766
1578862499.455101967 -1.818852094 -9.348877872 1.511614261 0.931731111 -0.282360939 -0.120096480 0.194232521
1578862499.587632179 -1.784891372 -9.358972870 1.524114884 0.944971037 -0.247944932 -0.119149462 0.177077541
1578862499.751895905 -1.756738038 -9.418071878 1.539777735 0.956341443 -0.200390373 -0.122572682 0.173869721
1578862499.916159630 -1.711968035 -9.493047656 1.553836204 0.967369685 -0.151209752 -0.119708163 0.164321209
1578862500.015090942 -1.708652068 -9.508900816 1.557858400 0.973539679 -0.121375704 -0.115313933 0.155534973
1578862500.080422878 -1.676544311 -9.528772146 1.561144000 0.975405901 -0.103083287 -0.120132745 0.153379557
1578862500.311884880 -1.642257662 -9.584030164 1.575192334 0.985590654 -0.036362228 -0.107953806 0.125039305
1578862500.476151943 -1.583834205 -9.627079168 1.575348197 0.988815171 0.005857460 -0.100403153 0.110133802
1578862500.608679295 -1.555824121 -9.650177409 1.582027902 0.990795511 0.034036922 -0.098439024 0.086460987
1578862500.772943020 -1.496452690 -9.675629336 1.585067894 0.991289732 0.065877273 -0.088127768 0.072376437
1578862501.004405022 -1.402658545 -9.707659762 1.586137527 0.990659967 0.107835397 -0.073749844 0.039055325
1578862501.069737196 -1.384659227 -9.717319186 1.587826827 0.989997030 0.118906520 -0.069486019 0.030640058
1578862501.332932234 -1.279803649 -9.737314825 1.584404788 0.985624452 0.158377666 -0.057768224 0.011125969
1578862501.728657961 -1.150988810 -9.737399559 1.593608532 0.975258646 0.201954805 -0.089838300 0.003729725
1578862501.892921448 -1.084434390 -9.727544928 1.595638172 0.973096886 0.215890284 -0.080116944 -0.007423653
1578862501.991852999 -1.062576402 -9.721892787 1.586679065 0.972312542 0.224392140 -0.064352832 -0.010733166
1578862502.189715862 -0.990970696 -9.709269535 1.576793565 0.968939921 0.240625420 -0.047724783 -0.031259894
1578862502.288647175 -0.968374405 -9.702162537 1.577740434 0.967672473 0.245925248 -0.044401501 -0.034047967
1578862502.585441351 -0.863610780 -9.666515457 1.577813652 0.963147578 0.263213938 -0.038452291 -0.039831985
1578862502.749704599 -0.819947398 -9.646473543 1.581966722 0.961593416 0.269854796 -0.031657582 -0.038913862
1578862502.913968086 -0.755079414 -9.619814835 1.581321445 0.959047135 0.279035839 -0.024448344 -0.042069847
1578862503.046499252 -0.710261137 -9.599296854 1.588498346 0.957209853 0.284477656 -0.019881459 -0.049259391
1578862503.145430326 -0.677618434 -9.580110917 1.591186861 0.956617953 0.287370539 -0.010821120 -0.046724400
1578862503.375026226 -0.583825860 -9.531569177 1.596140733 0.953463262 0.295866492 0.000244230 -0.058058310
1578862503.572888613 -0.515821081 -9.491600010 1.608821885 0.952362699 0.298898382 0.015871501 -0.058422104
1578862503.671820402 -0.471676120 -9.465715545 1.608116335 0.950803434 0.301925048 0.027299859 -0.063787245
1578862503.836083889 -0.415018204 -9.431248682 1.622918711 0.949155083 0.306227728 0.025030161 -0.068576221
1578862504.067545652 -0.323347204 -9.370152410 1.639708582 0.947831530 0.311946835 0.022427792 -0.061656770
1578862504.297141552 -0.239546271 -9.317043117 1.665790374 0.946412184 0.317976221 0.008420777 -0.055894477
1578862504.396072865 -0.211167659 -9.298938221 1.665438640 0.945617598 0.320587141 0.012681769 -0.053576261
1578862504.528603792 -0.145654964 -9.251611222 1.672083103 0.944044611 0.323905677 0.019398257 -0.059064302
1578862504.692867041 -0.090705631 -9.207258497 1.688402002 0.943489107 0.325418857 0.016809336 -0.060401316
1578862504.857132196 -0.046993311 -9.169292607 1.690006560 0.942927761 0.327518463 0.017671981 -0.057502997
1578862505.088592529 0.046930614 -9.095535241 1.714251061 0.942626562 0.328613121 0.006812540 -0.058499319
1578862505.187524319 0.083999422 -9.061728194 1.715880579 0.942710635 0.328267078 0.016424951 -0.057162961
1578862505.351787567 0.130683008 -9.020387220 1.718293857 0.941773430 0.329707555 0.019115665 -0.063169026
1578862505.450719357 0.171542019 -8.987989433 1.730784598 0.941834348 0.329316514 0.019314681 -0.064231126
1578862505.549650669 0.195708872 -8.964567962 1.735540620 0.942101223 0.328369428 0.027035111 -0.062353087
1578862505.713913918 0.260600058 -8.910383518 1.741387171 0.941110423 0.330133926 0.035481803 -0.063747983
1578862505.878177404 0.313660396 -8.858821355 1.759176782 0.941353315 0.328936748 0.041562214 -0.062666857
1578862506.010708094 0.345898091 -8.825811479 1.762923018 0.940836468 0.328602344 0.055689139 -0.061204245
1578862506.273902893 0.431329877 -8.739121655 1.790296343 0.940232586 0.328161433 0.065210502 -0.063406223
1578862506.406433821 0.474732056 -8.692110486 1.800955838 0.939588836 0.327497160 0.077589061 -0.062436910
1578862506.505365133 0.508346160 -8.658723207 1.809261940 0.938747509 0.328391087 0.081840155 -0.064919934
1578862506.669628859 0.548113963 -8.611624973 1.832905889 0.938695081 0.327262509 0.084600451 -0.067775795
1578862506.833892107 0.596722553 -8.556627072 1.848714473 0.937531591 0.326696249 0.097924094 -0.068665480
1578862507.031755209 0.658394401 -8.491223912 1.880541614 0.936587597 0.327583529 0.101895930 -0.071483728
1578862507.196018457 0.699488808 -8.443277725 1.900203651 0.935536711 0.326806954 0.114438549 -0.069800397
1578862507.294956207 0.733922387 -8.409233172 1.912218129 0.934260199 0.328310685 0.119079123 -0.072042607
1578862507.427480698 0.771207721 -8.368846584 1.937430931 0.933822372 0.328637543 0.120787889 -0.073371854
1578862507.526412249 0.792000361 -8.341272222 1.951697491 0.933483544 0.327570022 0.127132457 -0.071719536
1578862507.690675974 0.842582372 -8.285550457 1.972109921 0.931014487 0.329254492 0.138557014 -0.074869609
1578862507.823206425 0.881005664 -8.241516912 1.999802198 0.930199353 0.329949636 0.140709960 -0.077865965
1578862508.052801847 0.938840602 -8.169197825 2.032298975 0.927357901 0.330229529 0.156815829 -0.079778299
1578862508.151733637 0.969242380 -8.135688627 2.050942284 0.926144308 0.331830452 0.158479836 -0.083841599
1578862508.349596500 1.021126966 -8.075773656 2.090204765 0.924682114 0.332168493 0.163152823 -0.089488755
1578862508.448527575 1.046967037 -8.043901869 2.104909322 0.923547739 0.332777149 0.166774881 -0.092223000
1578862508.711722374 1.115081421 -7.969133715 2.153661092 0.921684116 0.334120299 0.170809309 -0.098418476
1578862508.844253302 1.146177384 -7.934180607 2.171513381 0.920180466 0.334527752 0.177328293 -0.099567916
1578862509.008516788 1.183289123 -7.893048639 2.196752027 0.918676056 0.335778037 0.179864210 -0.104576672
